dateCrawled,name,seller,offerType,price,abtest,vehicleType,yearOfRegistration,gearbox,powerPS,model,kilometer,monthOfRegistration,fuelType,brand,notRepairedDamage,dateCreated,postalCode,lastSeen,yearOfCreation,yearCrawled,monthOfCreation,monthCrawled,yearsOld,monthsOld
2016-03-24 12:39:51,SEAT_ALHAMBRA_1_9TDI_unfallfrei_AHK__1.ter_Hand__12_Jahre,privat,Offer,3650,test,bus,2003,manuell,116,alhambra,150000,Dec,Diesel,seat,No,2016-03-24 00:00:00,87779,2016-04-01 06:18:14,2016,2016,March,March,13,0
2016-03-05 23:50:59,Seat_Alhambra_1.9_Signo,privat,Offer,0,test,bus,2001,manuell,116,alhambra,150000,Oct,Diesel,seat,No,2016-03-05 00:00:00,57577,2016-03-07 17:31:08,2016,2016,March,March,15,2
2016-03-13 11:38:20,Seat_Altea_1.9_TDI_Stylance,privat,Offer,4800,control,bus,2006,manuell,105,altea,150000,May,Diesel,seat,No,2016-03-13 00:00:00,74172,2016-04-06 15:17:17,2016,2016,March,March,10,7
2016-03-11 17:52:58,Seat_Alhambra__Baugleich_VW_Sharan_7_Sitzer_Klimaautomatik,privat,Offer,3999,control,bus,2005,manuell,131,alhambra,150000,Jan,Diesel,seat,No,2016-03-11 00:00:00,33100,2016-03-12 08:15:38,2016,2016,March,March,11,11
2016-03-22 11:56:45,Seat_Altea_1.6_TÜV_auf_Wunsch_Neu,privat,Offer,3350,control,bus,2005,manuell,102,altea,150000,Dec,Gasoline,seat,No,2016-03-22 00:00:00,59556,2016-04-06 00:16:22,2016,2016,March,March,11,0
2016-03-12 12:38:54,Seat_Altea_1.9_TDI_Sport_Edition,privat,Offer,5500,test,bus,2006,manuell,105,altea,150000,Dec,Diesel,seat,No,2016-03-12 00:00:00,36041,2016-03-21 12:45:51,2016,2016,March,March,10,0
2016-03-19 11:45:06,Seat_Alhambra_1.9_TDI_Signo,privat,Offer,3700,test,bus,2003,manuell,116,alhambra,150000,Apr,Diesel,seat,No,2016-03-19 00:00:00,46499,2016-04-06 13:45:40,2016,2016,March,March,13,8
2016-04-03 19:06:56,Seat_Altea_2.0_TDI_Stylance_+_Vollausstattung_TOP,privat,Offer,3990,test,bus,2004,manuell,140,altea,150000,Dec,Diesel,seat,No,2016-04-03 00:00:00,65929,2016-04-07 07:15:48,2016,2016,April,April,12,0
2016-03-27 22:57:41,Seat_Altea_1.4_TSI_Style__125_PS__+_4_Winterraeder,privat,Offer,8290,test,bus,2010,manuell,125,altea,100000,May,Gasoline,seat,No,2016-03-27 00:00:00,34225,2016-04-06 02:46:44,2016,2016,March,March,6,7
2016-03-25 17:44:12,SEAT_ALHAMBRA_1.9TDI_FAST_VOLLAUSTATUNG,privat,Offer,1500,test,bus,2002,automatik,116,Other,150000,Jan,Diesel,seat,Yes,2016-03-25 00:00:00,30167,2016-03-27 05:15:43,2016,2016,March,March,14,11
2016-03-10 17:53:59,Seat_Alhambra_1.8_20V_Turbo_Signo_7_Stitzer_TÜV_NEU,privat,Offer,4799,control,bus,2003,manuell,150,alhambra,150000,Mar,Gasoline,seat,No,2016-03-10 00:00:00,45527,2016-04-05 19:45:53,2016,2016,March,March,13,9
2016-03-12 21:57:36,Seat_Altea_2.0_TDI_Stylance,privat,Offer,3850,test,bus,2005,manuell,140,altea,150000,Feb,Diesel,seat,No,2016-03-12 00:00:00,67166,2016-03-23 16:49:33,2016,2016,March,March,11,10
2016-03-08 12:38:00,Seat_Algambra_Bj._97,privat,Offer,1000,test,bus,1997,manuell,115,alhambra,150000,Jul,Gasoline,seat,Other,2016-03-08 00:00:00,37154,2016-03-11 02:44:14,2016,2016,March,March,19,5
2016-03-11 12:37:01,Seat_Alhambra_1.9_TD?,privat,Offer,2400,test,bus,2002,manuell,116,alhambra,150000,Nov,Diesel,seat,No,2016-03-11 00:00:00,31224,2016-03-11 13:43:34,2016,2016,March,March,14,1
2016-03-31 22:52:59,Seat_Alhambra_2.0_TDI_DPF_Vigo,privat,Offer,6400,test,bus,2009,manuell,140,alhambra,150000,Mar,Diesel,seat,No,2016-03-31 00:00:00,47546,2016-04-06 20:48:09,2016,2016,March,March,7,9
2016-03-19 21:56:42,Seat_Altea_1.6_Reference__Scheckheft__Garantie,privat,Offer,5990,control,bus,2005,manuell,102,altea,90000,May,Gasoline,seat,No,2016-03-19 00:00:00,74074,2016-04-03 12:49:34,2016,2016,March,March,11,7
2016-03-10 10:56:33,Seat_Altea_2.0_TDI_Sport_Edition,privat,Offer,4950,test,bus,2005,manuell,140,altea,150000,Oct,Diesel,seat,No,2016-03-10 00:00:00,46414,2016-03-12 14:45:33,2016,2016,March,March,11,2
2016-03-08 14:54:53,Seat_Alhambra_1.9_Signo,privat,Offer,3300,test,bus,2001,manuell,116,alhambra,150000,Oct,Diesel,seat,No,2016-03-08 00:00:00,57610,2016-03-09 13:41:37,2016,2016,March,March,15,2
2016-03-15 16:39:17,Seat_Alhambra_1.9_TDI_Basis,privat,Offer,900,control,bus,1999,manuell,90,alhambra,150000,May,Diesel,seat,No,2016-03-15 00:00:00,33818,2016-03-15 16:39:17,2016,2016,March,March,17,7
2016-03-24 12:54:47,Seat_Alhambra_2.0_Benzin/Gas,privat,Offer,1000,test,bus,1999,manuell,115,alhambra,150000,Jan,,seat,Other,2016-03-24 00:00:00,19079,2016-04-07 03:46:41,2016,2016,March,March,17,11
2016-03-12 16:43:32,Seat_Altea_2.0_FSI_Stylance,privat,Offer,4999,control,bus,2004,manuell,150,altea,150000,Nov,Gasoline,seat,No,2016-03-12 00:00:00,6179,2016-04-07 06:15:55,2016,2016,March,March,12,1
2016-03-14 10:55:13,SEAT_Altea_1_9_TDI_5P_Reference_!_Letzte_Cance_!,privat,Offer,3500,control,bus,2004,manuell,105,altea,150000,Apr,Diesel,seat,No,2016-03-14 00:00:00,26919,2016-03-14 10:55:13,2016,2016,March,March,12,8
2016-03-09 23:58:12,Seat_Alhambra_1.8_20V_Turbo_Exclusiv,privat,Offer,1000,test,bus,1999,manuell,150,alhambra,150000,Mar,Gasoline,seat,No,2016-03-09 00:00:00,24837,2016-03-14 17:46:43,2016,2016,March,March,17,9
2016-04-03 18:56:36,Seat_Altea_2.0_TDI_Stylance_+_Vollausstattung_TOP,privat,Offer,4199,control,bus,2004,manuell,140,altea,150000,Dec,Diesel,seat,No,2016-04-03 00:00:00,65929,2016-04-05 19:19:29,2016,2016,April,April,12,0
2016-03-11 17:41:35,Seat_Altea_1.6_TDI_DPF_CR_Reference_Copa,privat,Offer,12350,control,bus,2013,manuell,105,altea,40000,Jan,Diesel,seat,No,2016-03-11 00:00:00,54317,2016-04-05 17:21:29,2016,2016,March,March,3,11
2016-03-20 18:50:49,Seat_Alhambra_1.9_TDI_Stella,privat,Offer,1100,test,bus,1999,manuell,90,alhambra,150000,Sep,Diesel,seat,No,2016-03-20 00:00:00,21397,2016-03-20 18:50:49,2016,2016,March,March,17,3
2016-03-25 10:44:51,Seat__Alhambra,privat,Offer,3000,test,bus,2001,manuell,115,alhambra,150000,Aug,Diesel,seat,No,2016-03-25 00:00:00,89346,2016-04-04 09:16:33,2016,2016,March,March,15,4
2016-04-01 20:50:04,Seat_Altea_1.6_Reference,privat,Offer,5350,test,bus,2006,manuell,102,altea,90000,Jan,Gasoline,seat,No,2016-04-01 00:00:00,28207,2016-04-05 18:18:44,2016,2016,April,April,10,11
2016-04-04 21:46:54,Seat_Altea_1.4_TSI_XL_Stylance,privat,Offer,7500,test,bus,2008,manuell,125,altea,90000,Apr,Gasoline,seat,No,2016-04-04 00:00:00,97453,2016-04-07 00:17:46,2016,2016,April,April,8,8
2016-03-10 10:54:30,Seat_Alhambra_1.9_TDI_Kids,privat,Offer,4699,test,bus,2003,manuell,116,alhambra,150000,Jul,Diesel,seat,No,2016-03-10 00:00:00,47669,2016-04-02 20:46:49,2016,2016,March,March,13,5
2016-03-22 20:44:34,Voll_funktionsfaehigen_Seat_Alhambra_1.9_tdi,privat,Offer,2999,control,bus,2002,manuell,116,alhambra,150000,Jul,Diesel,seat,No,2016-03-22 00:00:00,94336,2016-03-22 20:44:34,2016,2016,March,March,14,5
2016-03-08 08:56:24,Seat_Alhambra_1.9_TDI,privat,Offer,2990,test,bus,2004,Unspecified,116,alhambra,150000,Feb,Diesel,seat,No,2016-03-08 00:00:00,67661,2016-03-08 15:21:10,2016,2016,March,March,12,10
2016-04-04 21:41:35,Seat_Altea_1.6,privat,Offer,4500,test,bus,2005,manuell,102,altea,125000,Apr,Gasoline,seat,No,2016-04-04 00:00:00,66606,2016-04-07 00:15:40,2016,2016,April,April,11,8
2016-03-10 13:25:23,Seat_Alhambra_1.9_TDI_Allrad_Signo_4x4__euro_3,privat,Offer,2490,test,bus,2004,manuell,116,alhambra,150000,Sep,Diesel,seat,No,2016-03-10 00:00:00,55481,2016-03-10 13:25:23,2016,2016,March,March,12,3
2016-03-14 23:25:25,SEAT_ALHAMBRA_131PS__GUTER_ZUSTAND_,privat,Offer,6999,control,bus,2003,manuell,131,alhambra,150000,Mar,Diesel,seat,No,2016-03-14 00:00:00,56575,2016-04-07 00:45:47,2016,2016,March,March,13,9
2016-04-05 07:36:17,Seat_Alhambra_VW_Sharan,privat,Offer,3500,test,bus,2002,manuell,116,Other,150000,May,,seat,No,2016-04-05 00:00:00,39517,2016-04-07 12:16:01,2016,2016,April,April,14,7
2016-03-24 15:56:43,Seat_Altea_XL_2.0_TDI_CR_DPF_Style,privat,Offer,12500,test,bus,2012,manuell,140,altea,60000,Mar,Diesel,seat,No,2016-03-24 00:00:00,52388,2016-04-07 08:45:06,2016,2016,March,March,4,9
2016-03-28 11:51:17,Seat_Inca_1.4_MPI_Profi,privat,Offer,2600,control,bus,1996,manuell,60,andere,150000,Dec,Gasoline,seat,No,2016-03-28 00:00:00,23948,2016-04-06 14:17:23,2016,2016,March,March,20,0
2016-03-31 15:53:25,Seat_Altea_1_6,privat,Offer,4250,control,bus,2006,manuell,102,altea,150000,Nov,Gasoline,seat,Other,2016-03-31 00:00:00,27419,2016-04-06 09:46:59,2016,2016,March,March,10,1
2016-03-06 15:49:29,Seat_Altea_2.0_FSI_Sport_Edition,privat,Offer,5250,test,bus,2006,manuell,150,altea,150000,Apr,Gasoline,seat,No,2016-03-06 00:00:00,77815,2016-04-06 20:45:45,2016,2016,March,March,10,8
2016-03-22 14:39:09,Seat_sport_style,privat,Offer,5000,control,bus,2006,manuell,140,altea,150000,Mar,Diesel,seat,No,2016-03-22 00:00:00,41469,2016-04-06 03:17:26,2016,2016,March,March,10,9
2016-04-03 15:47:13,Seat_Altea_XL_1_9_TDI_Reference_unfallfrei,privat,Offer,5500,test,bus,2007,manuell,105,altea,125000,Jan,Diesel,seat,Other,2016-04-03 00:00:00,51645,2016-04-03 15:47:13,2016,2016,April,April,9,11
2016-03-14 09:53:13,Seat_Alhambra_2.0_TDI_PDF_7_Sitzer_AHK_PDC_Sitzheizung,privat,Offer,6390,control,bus,2006,manuell,140,alhambra,150000,Nov,Diesel,seat,No,2016-03-14 00:00:00,38116,2016-04-07 11:16:57,2016,2016,March,March,10,1
2016-03-15 19:38:23,Seat_Alhambra_2.0_Kids_TÜV_neu,privat,Offer,4700,control,bus,2003,manuell,116,alhambra,80000,Jul,Gasoline,seat,No,2016-03-15 00:00:00,82140,2016-04-06 22:44:25,2016,2016,March,March,13,5
2016-03-11 11:37:02,Seat_Alhambra_1.9_Signo,privat,Offer,3300,control,bus,2001,manuell,116,alhambra,150000,Oct,Diesel,seat,No,2016-03-11 00:00:00,57577,2016-03-12 23:30:47,2016,2016,March,March,15,2
2016-03-24 15:57:05,Seat_Alhambra_1.9_TDI_Tuev_07/17_klima,privat,Offer,900,test,bus,1998,manuell,110,alhambra,150000,Jun,Diesel,seat,No,2016-03-24 00:00:00,95173,2016-03-29 01:16:26,2016,2016,March,March,18,6
2016-03-27 20:52:15,Seat_Altea_1.6_TDI_DPF_CR_DSG_Style_Copa_7_Gang,privat,Offer,11900,control,bus,2011,automatik,105,altea,70000,Mar,Diesel,seat,No,2016-03-27 00:00:00,53879,2016-04-05 20:17:26,2016,2016,March,March,5,9
2016-03-09 16:44:33,Seat_Altea_2.0_TDI__Stylance,privat,Offer,3500,test,bus,2004,manuell,140,altea,150000,Dec,Diesel,seat,No,2016-03-09 00:00:00,49179,2016-04-07 04:46:28,2016,2016,March,March,12,0
2016-04-02 00:58:50,Seat_Alhambra1.9_TDI/1.Hand_6_Gang_7_SitzeTÜV_09/2017,privat,Offer,2700,test,bus,2002,manuell,116,alhambra,150000,Jun,Diesel,seat,No,2016-04-02 00:00:00,8056,2016-04-06 06:15:42,2016,2016,April,April,14,6
2016-03-12 19:00:32,Seat_Alhambra_2.0_TDI_DPF,privat,Offer,8299,test,bus,2008,manuell,140,alhambra,150000,Oct,Diesel,seat,No,2016-03-12 00:00:00,97076,2016-03-26 04:15:30,2016,2016,March,March,8,2
2016-03-17 20:50:48,Seat_Alhambra_2.0_TDI_DPF_Reference,privat,Offer,6789,control,bus,2010,manuell,140,alhambra,150000,Apr,Diesel,seat,No,2016-03-17 00:00:00,89129,2016-03-17 20:50:48,2016,2016,March,March,6,8
2016-03-10 22:42:48,Seat_Altea_1.6_TDI_DPF_CR_Ecomotive_Style,privat,Offer,11490,control,bus,2012,manuell,105,altea,70000,Dec,Diesel,seat,No,2016-03-10 00:00:00,87477,2016-04-07 00:44:27,2016,2016,March,March,4,0
2016-03-29 14:45:39,seat_alhambra,privat,Offer,5900,test,bus,2009,manuell,140,alhambra,150000,Dec,Diesel,seat,Other,2016-03-29 00:00:00,94469,2016-04-06 00:16:18,2016,2016,March,March,7,0
2016-03-16 15:46:18,Seat_Alhambra_2.0i,privat,Offer,1210,test,bus,1996,manuell,116,alhambra,150000,May,Gasoline,seat,No,2016-03-16 00:00:00,91330,2016-04-06 17:16:40,2016,2016,March,March,20,7
2016-03-12 02:36:24,Seat_Alhambra_1.9_TDI_Signo,privat,Offer,2300,control,bus,2000,manuell,110,alhambra,150000,May,Diesel,seat,No,2016-03-12 00:00:00,59590,2016-03-23 16:20:57,2016,2016,March,March,16,7
2016-03-14 00:37:58,Seat_Kids,privat,Offer,5500,control,bus,2005,Unspecified,0,alhambra,150000,Nov,Diesel,seat,No,2016-03-13 00:00:00,81737,2016-04-07 03:17:39,2016,2016,March,March,11,1
2016-03-16 20:51:24,Seat_Altea_1.2_TSI_COPA__Ecomotive__Start_&_Stop,privat,Offer,9395,control,bus,2012,manuell,105,altea,70000,Nov,Gasoline,seat,No,2016-03-16 00:00:00,76344,2016-04-07 07:45:49,2016,2016,March,March,4,1
2016-03-21 20:48:25,Seat_Alhambra_1.9_TDI_Stella,privat,Offer,2300,control,bus,2001,manuell,116,alhambra,150000,Apr,Diesel,seat,No,2016-03-21 00:00:00,73447,2016-04-02 23:19:07,2016,2016,March,March,15,8
2016-04-03 18:56:17,Seat_Inca_1.9_SDI_Profi,privat,Offer,800,control,bus,1999,manuell,64,andere,150000,Dec,Diesel,seat,No,2016-04-03 00:00:00,58730,2016-04-05 19:19:27,2016,2016,April,April,17,0
2016-03-18 20:48:25,Seat_Altea_2.0_TDI_Stylance,privat,Offer,3199,test,bus,2004,manuell,140,altea,150000,Dec,Diesel,seat,No,2016-03-18 00:00:00,60528,2016-04-04 14:18:49,2016,2016,March,March,12,0
2016-03-26 17:47:24,Seat_Alhambra_1.9_TDI_Stella,privat,Offer,4000,control,bus,2003,manuell,116,alhambra,150000,Apr,Diesel,seat,No,2016-03-26 00:00:00,33334,2016-04-06 06:45:38,2016,2016,March,March,13,8
2016-03-29 18:45:28,Seat_Alhambra_2.0_TDI_DPF_Reference,privat,Offer,6500,control,bus,2007,manuell,140,alhambra,150000,Mar,Diesel,seat,No,2016-03-29 00:00:00,73066,2016-03-31 11:47:19,2016,2016,March,March,9,9
2016-03-20 08:53:47,Seat_Altea_1.4_TSI_XL_Sport_Limited,privat,Offer,9480,test,bus,2009,manuell,125,altea,80000,Dec,Gasoline,seat,No,2016-03-20 00:00:00,55595,2016-04-06 05:44:43,2016,2016,March,March,7,0
2016-03-29 13:55:33,Seat_Alhambra_1.9_TDI_Casa_II,privat,Offer,2700,control,bus,2004,manuell,116,alhambra,150000,Sep,Diesel,seat,No,2016-03-29 00:00:00,89231,2016-04-05 23:17:45,2016,2016,March,March,12,3
2016-03-11 07:00:51,Seat_Altea_XL_1.9_TDI_Ambiente,privat,Offer,4900,test,bus,2009,manuell,0,altea,150000,Jan,Diesel,seat,Other,2016-03-11 00:00:00,9488,2016-03-28 08:45:23,2016,2016,March,March,7,11
2016-03-24 09:57:25,Verkaufe_Seat_Alhambra_mit_ATM,privat,Offer,6700,control,bus,2006,manuell,115,alhambra,150000,Apr,Diesel,seat,No,2016-03-24 00:00:00,83301,2016-03-24 09:57:25,2016,2016,March,March,10,8
2016-03-11 19:51:55,Seat_Alhambra_1.9_TDI_Sport,privat,Offer,1900,test,bus,2002,manuell,116,alhambra,150000,Jun,Diesel,seat,No,2016-03-11 00:00:00,59302,2016-03-11 19:51:55,2016,2016,March,March,14,6
2016-03-09 16:53:12,SEAT_ALHAMBRA_1.9_TDI_131PS,privat,Offer,5990,test,bus,2004,manuell,131,alhambra,150000,Apr,,seat,No,2016-03-09 00:00:00,72108,2016-04-07 06:44:22,2016,2016,March,March,12,8
2016-03-26 09:46:12,Seat_Toledo_2.0_TDI_DPF__SR_+_WR__Bremse_+_Öl_NEU,privat,Offer,4200,control,bus,2005,manuell,140,toledo,150000,Dec,Diesel,seat,No,2016-03-26 00:00:00,34289,2016-04-01 22:18:06,2016,2016,March,March,11,0
2016-03-09 15:39:39,Seat_Alhambra_1.9_TDI,privat,Offer,2099,control,bus,2000,manuell,116,alhambra,150000,Sep,Diesel,seat,No,2016-03-09 00:00:00,63150,2016-03-09 15:39:39,2016,2016,March,March,16,3
2016-03-26 15:39:28,Seat_Altea_1.9_TDI_DPF_Stylance,privat,Offer,5600,test,bus,2006,manuell,105,altea,125000,Jun,Diesel,seat,No,2016-03-26 00:00:00,76676,2016-04-04 02:18:12,2016,2016,March,March,10,6
2016-03-24 11:41:11,Seat_Altea_XL_1_4_TSI_guter_Zustand,privat,Offer,5490,test,bus,2008,manuell,125,altea,125000,Aug,Gasoline,seat,Other,2016-03-24 00:00:00,99974,2016-04-07 01:46:55,2016,2016,March,March,8,4
2016-03-07 16:45:57,Seat_Altea_XL_Style_Copa,privat,Offer,13000,control,bus,2013,manuell,105,altea,30000,Dec,Gasoline,seat,No,2016-03-07 00:00:00,63743,2016-04-05 19:17:50,2016,2016,March,March,3,0
2016-03-06 00:58:58,Seat_Alhambra_1.9_TDI_klima_TÜV_8/2016,privat,Offer,1250,control,bus,1997,manuell,90,alhambra,150000,Aug,Diesel,seat,No,2016-03-05 00:00:00,90431,2016-03-12 20:15:39,2016,2016,March,March,19,4
2016-04-03 14:40:19,Seat_Alhambra,privat,Offer,5000,test,bus,2004,manuell,116,alhambra,150000,Jan,Gasoline,seat,No,2016-04-03 00:00:00,15344,2016-04-05 13:18:20,2016,2016,April,April,12,11
2016-03-26 18:44:30,Verkaufe_Seat_Alhambra_mit_ATM,privat,Offer,6500,test,bus,2006,manuell,115,alhambra,150000,Apr,Diesel,seat,No,2016-03-26 00:00:00,83301,2016-03-26 18:44:30,2016,2016,March,March,10,8
2016-03-08 14:47:34,Seat_Altea_1.6_Reference_Comfort,privat,Offer,6500,test,bus,2008,manuell,102,altea,80000,Jul,Gasoline,seat,No,2016-03-08 00:00:00,56743,2016-03-16 10:47:00,2016,2016,March,March,8,5
2016-03-09 15:39:18,Seat_Altea_XL_1.6_TDI_DPF_CR_DSG_Style_Copa_SdachNavi,privat,Offer,8300,control,bus,2011,automatik,105,altea,150000,Jan,Diesel,seat,No,2016-03-09 00:00:00,12347,2016-04-01 02:16:22,2016,2016,March,March,5,11
2016-03-27 12:36:43,Seat_Altea_1.6,privat,Offer,6500,test,bus,2006,manuell,102,altea,60000,Sep,Gasoline,seat,No,2016-03-27 00:00:00,56290,2016-04-07 07:16:42,2016,2016,March,March,10,3
2016-03-17 13:37:21,Seat_Altea_2.0_TDI_DPF_XL_Stylance,privat,Offer,4800,control,bus,2006,manuell,140,altea,150000,Nov,Diesel,seat,No,2016-03-17 00:00:00,90411,2016-03-30 06:17:02,2016,2016,March,March,10,1
2016-03-26 14:49:39,Alhambra_1_9_TDI_Vigo_7_Sitzer__Tuev_neu__scheckheft__AHK__Extras,privat,Offer,6990,control,bus,2005,manuell,116,alhambra,150000,Apr,Diesel,seat,No,2016-03-26 00:00:00,28857,2016-03-26 14:49:39,2016,2016,March,March,11,8
2016-03-18 22:21:43,Seat_Altea_1.6_Reference_Autogas/Benzin,privat,Offer,5999,test,bus,2009,manuell,102,altea,125000,Jul,Lpg,seat,No,2016-03-18 00:00:00,56154,2016-04-04 15:44:54,2016,2016,March,March,7,5
2016-04-02 13:39:39,Seat_Alhambra_1_9_TDI,privat,Offer,3500,test,bus,2002,manuell,130,alhambra,150000,Apr,Diesel,seat,No,2016-04-02 00:00:00,24802,2016-04-02 13:39:39,2016,2016,April,April,14,8
2016-03-11 16:56:12,Seat_Alhambra__Sharan__Galaxy,privat,Offer,1200,test,bus,1998,manuell,110,alhambra,150000,Apr,Diesel,seat,No,2016-03-11 00:00:00,99734,2016-03-14 14:16:51,2016,2016,March,March,18,8
2016-03-29 17:44:31,Seat_Altea,privat,Offer,3300,control,bus,2004,manuell,140,altea,150000,Jul,Diesel,seat,Yes,2016-03-29 00:00:00,51067,2016-03-31 10:45:12,2016,2016,March,March,12,5
2016-03-16 16:38:34,Seat_Altea_1.4_Reference,privat,Offer,7000,control,bus,2009,manuell,86,altea,150000,Jul,Gasoline,seat,No,2016-03-16 00:00:00,86157,2016-04-06 20:18:04,2016,2016,March,March,7,5
2016-03-22 19:54:40,Seat_Alhambra_1_9_TDI_GRÜNE_PLAKETTE,privat,Offer,2400,test,bus,1997,manuell,90,alhambra,150000,Jun,Diesel,seat,Other,2016-03-22 00:00:00,55543,2016-03-24 04:19:24,2016,2016,March,March,19,6
2016-03-26 15:36:20,Seat_Altea_2.0_TDI_DSG_Stylance,privat,Offer,5250,test,bus,2005,automatik,140,altea,150000,Apr,Diesel,seat,No,2016-03-26 00:00:00,68199,2016-04-06 04:45:31,2016,2016,March,March,11,8
2016-03-23 10:53:24,Seat_Toledo_5_P_Van_Kombi_Neu_TÜV_2018,privat,Offer,3330,control,bus,2005,manuell,0,toledo,150000,Feb,Diesel,seat,Yes,2016-03-23 00:00:00,61184,2016-03-29 11:45:12,2016,2016,March,March,11,10
2016-04-03 12:46:45,Seat_Altea_1.6_TDI_DPF_CR_Freetrack,privat,Offer,11500,control,bus,2012,manuell,105,altea,90000,Feb,Diesel,seat,No,2016-04-03 00:00:00,22043,2016-04-07 14:57:53,2016,2016,April,April,4,10
2016-03-23 17:29:24,Seat_Toledo_5_P_Van_Kombi_Neu_TÜV_2018_zahnriehmm_Neu,privat,Offer,3330,test,bus,2005,manuell,0,toledo,150000,Feb,Diesel,seat,Yes,2016-03-23 00:00:00,61184,2016-03-29 21:18:50,2016,2016,March,March,11,10
2016-04-02 20:54:05,SEAT_ALHAMBRA_2L_TDI_SILBER_7Sitzer_moegl._TÜV_12/2017,privat,Offer,5500,test,bus,2007,manuell,140,alhambra,150000,Mar,Diesel,seat,No,2016-04-02 00:00:00,21614,2016-04-06 21:44:40,2016,2016,April,April,9,9
2016-03-28 15:41:24,Seat_Alhambra_1.9_TDI_Reference_7_Sitzer_2._Hand,privat,Offer,3200,control,bus,2004,manuell,90,alhambra,150000,Oct,Diesel,seat,No,2016-03-28 00:00:00,31311,2016-04-06 20:15:50,2016,2016,March,March,12,2
2016-04-04 23:52:35,Seat_Altea,privat,Offer,3800,control,bus,2005,Unspecified,0,altea,150000,May,Diesel,seat,No,2016-04-04 00:00:00,86157,2016-04-07 09:15:23,2016,2016,April,April,11,7
2016-03-24 20:47:47,Seat_Alhambra_1.9Tdi,privat,Offer,1880,test,bus,2002,manuell,115,alhambra,150000,Jun,Diesel,seat,No,2016-03-24 00:00:00,54558,2016-03-24 20:47:47,2016,2016,March,March,14,6
2016-03-09 12:51:20,Seat_Alahambra_TDI,privat,Offer,2750,control,bus,2002,manuell,0,alhambra,30000,Jan,,seat,Other,2016-03-09 00:00:00,58636,2016-03-13 00:17:14,2016,2016,March,March,14,11
2016-03-16 09:47:24,Seat_Alhambra_1.9_TDI_6_Sitze_Tuev_08/2017_Automatik,privat,Offer,1490,test,bus,1999,automatik,110,alhambra,150000,Jan,Diesel,seat,No,2016-03-16 00:00:00,48301,2016-03-22 13:47:57,2016,2016,March,March,17,11
2016-04-03 14:52:57,Seat_Altea_1.9_TDI,privat,Offer,4800,test,bus,2005,manuell,105,altea,150000,Nov,Diesel,seat,No,2016-04-03 00:00:00,22851,2016-04-05 14:15:28,2016,2016,April,April,11,1
2016-03-16 15:50:31,Seat_Altea_1.6_Reference_8_fach_Alu_RNS_510_Navi,privat,Offer,7200,test,bus,2007,manuell,102,altea,80000,Sep,Gasoline,seat,No,2016-03-16 00:00:00,66424,2016-03-30 05:16:30,2016,2016,March,March,9,3
2016-03-26 20:47:59,Seat_Altea_1.9_TDI_Stylance,privat,Offer,5500,control,bus,2005,manuell,105,altea,150000,May,Diesel,seat,No,2016-03-26 00:00:00,86470,2016-04-06 11:17:54,2016,2016,March,March,11,7
2016-03-24 18:52:17,Seat_Alhambra_2.0i,privat,Offer,1300,test,bus,1999,manuell,116,alhambra,125000,Jun,Gasoline,seat,Yes,2016-03-24 00:00:00,33442,2016-03-29 04:46:54,2016,2016,March,March,17,6
2016-03-21 13:25:26,Seat_Altea_1.9_TDI_Stylance,privat,Offer,3700,control,bus,2005,manuell,105,altea,150000,Dec,Diesel,seat,No,2016-03-21 00:00:00,65936,2016-04-06 18:15:39,2016,2016,March,March,11,0
2016-03-21 12:56:26,Seat_Altea_1.6_Reference_Comfort_Euro_4_03/2018_75000km_bj_2007,privat,Offer,6200,control,bus,2007,manuell,102,altea,80000,Dec,Gasoline,seat,Other,2016-03-21 00:00:00,49599,2016-04-06 07:45:41,2016,2016,March,March,9,0
2016-04-06 18:06:17,Seat_Alhambra_1.9_TDI_Signo,privat,Offer,5200,control,bus,2003,manuell,131,alhambra,150000,Aug,Diesel,seat,No,2016-04-06 00:00:00,56130,2016-04-06 18:06:17,2016,2016,April,April,13,4
2016-04-05 12:51:20,Seat_Alhambra_1.9_TDI_Stella,privat,Offer,2950,test,bus,2001,manuell,116,alhambra,150000,May,Diesel,seat,No,2016-04-05 00:00:00,48599,2016-04-05 12:51:20,2016,2016,April,April,15,7
2016-03-08 15:54:29,Seat_Altea_2.0_TDI,privat,Offer,4199,test,bus,2006,manuell,140,altea,150000,Mar,Diesel,seat,No,2016-03-08 00:00:00,31303,2016-03-08 16:40:08,2016,2016,March,March,10,9
2016-04-05 20:06:27,Sehr_gepflegter_Seat_Alhambra_TDI__131_PS__zu_verkaufen,privat,Offer,5500,control,bus,2003,manuell,131,alhambra,150000,Aug,Diesel,seat,No,2016-04-05 00:00:00,56130,2016-04-05 20:06:27,2016,2016,April,April,13,4
2016-03-22 18:38:35,Seat_Alhambra_Reference__2.0_tdi,privat,Offer,9650,control,bus,2010,manuell,140,alhambra,150000,Apr,Diesel,seat,No,2016-03-22 00:00:00,41849,2016-04-06 10:16:13,2016,2016,March,March,6,8
2016-03-26 22:57:06,Seat_Altea_XL_1.6_Style,privat,Offer,7500,test,bus,2009,manuell,102,altea,100000,May,Gasoline,seat,No,2016-03-26 00:00:00,57439,2016-03-28 18:44:35,2016,2016,March,March,7,7
2016-03-20 18:40:03,Seat_Alhambra_1.9_TDI_Comfort,privat,Offer,1900,test,bus,1999,manuell,110,alhambra,150000,Jan,Diesel,seat,No,2016-03-20 00:00:00,31311,2016-03-20 18:40:03,2016,2016,March,March,17,11
2016-03-24 22:36:58,Seat_Alhambra_1.9_TDI_DPF_EU4_KLIMA_7_Sitzer,privat,Offer,4550,control,bus,2003,manuell,116,alhambra,150000,Feb,Diesel,seat,No,2016-03-24 00:00:00,30916,2016-03-25 06:45:43,2016,2016,March,March,13,10
2016-03-09 19:45:02,Seat_Alhambra_1.9_TDI_Kids,privat,Offer,3399,test,bus,2004,manuell,116,alhambra,150000,Apr,Diesel,seat,No,2016-03-09 00:00:00,50933,2016-04-05 13:18:55,2016,2016,March,March,12,8
2016-03-14 18:45:07,Seat_Alhambra_1.9_TDI_GRÜNE_PLAKETTE,privat,Offer,2900,test,bus,2001,manuell,0,alhambra,150000,Jan,,seat,No,2016-03-14 00:00:00,4736,2016-04-07 09:15:32,2016,2016,March,March,15,11
2016-03-23 15:36:40,Seat_Altea_1.9_TDI,privat,Offer,2800,test,bus,2006,manuell,137,altea,150000,Jul,Diesel,seat,Yes,2016-03-23 00:00:00,91077,2016-04-05 18:16:54,2016,2016,March,March,10,5
2016-03-22 23:53:09,Seat_Altea_2.0_TDI_DPF_Sport_Edition,privat,Offer,5199,test,bus,2006,manuell,140,altea,150000,Feb,Diesel,seat,No,2016-03-22 00:00:00,72221,2016-04-07 05:45:16,2016,2016,March,March,10,10
2016-03-28 00:57:46,Seat_Altea_1.8_TSI_Style,privat,Offer,9900,control,bus,2011,automatik,160,altea,90000,Mar,Gasoline,seat,No,2016-03-27 00:00:00,50170,2016-03-29 22:46:39,2016,2016,March,March,5,9
2016-03-29 17:56:13,Seat_Altea_1.6_Reference_Comfort,privat,Offer,7200,control,bus,2008,manuell,102,altea,100000,Jan,Gasoline,seat,No,2016-03-29 00:00:00,55487,2016-04-06 03:45:28,2016,2016,March,March,8,11
2016-03-09 14:47:41,Seat_Altea_XL_1.4_TSI_Style,privat,Offer,7900,test,bus,2010,manuell,125,altea,150000,Jun,Gasoline,seat,No,2016-03-09 00:00:00,55234,2016-04-06 11:16:03,2016,2016,March,March,6,6
2016-03-20 05:02:58,Seat_Alhambra_1_9_TDI_2005_DPF_uvm._Blau_Metallic_Sehr_gepflegt,privat,Offer,6490,control,bus,2005,manuell,116,alhambra,150000,Jan,Diesel,seat,No,2016-03-20 00:00:00,51427,2016-04-06 03:45:50,2016,2016,March,March,11,11
2016-03-11 20:51:06,Seat_Alhambra_2.0_Stella,privat,Offer,2200,control,bus,2002,manuell,116,alhambra,150000,Jul,Gasoline,seat,No,2016-03-11 00:00:00,59269,2016-03-28 04:46:24,2016,2016,March,March,14,5
2016-03-10 16:50:35,Seat_Inca_Kastenwagen_Kombi,privat,Offer,1300,control,bus,1998,manuell,60,andere,150000,Feb,Gasoline,seat,Other,2016-03-10 00:00:00,27356,2016-04-05 16:45:02,2016,2016,March,March,18,10
2016-03-05 18:50:57,Seat_Alhambra_1.9_TDI,privat,Offer,3300,test,bus,2003,manuell,116,alhambra,150000,Jun,Diesel,seat,No,2016-03-05 00:00:00,97424,2016-04-05 11:49:40,2016,2016,March,March,13,6
2016-03-11 06:56:08,Seat_131_PS_TDI__TOP_ZUSTAND,privat,Offer,4999,test,bus,2003,manuell,131,alhambra,150000,Aug,Diesel,seat,No,2016-03-11 00:00:00,31137,2016-04-06 09:16:07,2016,2016,March,March,13,4
2016-03-10 21:56:13,Seat_Altea_1.4_TSI_Style,privat,Offer,9300,control,bus,2009,manuell,125,altea,50000,Dec,Gasoline,seat,No,2016-03-10 00:00:00,21502,2016-04-06 22:15:55,2016,2016,March,March,7,0
2016-03-25 23:25:18,Seat_Alhambra_1.9_TDI_Kids,privat,Offer,3500,test,bus,2004,manuell,131,alhambra,150000,Sep,Diesel,seat,No,2016-03-25 00:00:00,35428,2016-03-29 10:47:26,2016,2016,March,March,12,3
2016-03-16 21:54:52,Seat_Altea_1.6_Stylance,privat,Offer,3990,control,bus,2004,manuell,102,altea,100000,Aug,Gasoline,seat,No,2016-03-16 00:00:00,22047,2016-03-26 04:17:03,2016,2016,March,March,12,4
2016-04-01 14:48:51,Seat_Altea_2.0_TDI,privat,Offer,3950,test,bus,2005,manuell,140,altea,150000,Nov,Diesel,seat,No,2016-04-01 00:00:00,63128,2016-04-03 11:15:47,2016,2016,April,April,11,1
2016-03-09 03:02:18,Seat_Alhambra__blau__Langstreckenfahrzeug,privat,Offer,800,control,bus,2000,manuell,110,alhambra,150000,Mar,Diesel,seat,No,2016-03-09 00:00:00,14163,2016-03-11 12:17:47,2016,2016,March,March,16,9
2016-04-07 11:06:23,Seat_Altea_2.0_TDI_DPF._FR,privat,Offer,6999,test,bus,2007,manuell,170,altea,150000,Sep,Diesel,seat,No,2016-04-07 00:00:00,56427,2016-04-07 11:25:17,2016,2016,April,April,9,3
2016-03-28 14:45:37,Seat_Altea1.6_TOP_8Fach_Bereift_2Hd_AHK_Service_Heft,privat,Offer,3999,test,bus,2007,manuell,102,altea,150000,Mar,Gasoline,seat,No,2016-03-28 00:00:00,30519,2016-04-06 18:45:42,2016,2016,March,March,9,9
2016-03-09 18:47:57,Seat_Altea_1.6,privat,Offer,4850,test,bus,2005,manuell,102,altea,90000,Aug,Gasoline,seat,No,2016-03-09 00:00:00,42369,2016-03-17 22:45:24,2016,2016,March,March,11,4
2016-03-30 15:46:23,SEAT_ALETEA_MIT_STANDHEIZUNG__Reserviert,privat,Offer,4500,test,bus,2006,manuell,105,altea,150000,May,Diesel,seat,No,2016-03-30 00:00:00,15831,2016-04-07 06:17:04,2016,2016,March,March,10,7
2016-03-20 18:52:20,Seat_Alhambra_1.9_TDI_Stella,privat,Offer,4299,test,bus,2002,manuell,116,alhambra,150000,Apr,Diesel,seat,No,2016-03-20 00:00:00,13583,2016-03-24 12:15:23,2016,2016,March,March,14,8
2016-03-20 18:53:55,Seat_Alhambra,privat,Offer,2000,test,bus,2003,manuell,116,alhambra,150000,Jan,Diesel,seat,Yes,2016-03-20 00:00:00,42327,2016-03-20 18:53:55,2016,2016,March,March,13,11
2016-03-29 18:06:33,Seat_Altea,privat,Offer,5200,control,bus,2005,manuell,105,altea,125000,Dec,Gasoline,seat,No,2016-03-29 00:00:00,65719,2016-04-06 05:46:43,2016,2016,March,March,11,0
2016-03-10 12:25:18,Seat_Alhambra_HU_bis_10.2017_Zahnriemen_bei_286000_NEU,privat,Offer,2800,test,bus,2000,manuell,116,alhambra,150000,Oct,Diesel,seat,Other,2016-03-10 00:00:00,56566,2016-04-05 23:18:18,2016,2016,March,March,16,2
2016-04-02 00:59:46,Seat_Altea_2.0_TDI_Sport_Edition,privat,Offer,3950,test,bus,2005,manuell,140,altea,150000,Dec,Diesel,seat,No,2016-04-01 00:00:00,32120,2016-04-06 06:15:35,2016,2016,April,April,11,0
2016-04-05 00:46:11,Seat_Seat_Alhambra_2.0_TDI_Klimatronic_7_Sitzer,privat,Offer,11200,control,bus,2012,manuell,140,alhambra,150000,Sep,Diesel,seat,No,2016-04-04 00:00:00,91233,2016-04-07 08:15:34,2016,2016,April,April,4,3
2016-04-03 18:38:16,Seat_Altea_XL_1.4_TSI_guter_Zustand!,privat,Offer,6299,control,bus,2009,manuell,125,altea,150000,May,Gasoline,seat,No,2016-04-03 00:00:00,96515,2016-04-05 18:46:18,2016,2016,April,April,7,7
2016-03-15 10:48:27,Seat_Alhambra,privat,Offer,3600,control,bus,2002,manuell,116,alhambra,150000,Jul,Diesel,seat,Other,2016-03-15 00:00:00,53332,2016-03-27 21:16:34,2016,2016,March,March,14,5
2016-03-24 15:51:43,Seat_Inca_1.9_SDI_LKW_Zulassung,privat,Offer,999,test,bus,2002,manuell,65,andere,150000,Feb,Diesel,seat,No,2016-03-24 00:00:00,55286,2016-04-03 07:17:33,2016,2016,March,March,14,10
2016-04-03 21:47:44,Seat_Alhambra_2.0_TDI,privat,Offer,5000,test,bus,2009,manuell,140,alhambra,150000,Mar,Diesel,seat,No,2016-04-03 00:00:00,50126,2016-04-05 22:47:16,2016,2016,April,April,7,9
2016-03-07 16:46:42,Seat_Alhambra,privat,Offer,3990,control,bus,2004,manuell,115,alhambra,150000,Jan,,seat,No,2016-03-07 00:00:00,88131,2016-03-15 11:15:43,2016,2016,March,March,12,11
2016-03-14 19:48:30,Seat_Altea_1.8_TSI_Style,privat,Offer,11000,control,bus,2010,manuell,160,altea,150000,Nov,Gasoline,seat,No,2016-03-14 00:00:00,97421,2016-04-06 05:45:56,2016,2016,March,March,6,1
2016-03-12 17:38:05,Seat_Altea_XL_1.4_TSI_Style,privat,Offer,9300,test,bus,2010,manuell,125,altea,80000,Nov,Gasoline,seat,No,2016-03-12 00:00:00,21465,2016-03-23 09:46:27,2016,2016,March,March,6,1
2016-04-04 20:44:41,Seat_Alhambra_Signo_1.9_TDI_4WD,privat,Offer,4480,control,bus,2001,manuell,115,alhambra,150000,Jul,Diesel,seat,No,2016-04-04 00:00:00,68766,2016-04-06 22:46:56,2016,2016,April,April,15,5
2016-03-11 11:37:32,Seat_Alhambra_1.9_TDI_Casa_II,privat,Offer,3700,control,bus,2004,manuell,116,alhambra,150000,Oct,Diesel,seat,No,2016-03-11 00:00:00,34131,2016-03-12 01:44:41,2016,2016,March,March,12,2
2016-03-22 23:53:24,Seat_Altea_2.0_TDI_MIT_NEUEM_ZAHNRIEMEN!,privat,Offer,6000,test,bus,2006,manuell,140,altea,125000,Jun,Diesel,seat,No,2016-03-22 00:00:00,86653,2016-04-01 09:16:01,2016,2016,March,March,10,6
2016-03-14 23:57:50,Seat_Altea_2.0_TDI_Stylance,privat,Offer,2800,control,bus,2004,manuell,140,altea,150000,Jun,Diesel,seat,Yes,2016-03-14 00:00:00,66424,2016-03-17 00:47:19,2016,2016,March,March,12,6
2016-03-08 19:49:46,Seat_Altea_2.0_FSI_Sport_Edition,privat,Offer,3800,test,bus,2005,manuell,150,altea,150000,Oct,Gasoline,seat,No,2016-03-08 00:00:00,47198,2016-03-09 03:45:07,2016,2016,March,March,11,2
2016-03-10 14:53:27,Seat_Altea_1.2_TSI,privat,Offer,4900,test,bus,2011,manuell,105,altea,40000,Nov,Gasoline,seat,Yes,2016-03-10 00:00:00,47475,2016-04-05 11:49:25,2016,2016,March,March,5,1
2016-03-23 09:37:16,Seat_2.0_TDI,privat,Offer,4100,test,bus,2004,Unspecified,140,altea,150000,Aug,Diesel,seat,No,2016-03-23 00:00:00,59077,2016-03-30 19:17:31,2016,2016,March,March,12,4
2016-03-29 14:48:24,Seat_Altea_1.6_XL_TDI_DPF_CR.__UNFALLFREI_1Hand,privat,Offer,10990,test,bus,2011,manuell,105,altea,80000,Aug,Diesel,seat,No,2016-03-29 00:00:00,30966,2016-04-06 00:44:19,2016,2016,March,March,5,4
2016-03-14 20:37:34,Seat_Altea_2.0_TDI_DPF_FR,privat,Offer,7800,control,bus,2006,manuell,170,altea,150000,Jun,Diesel,seat,No,2016-03-14 00:00:00,42555,2016-04-06 07:16:58,2016,2016,March,March,10,6
2016-03-11 11:36:56,Seat_Altea_2.0_TDI_DPF_DSG_Style_mit_Navi,privat,Offer,9850,control,bus,2010,automatik,140,altea,125000,Jul,Diesel,seat,No,2016-03-11 00:00:00,28207,2016-03-15 00:46:50,2016,2016,March,March,6,5
2016-03-14 21:48:50,Seat_Alhambra,privat,Offer,1800,test,bus,1999,manuell,0,alhambra,150000,Mar,Gasoline,seat,Other,2016-03-14 00:00:00,51647,2016-04-06 13:46:46,2016,2016,March,March,17,9
2016-03-23 10:52:02,Seat_Altea_1.8__T_FSI__TSI_XL_1_hand,privat,Offer,5999,control,bus,2009,manuell,160,altea,125000,Dec,Gasoline,seat,No,2016-03-23 00:00:00,78224,2016-03-30 20:17:00,2016,2016,March,March,7,0
2016-03-22 13:46:00,Seat_Altea_1.9_TDI,privat,Offer,5500,control,bus,2006,manuell,105,altea,150000,Dec,Diesel,seat,No,2016-03-22 00:00:00,36041,2016-03-25 05:17:59,2016,2016,March,March,10,0
2016-03-11 11:40:55,SEAT_Altea_Stylance_mit_Klimaautomatik_und_vielen_Extras,privat,Offer,5200,control,bus,2005,manuell,102,altea,125000,Dec,Gasoline,seat,No,2016-03-11 00:00:00,38165,2016-04-07 01:45:04,2016,2016,March,March,11,0
2016-03-16 18:36:56,Seat_Alhambra_2.0i_SE,privat,Offer,1210,control,bus,1996,manuell,116,alhambra,150000,May,Gasoline,seat,No,2016-03-16 00:00:00,91330,2016-04-07 02:16:02,2016,2016,March,March,20,7
2016-03-28 15:06:39,Seat_Altea_2.0_TDI_Sport_Edition_JE_DESIGN,privat,Offer,7400,control,bus,2005,manuell,170,altea,150000,Aug,Diesel,seat,No,2016-03-28 00:00:00,60389,2016-04-06 22:45:14,2016,2016,March,March,11,4
2016-04-03 00:37:14,Seat_Alhambra_1.9_TDI,privat,Offer,2900,control,bus,2003,manuell,131,alhambra,150000,Dec,Diesel,seat,Yes,2016-04-03 00:00:00,73312,2016-04-07 09:44:18,2016,2016,April,April,13,0
2016-03-09 13:49:17,Seat_Altea___Einsteigen_und_Losfahren!,privat,Offer,4690,control,bus,2005,manuell,102,altea,125000,Oct,Gasoline,seat,No,2016-03-09 00:00:00,58840,2016-03-22 15:17:46,2016,2016,March,March,11,2
2016-03-25 11:47:16,Seat_Alhambra_1.9_TDI_Sport_Edition_//_Bilder_folgen,privat,Offer,7500,test,bus,2005,manuell,116,alhambra,125000,Apr,Diesel,seat,No,2016-03-25 00:00:00,93047,2016-03-30 00:45:17,2016,2016,March,March,11,8
2016-03-14 12:51:24,Seat_Alhambra_1.9_TDI_Allrad_Signo,privat,Offer,2999,test,bus,2004,manuell,116,alhambra,150000,Mar,Diesel,seat,No,2016-03-14 00:00:00,21629,2016-03-24 20:18:23,2016,2016,March,March,12,9
2016-03-17 22:36:44,Seat_Alhambra_2.0_TDI_Ecomotive_Reference,privat,Offer,2050,test,bus,2013,manuell,140,alhambra,150000,Aug,Diesel,seat,No,2016-03-17 00:00:00,90489,2016-03-17 22:36:44,2016,2016,March,March,3,4
2016-03-10 12:51:39,Seat_Altea_1.9_TDI_Reference__2._Hand,privat,Offer,5500,test,bus,2005,manuell,105,altea,125000,Sep,Diesel,seat,No,2016-03-10 00:00:00,56626,2016-04-07 06:45:04,2016,2016,March,March,11,3
2016-03-09 15:06:22,Seat_Alhambra_1.9_Signo,privat,Offer,3300,control,bus,2001,manuell,116,alhambra,150000,Oct,Diesel,seat,No,2016-03-09 00:00:00,57610,2016-03-11 09:31:10,2016,2016,March,March,15,2
2016-03-08 09:56:28,Seat_Altea_2.0_TDI_DSG,privat,Offer,3499,control,bus,2006,automatik,140,altea,150000,Mar,Diesel,seat,No,2016-03-08 00:00:00,46236,2016-03-08 09:56:28,2016,2016,March,March,10,9
2016-03-24 18:48:30,Seat_Altea_1.9_TDI_DPF_XL_Stylance__gruene_Plakette_,privat,Offer,6990,test,bus,2007,manuell,140,altea,125000,Dec,Diesel,seat,No,2016-03-24 00:00:00,38543,2016-03-29 04:46:39,2016,2016,March,March,9,0
2016-03-16 21:45:28,Ich_verkaufe_meinen_Seat_Alhambra,privat,Offer,1100,control,bus,1997,manuell,0,alhambra,150000,Nov,Gasoline,seat,No,2016-03-16 00:00:00,13439,2016-03-19 20:50:13,2016,2016,March,March,19,1
2016-03-22 13:37:38,Seat_Alhambra_1.9_TDI_Signo,privat,Offer,5500,control,bus,2003,manuell,131,alhambra,150000,Mar,Diesel,seat,No,2016-03-22 00:00:00,31191,2016-03-22 13:37:38,2016,2016,March,March,13,9
2016-03-14 13:53:05,Seat_Alhambra_1_9_TDI_6_Gang_Klimaautomatik_.!_7_Sitzer_!,privat,Offer,3600,test,bus,2003,manuell,116,alhambra,150000,Dec,Diesel,seat,No,2016-03-14 00:00:00,46282,2016-03-14 13:53:05,2016,2016,March,March,13,0
2016-04-01 17:53:24,Seat_Alhambra_2.0i,privat,Offer,1900,test,bus,1997,manuell,116,alhambra,150000,Jun,Gasoline,seat,Yes,2016-04-01 00:00:00,74889,2016-04-05 13:18:45,2016,2016,April,April,19,6
2016-03-17 19:54:52,SEAT_ALHAMBRA_2L_TDI_SILBER_7Sitzer_moegl._TÜV_12/2017,privat,Offer,5500,control,bus,2007,manuell,140,alhambra,150000,Mar,Diesel,seat,No,2016-03-17 00:00:00,21614,2016-04-01 11:45:49,2016,2016,March,March,9,9
2016-03-19 17:39:51,Seat_Alhambra_2.0_TDI_DPF_Vigo,privat,Offer,7200,control,bus,2007,manuell,140,alhambra,150000,Sep,Diesel,seat,No,2016-03-19 00:00:00,45143,2016-03-28 21:16:48,2016,2016,March,March,9,3
2016-04-03 11:52:31,Seat_Inca_1.9_SDI_Profi,privat,Offer,1999,control,bus,2002,manuell,64,andere,150000,Feb,Diesel,seat,No,2016-04-03 00:00:00,17179,2016-04-07 12:48:57,2016,2016,April,April,14,10
2016-04-01 19:36:22,Seat_Altea_2.0_FSI_Sport_Edition,privat,Offer,6000,control,bus,2005,manuell,150,altea,70000,Dec,Gasoline,seat,No,2016-04-01 00:00:00,95032,2016-04-05 17:27:00,2016,2016,April,April,11,0
2016-03-11 22:54:05,Seat_Alhambra_2.0_TDI_DPF_Ecomotive,privat,Offer,9990,control,bus,2009,manuell,140,alhambra,125000,Jun,Diesel,seat,No,2016-03-11 00:00:00,52074,2016-04-05 14:45:42,2016,2016,March,March,7,6
2016-03-16 21:56:20,Seat_1.6,privat,Offer,4250,control,bus,2005,manuell,102,toledo,125000,Jun,Gasoline,seat,No,2016-03-16 00:00:00,31228,2016-04-07 13:16:06,2016,2016,March,March,11,6
2016-03-29 19:57:10,Seat_Alhambra_1.9_TDI_Sport,privat,Offer,2999,control,bus,2001,manuell,116,alhambra,150000,Feb,Diesel,seat,No,2016-03-29 00:00:00,4736,2016-04-06 06:15:57,2016,2016,March,March,15,10
2016-04-06 14:36:19,Seat_Altea_XL_1.4_TSI_STYLE_Climatronic_Sitzheizung_div._Pakete,privat,Offer,0,control,bus,2012,manuell,125,altea,50000,May,Gasoline,seat,No,2016-04-06 00:00:00,33729,2016-04-06 14:36:19,2016,2016,April,April,4,7
2016-03-17 20:50:36,Seat_Altea_XL__Van__Familienfahrzeug__140000_km__Bj._07,privat,Offer,5500,control,bus,2007,manuell,105,altea,150000,Apr,Diesel,seat,No,2016-03-17 00:00:00,98544,2016-03-20 23:46:15,2016,2016,March,March,9,8
2016-03-29 21:55:11,Seat_Altea_1.6__Klima__AHK_,privat,Offer,3000,test,bus,2005,manuell,102,altea,150000,Aug,Gasoline,seat,No,2016-03-29 00:00:00,9217,2016-03-31 16:18:07,2016,2016,March,March,11,4
2016-03-07 20:40:42,Seat_Altea_2.0_TDI_Stylance,privat,Offer,3500,test,bus,2004,manuell,140,altea,150000,Jun,Diesel,seat,No,2016-03-07 00:00:00,74834,2016-03-29 07:15:58,2016,2016,March,March,12,6
2016-03-14 18:38:02,Seat_Alhambra_1.8_20V_Turbo__Zahnriemen_gewechselt,privat,Offer,3500,test,bus,2001,manuell,150,alhambra,150000,Nov,Gasoline,seat,No,2016-03-14 00:00:00,47551,2016-04-06 02:16:54,2016,2016,March,March,15,1
2016-03-05 18:58:05,Seat_Alhambra_2.0_TDI_DPF_Sport_Edition,privat,Offer,12000,test,bus,2009,manuell,140,alhambra,150000,Jan,Diesel,seat,No,2016-03-05 00:00:00,32457,2016-03-24 20:15:36,2016,2016,March,March,7,11
2016-03-16 12:56:02,Seat_Alhambra,privat,Offer,3850,test,bus,2002,manuell,116,alhambra,150000,Jul,Diesel,seat,No,2016-03-16 00:00:00,55299,2016-03-25 10:18:16,2016,2016,March,March,14,5
2016-04-01 19:55:52,Seat_Alhambra_1.9_TDI,privat,Offer,2250,control,bus,2003,manuell,131,alhambra,150000,Apr,Diesel,seat,No,2016-04-01 00:00:00,45968,2016-04-01 19:55:52,2016,2016,April,April,13,8
2016-03-05 17:52:14,Seat_Alhambra_1.9_TDI_Kids,privat,Offer,3899,test,bus,2004,manuell,116,alhambra,150000,Apr,Diesel,seat,No,2016-03-05 00:00:00,50825,2016-03-09 11:17:11,2016,2016,March,March,12,8
2016-03-15 11:45:25,Seat_Altea_XL_2.0_TDI_DPF_DSG_Style_mit_grossem_Navi,privat,Offer,9850,test,bus,2010,automatik,140,altea,125000,Sep,Diesel,seat,No,2016-03-15 00:00:00,28207,2016-03-23 17:17:08,2016,2016,March,March,6,3
2016-03-26 15:55:08,Seat_Altea_Stylance,privat,Offer,6500,test,bus,2005,manuell,102,altea,125000,Dec,Gasoline,seat,Other,2016-03-26 00:00:00,32339,2016-04-06 04:15:48,2016,2016,March,March,11,0
2016-03-20 06:32:46,Seat_Altea_1.9_TDI_DPF_Reference_Unfallfrei.,privat,Offer,4850,control,bus,2007,manuell,105,altea,150000,Feb,Diesel,seat,Yes,2016-03-20 00:00:00,65812,2016-03-24 02:47:29,2016,2016,March,March,9,10
2016-03-31 00:46:59,Seat_Altea_2.0_TDI_DSG_Sport___FESTPREIS,privat,Offer,4500,control,bus,2005,automatik,140,altea,150000,Jun,Diesel,seat,No,2016-03-30 00:00:00,49086,2016-03-31 06:40:31,2016,2016,March,March,11,6
2016-03-08 10:50:26,Seat_Alhambra_1.9_TDI,privat,Offer,2450,control,bus,2002,manuell,116,alhambra,150000,Dec,Diesel,seat,No,2016-03-08 00:00:00,57080,2016-03-09 10:38:33,2016,2016,March,March,14,0
2016-03-11 17:57:48,Seat_Alhambra_2.0,privat,Offer,1500,control,bus,2002,manuell,116,alhambra,150000,Nov,Gasoline,seat,No,2016-03-11 00:00:00,75031,2016-03-11 17:57:48,2016,2016,March,March,14,1
2016-03-27 22:42:08,Seat_Alhambra_1.9_TDi___Sport___Gruene_Plakette___Klima___7_Sitzer,privat,Offer,4490,test,bus,2001,manuell,116,alhambra,150000,Jan,Diesel,seat,No,2016-03-27 00:00:00,45661,2016-04-05 21:45:49,2016,2016,March,March,15,11
2016-03-08 19:38:20,Seat_Altea_2.0_TDI_PDC_EURO_4,privat,Offer,2750,test,bus,2004,manuell,140,altea,150000,Apr,Diesel,seat,No,2016-03-08 00:00:00,50827,2016-03-10 05:44:57,2016,2016,March,March,12,8
2016-03-05 18:47:19,Verkaufe_Seat_Alhambra_Sport,privat,Offer,12000,test,bus,2009,manuell,140,alhambra,150000,Jan,Diesel,seat,No,2016-03-05 00:00:00,32457,2016-03-24 19:44:56,2016,2016,March,March,7,11
2016-04-06 22:06:18,Seat_Alhambra_1.9_TDI,privat,Offer,6000,test,bus,2004,manuell,131,alhambra,20000,Apr,Diesel,seat,No,2016-04-06 00:00:00,63069,2016-04-06 22:06:18,2016,2016,April,April,12,8
2016-03-15 23:58:41,Seat_Alhambra_2.0_TDI_DPF_Reference,privat,Offer,9990,control,bus,2010,manuell,140,alhambra,150000,Apr,Diesel,seat,No,2016-03-15 00:00:00,87700,2016-04-06 00:46:07,2016,2016,March,March,6,8
2016-03-05 17:55:40,SEAT_ALTEA_2.0_TDI_DPF_AHK_TEMP._SITZH._07/2017,privat,Offer,3999,test,bus,2006,manuell,140,altea,150000,Mar,Diesel,seat,No,2016-03-05 00:00:00,59077,2016-04-05 13:46:44,2016,2016,March,March,10,9
2016-04-02 20:44:28,Seat_Altea_Xl_LPG,privat,Offer,5500,test,bus,2007,manuell,102,altea,150000,Jan,Lpg,seat,Other,2016-04-02 00:00:00,26871,2016-04-04 18:46:53,2016,2016,April,April,9,11
2016-03-05 23:56:15,Seat_Altea_2.0_TDI_DPF_DSG_XL_Stylance,privat,Offer,9900,control,bus,2007,automatik,140,altea,125000,Jun,Diesel,seat,No,2016-03-05 00:00:00,45473,2016-04-05 20:46:03,2016,2016,March,March,9,6
2016-03-11 17:59:04,Seat_Altea_2.0_TDI_DSG_Stylance_Klimatronik_Sitzheizu,privat,Offer,4500,control,bus,2004,automatik,140,altea,150000,Oct,Diesel,seat,No,2016-03-11 00:00:00,63694,2016-03-22 09:18:26,2016,2016,March,March,12,2
2016-03-21 08:51:07,Seat_Altea_2.0_TDI_CR_DPF,privat,Offer,9500,control,bus,2011,Unspecified,170,altea,150000,Apr,Diesel,seat,No,2016-03-21 00:00:00,63067,2016-04-02 12:18:10,2016,2016,March,March,5,8
2016-04-03 17:37:37,Seat_Alhambra_1.9_TDI_Garagenwagen__AHK_usw.,privat,Offer,4750,test,bus,2002,manuell,116,alhambra,150000,Apr,Diesel,seat,No,2016-04-03 00:00:00,24852,2016-04-05 17:26:28,2016,2016,April,April,14,8
2016-03-15 17:56:00,Seat_Altea_2.0_TDI_DPF_Stylance,privat,Offer,4600,control,bus,2006,manuell,140,altea,150000,Aug,Diesel,seat,No,2016-03-15 00:00:00,68799,2016-03-31 21:45:42,2016,2016,March,March,10,4
2016-03-17 18:37:23,Seat_Altea_1_6_TDI_DPF_CR_DSG_Style,privat,Offer,12800,control,bus,2012,automatik,105,altea,90000,Feb,Diesel,seat,No,2016-03-17 00:00:00,37339,2016-03-20 20:45:33,2016,2016,March,March,4,10
2016-03-14 10:41:49,Seat_Altea_XL_2.0_TDI_DPF_DSG_Style_Xenon_Multimedia,privat,Offer,10950,control,bus,2010,automatik,140,altea,100000,Apr,Diesel,seat,No,2016-03-14 00:00:00,13587,2016-04-07 10:44:59,2016,2016,March,March,6,8
2016-03-27 13:53:06,SEAT_ALHAMBRA_1_9TDI_unfallfrei_AHK__1.ter_Hand__12_Jahre,privat,Offer,3650,test,bus,2003,manuell,116,alhambra,150000,Dec,Diesel,seat,No,2016-03-27 00:00:00,87779,2016-04-07 09:46:22,2016,2016,March,March,13,0
2016-03-11 16:37:56,Seat_Alhambra_1.9_TDI_Comfort,privat,Offer,1200,test,bus,1998,manuell,110,alhambra,150000,Apr,Diesel,seat,No,2016-03-11 00:00:00,99734,2016-03-14 13:44:31,2016,2016,March,March,18,8
2016-03-14 20:41:13,Seat_Alhambra_1.9_TDI_Casa_I_!,privat,Offer,3500,control,bus,2001,manuell,116,alhambra,150000,Dec,Diesel,seat,No,2016-03-14 00:00:00,54664,2016-04-06 07:46:02,2016,2016,March,March,15,0
2016-03-24 07:56:14,Seat_Alhambra_1_9_TDI_GRÜNE_PLAKETTE,privat,Offer,1800,control,bus,1994,manuell,90,alhambra,150000,Jan,Diesel,seat,Other,2016-03-24 00:00:00,55543,2016-03-28 17:17:09,2016,2016,March,March,22,11
2016-03-17 10:54:20,Verkaufe_Seat_Alhambra_mit_ATM,privat,Offer,6700,test,bus,2006,manuell,115,alhambra,150000,Mar,Diesel,seat,No,2016-03-17 00:00:00,83301,2016-03-17 11:43:46,2016,2016,March,March,10,9
2016-03-15 20:25:25,Seat_Altea_1.9_TDI_DPF_Reference_Unfallfrei.,privat,Offer,4950,test,bus,2007,manuell,105,altea,150000,Feb,Diesel,seat,Yes,2016-03-15 00:00:00,65812,2016-03-19 17:18:15,2016,2016,March,March,9,10
2016-03-20 14:55:06,Seat_Altea_XL_1.4_TSI_Style,privat,Offer,9999,test,bus,2011,manuell,125,altea,90000,Apr,Gasoline,seat,No,2016-03-20 00:00:00,30900,2016-04-06 18:45:14,2016,2016,March,March,5,8
2016-03-15 11:54:53,Seat_Alhambra_1.9TDI_PDC__Kindersitze__Tempomat__2Z.Klimaautom.,privat,Offer,4700,test,bus,2003,manuell,116,alhambra,150000,Jun,Diesel,seat,Other,2016-03-15 00:00:00,85051,2016-04-06 00:16:29,2016,2016,March,March,13,6
2016-03-30 17:49:53,Seat_Altea_1.9_TDI_DPF_XL_Stylance___scheckheftgepfl.,privat,Offer,5100,control,bus,2008,manuell,105,altea,150000,Jun,Diesel,seat,No,2016-03-30 00:00:00,41516,2016-04-03 08:16:43,2016,2016,March,March,8,6
2016-04-02 21:06:18,Seat_Altea_1.9_TDI,privat,Offer,4200,test,bus,2006,manuell,105,altea,150000,Dec,Diesel,seat,No,2016-04-02 00:00:00,65933,2016-04-04 12:30:28,2016,2016,April,April,10,0
2016-03-28 21:49:38,Seat_Altea_1.6_TDI_DPF_CR,privat,Offer,7500,control,bus,2011,manuell,105,altea,125000,Mar,Diesel,seat,No,2016-03-28 00:00:00,66706,2016-04-07 04:45:26,2016,2016,March,March,5,9
2016-03-08 00:56:32,Seat_Altea_1.9_TDI,privat,Offer,1999,control,bus,2005,manuell,105,altea,150000,Sep,Diesel,seat,No,2016-03-07 00:00:00,12557,2016-04-05 14:18:04,2016,2016,March,March,11,3
2016-03-08 12:54:05,Seat_Altea_XL_1.6_Reference__TÜV_12.2017_Zahnriemen_neu,privat,Offer,5700,test,bus,2007,manuell,102,altea,125000,Feb,Gasoline,seat,No,2016-03-08 00:00:00,38473,2016-03-14 13:17:12,2016,2016,March,March,9,10
2016-03-17 18:37:59,Seat_Alhambra_2.0,privat,Offer,3111,control,bus,2003,manuell,116,alhambra,150000,Mar,Gasoline,seat,No,2016-03-17 00:00:00,78465,2016-03-28 22:19:27,2016,2016,March,March,13,9
2016-03-09 14:51:51,Seat_alhambra_1_8l_t_20v,privat,Offer,750,test,bus,1999,manuell,150,Other,150000,Dec,,seat,Other,2016-03-09 00:00:00,24937,2016-03-14 05:15:40,2016,2016,March,March,17,0
2016-03-25 19:51:40,Seat_alhambra,privat,Offer,4500,test,bus,2005,manuell,0,alhambra,150000,Jan,Diesel,seat,No,2016-03-25 00:00:00,47441,2016-04-07 02:45:58,2016,2016,March,March,11,11
2016-03-20 09:49:57,Verkaufe_Seat_Alhambra_mit_ATM,privat,Offer,6700,control,bus,2006,manuell,116,alhambra,150000,Mar,Diesel,seat,No,2016-03-20 00:00:00,83301,2016-03-21 11:46:59,2016,2016,March,March,10,9
2016-03-05 22:51:06,Seat_Altea_1.6_Reference,privat,Offer,4600,control,bus,2006,manuell,102,altea,125000,Jul,Gasoline,seat,No,2016-03-05 00:00:00,56410,2016-03-15 12:46:21,2016,2016,March,March,10,5
2016-03-12 16:46:39,Seat_Altea_1.2_TSI_Start_&_Stop_SUN,privat,Offer,13450,control,bus,2015,manuell,105,altea,20000,Apr,Gasoline,seat,No,2016-03-12 00:00:00,33335,2016-03-15 02:46:07,2016,2016,March,March,1,8
2016-03-16 19:45:06,Seat_Alhambra_2.0,privat,Offer,4950,test,bus,2004,manuell,116,alhambra,125000,Jan,Gasoline,seat,No,2016-03-16 00:00:00,52388,2016-03-23 06:47:25,2016,2016,March,March,12,11
2016-03-22 20:52:25,Seat_Alhambra_1.9tdi_90ps_6_gang_euro3_grune_plachet_klima,privat,Offer,2750,control,bus,2002,manuell,90,alhambra,150000,Oct,Diesel,seat,No,2016-03-22 00:00:00,95028,2016-03-24 05:17:47,2016,2016,March,March,14,2
2016-03-05 15:48:05,Seat_Altea_XL_1.4_TSI_Style_/_Navi_/_Xenon,privat,Offer,8900,control,bus,2010,manuell,125,altea,100000,Apr,Gasoline,seat,No,2016-03-05 00:00:00,98587,2016-03-10 06:45:55,2016,2016,March,March,6,8
2016-03-21 18:36:57,Seat_Altea_2.0_TDI_DPF,privat,Offer,5500,test,bus,2006,manuell,140,altea,150000,Nov,Diesel,seat,No,2016-03-21 00:00:00,51647,2016-04-06 19:47:17,2016,2016,March,March,10,1
2016-03-20 19:38:52,Schoenes_Familienauto,privat,Offer,1800,test,bus,2000,manuell,110,alhambra,150000,Apr,Diesel,seat,No,2016-03-20 00:00:00,88138,2016-03-21 22:47:06,2016,2016,March,March,16,8
2016-03-29 14:47:39,Seat_Alhambra_Benzin/LPG_Autogas,privat,Offer,1350,test,bus,1998,manuell,116,alhambra,150000,Dec,Lpg,seat,No,2016-03-29 00:00:00,38518,2016-03-31 07:44:54,2016,2016,March,March,18,0
2016-04-02 10:43:37,Seat_Altea_XL_1.6_TDI_DSG_Copa__Xenon__Navi__Multifun,privat,Offer,13400,test,bus,2012,automatik,105,altea,70000,Mar,Diesel,seat,No,2016-04-02 00:00:00,63654,2016-04-06 08:15:40,2016,2016,April,April,4,9
2016-03-16 04:36:20,Seat_Alhambra_1.9_TDI_6_sitze_Automatik_top_gepflegt,privat,Offer,1490,control,bus,1999,automatik,110,alhambra,150000,Jan,Diesel,seat,No,2016-03-16 00:00:00,48301,2016-03-22 13:15:27,2016,2016,March,March,17,11
2016-03-23 22:39:57,Verkaufe_Seat_Alhambra_mit_ATM,privat,Offer,6700,test,bus,2006,manuell,115,alhambra,150000,Apr,Diesel,seat,No,2016-03-23 00:00:00,83301,2016-03-23 22:39:57,2016,2016,March,March,10,8
2016-03-31 18:37:40,Seat_Altea_2.0_TDI_DPF_Sport_Edition,privat,Offer,4490,control,bus,2006,manuell,140,altea,150000,Jun,Diesel,seat,No,2016-03-31 00:00:00,4564,2016-04-06 12:16:11,2016,2016,March,March,10,6
2016-03-11 20:38:14,Seat_Altea_1.9_TDI_DPF_Sport_Edition,privat,Offer,4950,control,bus,2006,manuell,105,altea,150000,Jun,Diesel,seat,No,2016-03-11 00:00:00,68766,2016-03-28 03:44:27,2016,2016,March,March,10,6
2016-04-01 16:37:12,Seat_Altea_XL_2.0_TDI_!!anschauen_lohnt!!,privat,Offer,6250,control,bus,2007,manuell,140,altea,150000,Aug,Diesel,seat,No,2016-04-01 00:00:00,2747,2016-04-05 11:18:42,2016,2016,April,April,9,4
2016-03-25 14:48:20,Seat_Alhambra_TDI_Gruene_Plakette_Aut.,privat,Offer,6800,control,bus,2006,automatik,116,alhambra,150000,Feb,Diesel,seat,No,2016-03-25 00:00:00,41352,2016-04-06 18:15:31,2016,2016,March,March,10,10
2016-03-20 02:37:16,Seat_TOP_Zustand+Gepflegt+_Unfallfrei+Nichtraucher,privat,Offer,3750,control,bus,2005,manuell,102,altea,150000,Jan,Gasoline,seat,No,2016-03-20 00:00:00,41068,2016-03-23 22:47:33,2016,2016,March,March,11,11
2016-03-14 11:50:58,Seat_Alhambra_1_9_TDI_150_PS_Bj.2005,privat,Offer,5500,test,bus,2005,manuell,150,alhambra,150000,Sep,Diesel,seat,No,2016-03-14 00:00:00,85302,2016-03-16 01:17:28,2016,2016,March,March,11,3
2016-03-29 08:53:29,Seat_Altea_1.6_LPG_Gasanlage_prins,privat,Offer,3700,control,bus,2005,manuell,102,altea,150000,Jun,Lpg,seat,No,2016-03-29 00:00:00,45968,2016-04-05 19:16:22,2016,2016,March,March,11,6
2016-04-01 11:53:30,SEAT_ALHAMBRA_1_9TDI_unfallfrei_AHK__1.ter_Hand__12_Jahre,privat,Offer,3650,test,bus,2003,manuell,0,alhambra,150000,Dec,Diesel,seat,No,2016-04-01 00:00:00,87779,2016-04-07 08:17:21,2016,2016,April,April,13,0
2016-03-31 02:00:57,Seat_Altea_XL_Copa_Ausstattung,privat,Offer,11000,test,bus,2011,manuell,105,altea,80000,Apr,Gasoline,seat,No,2016-03-31 00:00:00,58119,2016-04-02 04:15:53,2016,2016,March,March,5,8
2016-03-05 23:46:48,SEAT_Alhambra_1_9_TDI_aus_1._Hand,privat,Offer,3950,control,bus,2002,manuell,115,alhambra,150000,Nov,Diesel,seat,No,2016-03-05 00:00:00,25436,2016-03-12 15:46:44,2016,2016,March,March,14,1
2016-03-23 16:59:08,Seat_Alhambra,privat,Offer,6900,test,bus,2005,manuell,131,alhambra,150000,Jun,Diesel,seat,No,2016-03-23 00:00:00,42579,2016-04-05 21:46:11,2016,2016,March,March,11,6
2016-03-25 16:49:18,Verkaufe_Seat_Alhambra_mit_ATM,privat,Offer,6500,control,bus,2006,manuell,115,alhambra,150000,Apr,Diesel,seat,No,2016-03-25 00:00:00,83301,2016-03-25 16:49:18,2016,2016,March,March,10,8
2016-04-01 16:57:13,Seat_Altea_1.6_Avila,privat,Offer,6900,control,bus,2007,manuell,102,altea,50000,Dec,Gasoline,seat,No,2016-04-01 00:00:00,9430,2016-04-05 12:46:18,2016,2016,April,April,9,0
2016-03-23 10:06:38,Seat_Altea_2_0_Tdi_140_ps___top__,privat,Offer,3400,control,bus,2004,manuell,140,altea,150000,Dec,Diesel,seat,Other,2016-03-23 00:00:00,61118,2016-04-04 06:23:03,2016,2016,March,March,12,0
2016-03-15 16:46:47,Seat_Altea_1.9_TDI_DPF_Sport/_muss_Schenll_WEG..,privat,Offer,5500,control,bus,2009,manuell,105,altea,150000,Oct,Diesel,seat,No,2016-03-15 00:00:00,22880,2016-04-06 11:46:13,2016,2016,March,March,7,2
2016-03-14 10:50:21,Seat_altea_105_PS_Abs_esp_asr_Airbag,privat,Offer,5400,control,bus,2004,manuell,0,altea,125000,Oct,Gasoline,seat,No,2016-03-14 00:00:00,83093,2016-03-23 11:16:46,2016,2016,March,March,12,2
2016-03-24 11:38:16,Seat_Alhambra_2.0_TDI_DPF_Ecomotive,privat,Offer,4900,test,bus,2008,manuell,140,alhambra,150000,Jun,Diesel,seat,No,2016-03-24 00:00:00,45139,2016-04-01 04:46:34,2016,2016,March,March,8,6
2016-04-01 20:49:32,Seat_Altea_1.6_Sport_Edition,privat,Offer,5900,test,bus,2005,manuell,102,altea,150000,May,Gasoline,seat,No,2016-04-01 00:00:00,58540,2016-04-05 18:18:41,2016,2016,April,April,11,7
2016-03-20 18:53:45,Seat_Alhambra_1.9_TDI_Reference__6.Gang,privat,Offer,4200,test,bus,2006,manuell,90,alhambra,150000,Aug,Diesel,seat,No,2016-03-20 00:00:00,1445,2016-04-04 23:46:41,2016,2016,March,March,10,4
2016-03-06 10:44:23,Seat_Altea_1.9_TDI_Reference,privat,Offer,4500,test,bus,2006,manuell,105,altea,150000,Jun,Diesel,seat,No,2016-03-06 00:00:00,97078,2016-03-28 03:16:36,2016,2016,March,March,10,6
2016-03-22 12:50:39,Seat_Altea_1.6,privat,Offer,4200,control,bus,2005,manuell,102,altea,150000,Dec,Gasoline,seat,No,2016-03-22 00:00:00,44536,2016-04-02 03:17:23,2016,2016,March,March,11,0
2016-03-19 21:53:49,Seat_Alhambra_1.9_TDi_Gruene_Plakette_Tuev_04/2017,privat,Offer,3450,control,bus,2003,manuell,116,alhambra,150000,Apr,Diesel,seat,No,2016-03-19 00:00:00,78144,2016-03-23 12:44:34,2016,2016,March,March,13,8
2016-03-23 17:45:51,Seat_Alhambra_Tdi,privat,Offer,1800,control,bus,1999,manuell,110,alhambra,150000,Jan,Diesel,seat,Other,2016-03-23 00:00:00,31275,2016-03-23 17:45:51,2016,2016,March,March,17,11
2016-03-09 14:53:48,SEAT_Alhambra_1.9_TDI,privat,Offer,2099,test,bus,2000,manuell,85,alhambra,150000,Sep,Diesel,seat,No,2016-03-09 00:00:00,63150,2016-03-09 15:42:38,2016,2016,March,March,16,3
2016-03-30 14:51:59,Seat_Alhambra_1.9_TDI_Stella_Tempomat_neuer_TÜV,privat,Offer,3150,control,bus,2003,manuell,116,alhambra,150000,Jul,Diesel,seat,No,2016-03-30 00:00:00,74348,2016-04-03 04:45:26,2016,2016,March,March,13,5
2016-03-19 14:36:18,Autoverkauf,privat,Offer,1000,test,bus,2003,manuell,84,alhambra,150000,Mar,Diesel,seat,Yes,2016-03-19 00:00:00,52074,2016-03-19 14:36:18,2016,2016,March,March,13,9
2016-04-04 20:58:55,Seat_Alhambra_Vigo_2.0_6_Sitze_Climatronic_Winterpaket,privat,Offer,7500,control,bus,2005,manuell,140,Other,150000,May,Diesel,seat,No,2016-04-04 00:00:00,96135,2016-04-06 23:44:30,2016,2016,April,April,11,7
2016-03-09 20:56:16,Seat_Altea_XL_1.4_TSI,privat,Offer,6900,test,bus,2009,manuell,125,altea,90000,Mar,Gasoline,seat,No,2016-03-09 00:00:00,25436,2016-04-01 21:44:39,2016,2016,March,March,7,9
2016-03-30 14:53:16,Seat_Altea_2.0_TDI_CR_DPF_Style,privat,Offer,11800,control,bus,2011,manuell,140,altea,70000,Mar,Diesel,seat,No,2016-03-30 00:00:00,12459,2016-04-07 05:44:52,2016,2016,March,March,5,9
2016-03-20 09:53:41,Seat_Alhambra_1.9_TDI_Stella,privat,Offer,2750,control,bus,2000,manuell,90,alhambra,150000,Dec,Diesel,seat,No,2016-03-20 00:00:00,19348,2016-04-04 04:47:56,2016,2016,March,March,16,0
2016-03-07 17:52:24,Seat_Alhambra_1.9_TDI_150PS_Renterfahrzeug_7_Sitzer,privat,Offer,4600,test,bus,2003,manuell,150,alhambra,150000,Aug,Diesel,seat,No,2016-03-07 00:00:00,12277,2016-04-06 19:46:29,2016,2016,March,March,13,4
2016-04-04 19:43:42,Seat_Alhambra_2.0_TDI_DPF_Vigo_7_Sitze,privat,Offer,6450,test,bus,2007,manuell,140,alhambra,150000,Apr,Diesel,seat,No,2016-04-04 00:00:00,64380,2016-04-06 21:45:44,2016,2016,April,April,9,8
2016-03-12 16:54:18,Seat_Alhambra_1.9_TDI,privat,Offer,4200,control,bus,2004,manuell,116,alhambra,150000,Mar,Diesel,seat,No,2016-03-12 00:00:00,12309,2016-03-14 09:15:51,2016,2016,March,March,12,9
2016-04-02 21:57:26,Seat_Alhambra_1.8_20V_Turbo_Vigo,privat,Offer,5555,test,bus,2005,manuell,150,alhambra,150000,Nov,Gasoline,seat,No,2016-04-02 00:00:00,34582,2016-04-06 22:46:51,2016,2016,April,April,11,1
2016-03-23 10:53:21,Seat_Altea_1.9_TDI_DPF_XL_Reference,privat,Offer,5300,control,bus,2008,manuell,105,altea,150000,Mar,Diesel,seat,No,2016-03-23 00:00:00,23966,2016-04-07 11:16:03,2016,2016,March,March,8,9
2016-04-05 11:48:02,Seat_alhambra_1.9_TDI,privat,Offer,3600,test,bus,2001,manuell,116,alhambra,150000,Oct,Diesel,seat,No,2016-04-05 00:00:00,48480,2016-04-05 11:48:02,2016,2016,April,April,15,2
2016-03-18 14:38:59,Seat_Alhambra_1.9_TDI_Reference,privat,Offer,5300,test,bus,2005,manuell,131,alhambra,150000,Jul,Diesel,seat,No,2016-03-18 00:00:00,30159,2016-03-21 07:16:31,2016,2016,March,March,11,5
2016-03-09 18:43:26,Seat_Altea_1.6_Stylance__Klima__8_fach_Bereifung,privat,Offer,3650,test,bus,2005,manuell,102,altea,150000,Aug,Gasoline,seat,No,2016-03-09 00:00:00,46499,2016-03-15 05:17:34,2016,2016,March,March,11,4
2016-04-01 11:58:21,Seat_Alhambra_2.0_TDI_DPF_Sport_Edition,privat,Offer,9000,test,bus,2008,manuell,140,alhambra,150000,Jan,Diesel,seat,No,2016-04-01 00:00:00,58791,2016-04-07 08:46:34,2016,2016,April,April,8,11
2016-03-20 15:41:46,Seat_Alhambra_Benzin/LPG_Autogas,privat,Offer,1350,control,bus,1998,manuell,116,alhambra,150000,Dec,Lpg,seat,No,2016-03-20 00:00:00,38518,2016-03-31 23:44:24,2016,2016,March,March,18,0
2016-03-21 13:56:32,Seat_Altea_1.9_TDI_DPF_Avila,privat,Offer,5200,test,bus,2007,manuell,105,altea,150000,Sep,Diesel,seat,No,2016-03-21 00:00:00,91347,2016-03-28 09:16:05,2016,2016,March,March,9,3
2016-03-16 11:53:58,Seat_Altea_1.6_XL,privat,Offer,6666,test,bus,2007,manuell,102,altea,70000,Apr,Gasoline,seat,No,2016-03-16 00:00:00,38723,2016-03-25 07:49:27,2016,2016,March,March,9,8
2016-03-28 19:49:34,Seat_Neu_Inspektion__Neu_TÜV,privat,Offer,4750,control,bus,2005,automatik,140,altea,150000,Mar,Diesel,seat,No,2016-03-28 00:00:00,50321,2016-04-07 02:17:41,2016,2016,March,March,11,9
2016-03-28 21:55:45,Seat_Altea_2.0_TDI_DSG_Sport_Edition,privat,Offer,4750,control,bus,2005,automatik,140,altea,150000,Jun,Diesel,seat,No,2016-03-28 00:00:00,36452,2016-04-07 05:17:19,2016,2016,March,March,11,6
2016-03-07 20:25:19,Seat_Alhambra_1.9_Signo,privat,Offer,0,control,bus,2001,manuell,116,alhambra,150000,Oct,Diesel,seat,No,2016-03-07 00:00:00,57577,2016-03-08 14:24:01,2016,2016,March,March,15,2
2016-03-20 00:57:06,Seat_Altea_1.9_TDI_Reference,privat,Offer,3650,control,bus,2004,manuell,105,altea,150000,Oct,Diesel,seat,No,2016-03-19 00:00:00,37247,2016-03-28 03:45:41,2016,2016,March,March,12,2
2016-03-24 19:57:22,Seat_Alhambra_2.0i,privat,Offer,1300,control,bus,1999,manuell,114,alhambra,125000,Jun,Gasoline,seat,No,2016-03-24 00:00:00,33442,2016-03-29 06:45:28,2016,2016,March,March,17,6
2016-03-22 21:48:17,Seat_Alhambra_1.9_TDI_Automatik_Reference,privat,Offer,6700,control,bus,2007,automatik,116,alhambra,150000,Feb,Diesel,seat,No,2016-03-22 00:00:00,49191,2016-04-06 16:45:15,2016,2016,March,March,9,10
2016-04-06 04:36:20,Seat_XL,privat,Offer,12999,test,bus,2012,manuell,125,altea,50000,Jan,Gasoline,seat,No,2016-04-06 00:00:00,17373,2016-04-06 04:36:20,2016,2016,April,April,4,11
2016-03-17 09:56:41,Seat_Altea_1.6_Stylance,privat,Offer,3990,test,bus,2004,manuell,102,altea,100000,Sep,Gasoline,seat,No,2016-03-17 00:00:00,22047,2016-03-26 18:46:34,2016,2016,March,March,12,3
2016-03-19 14:52:29,Seat_Altea_XL_1.6_TDI_DPF_CR_DSG,privat,Offer,8490,test,bus,2011,automatik,105,altea,150000,Sep,Diesel,seat,No,2016-03-19 00:00:00,10785,2016-04-06 22:44:38,2016,2016,March,March,5,3
2016-03-23 22:52:52,Seat_Alhambra_1.9_TDI_116ps,privat,Offer,2990,test,bus,2001,manuell,116,alhambra,150000,May,Diesel,seat,Other,2016-03-23 00:00:00,82490,2016-03-28 12:45:03,2016,2016,March,March,15,7
2016-03-06 15:06:42,Seat_Alhambra_2.0_TDI_Ecomotive_Style,privat,Offer,10900,test,bus,2010,manuell,140,alhambra,150000,Nov,Diesel,seat,No,2016-03-06 00:00:00,56564,2016-04-01 00:16:26,2016,2016,March,March,6,1
2016-03-11 19:55:08,Seat_Alhambra_1.9_TDI_Vigo,privat,Offer,4900,test,bus,2005,manuell,116,alhambra,150000,Apr,Diesel,seat,No,2016-03-11 00:00:00,81735,2016-04-04 01:47:36,2016,2016,March,March,11,8
2016-03-31 19:54:40,Verkaufe_Seat_Altea_2_0l_Diesel_Automatik_Sport,privat,Offer,5000,control,bus,2004,automatik,140,altea,150000,Jan,Diesel,seat,No,2016-03-31 00:00:00,15344,2016-04-06 14:18:07,2016,2016,March,March,12,11
2016-03-31 21:47:42,Verkaufe_Seat_Alhambra_mit_ATM,privat,Offer,6500,test,bus,2006,manuell,115,alhambra,150000,Apr,Diesel,seat,No,2016-03-31 00:00:00,83301,2016-04-06 17:17:14,2016,2016,March,March,10,8
2016-03-26 10:54:22,Seat_Alhambra_2.0,privat,Offer,1600,test,bus,2000,manuell,116,alhambra,150000,Apr,Gasoline,seat,No,2016-03-26 00:00:00,38440,2016-04-05 22:16:04,2016,2016,March,March,16,8
2016-03-10 21:57:53,Seat_Alhambra_2.0i_Casa_+Benzin__LPG_Gas_general_ueberholt,privat,Offer,1650,control,bus,1999,manuell,116,alhambra,150000,Nov,Gasoline,seat,No,2016-03-10 00:00:00,48431,2016-04-07 04:16:07,2016,2016,March,March,17,1
2016-03-16 11:45:10,Seat_Alhambra_1_9_TDI__Klimaautomatik___TÜV_5/17_AHK,privat,Offer,4500,test,bus,2005,manuell,116,alhambra,150000,May,Diesel,seat,No,2016-03-16 00:00:00,39596,2016-04-06 04:17:20,2016,2016,March,March,11,7
2016-03-12 19:45:58,Verkaufe_Seat_Alhambra_mit_ATM,privat,Offer,6700,test,bus,2006,manuell,115,alhambra,150000,Mar,Diesel,seat,No,2016-03-12 00:00:00,83301,2016-03-15 06:45:06,2016,2016,March,March,10,9
2016-03-11 03:36:19,SEAT_ALHAMBRA_1_9_TDI_PD___ABT_140PS__ALLRAD__AHK__TÜV_NEU,privat,Offer,7500,control,bus,2009,Unspecified,140,alhambra,150000,Jan,Diesel,seat,Other,2016-03-11 00:00:00,49179,2016-04-06 01:17:10,2016,2016,March,March,7,11
2016-03-24 11:55:36,"Seat_Altea_1.6_XL_Stylance_""_26.000km""",privat,Offer,8900,test,bus,2007,manuell,102,altea,30000,Dec,Gasoline,seat,No,2016-03-24 00:00:00,45884,2016-04-01 05:45:33,2016,2016,March,March,9,0
2016-03-10 11:06:26,Seat_Alhambra_1.9_TDI_Signo,privat,Offer,2800,control,bus,2000,manuell,116,alhambra,150000,Oct,Diesel,seat,No,2016-03-10 00:00:00,56566,2016-04-07 09:17:03,2016,2016,March,March,16,2
2016-04-03 15:56:04,Seat_Alhambra_1.9_TDI_Sport__bereits_verkauft_,privat,Offer,2490,test,bus,2004,manuell,116,alhambra,150000,Mar,Diesel,seat,Yes,2016-04-03 00:00:00,80687,2016-04-03 15:56:04,2016,2016,April,April,12,9
2016-03-17 20:53:44,Seat_Altea_XL_1.2_TSI__Ecomotive__Start_&_Stop_Style,privat,Offer,11990,control,bus,2011,manuell,105,altea,30000,May,Gasoline,seat,No,2016-03-17 00:00:00,2747,2016-04-07 11:16:10,2016,2016,March,March,5,7
2016-03-14 15:56:06,Seat_Alhambra_1.9_TDI,privat,Offer,6200,control,bus,2004,manuell,116,alhambra,125000,Sep,Diesel,seat,No,2016-03-14 00:00:00,84434,2016-04-05 19:44:58,2016,2016,March,March,12,3
2016-04-04 14:48:57,Seat_Altea,privat,Offer,5250,test,bus,2006,manuell,102,altea,125000,Nov,Gasoline,seat,No,2016-04-04 00:00:00,58093,2016-04-06 16:17:21,2016,2016,April,April,10,1
2016-03-28 23:37:33,SEAT_ALTEA_2.0_TDI_DPF_SPORT_EDITION_AHK_07/2017,privat,Offer,3499,test,bus,2006,manuell,140,altea,150000,Mar,Diesel,seat,No,2016-03-28 00:00:00,59077,2016-04-01 18:24:44,2016,2016,March,March,10,9
2016-03-09 21:47:22,Seat_alte_exklusiv_140ps_tdi,privat,Offer,3500,test,bus,2004,manuell,140,altea,150000,Dec,Diesel,seat,No,2016-03-09 00:00:00,49179,2016-04-05 23:46:18,2016,2016,March,March,12,0
2016-03-26 17:54:32,Seat_Alhambra_2.0_TDI_DPF,privat,Offer,7799,control,bus,2008,manuell,140,alhambra,150000,Oct,Diesel,seat,No,2016-03-26 00:00:00,97076,2016-04-06 06:46:13,2016,2016,March,March,8,2
2016-03-21 18:36:56,Seat_Altea_2.0_TDI_DPF_4x4_Freetrack_+Scheckheft,privat,Offer,10000,test,bus,2007,manuell,170,altea,100000,Dec,Diesel,seat,No,2016-03-21 00:00:00,35684,2016-04-05 19:48:02,2016,2016,March,March,9,0
2016-03-17 14:40:50,Seat_Seat_inca_Lpg_Autogas_und_Benzin_Sehr_gepflegt,privat,Offer,899,control,bus,1996,manuell,60,andere,150000,Aug,Gasoline,seat,No,2016-03-17 00:00:00,21109,2016-04-06 19:47:07,2016,2016,March,March,20,4
2016-03-19 19:40:15,Seat_Alhambra_1.9_TDI_DPF,privat,Offer,2200,control,bus,2001,manuell,116,alhambra,150000,Jul,Diesel,seat,No,2016-03-19 00:00:00,67269,2016-03-19 19:40:15,2016,2016,March,March,15,5
2016-03-14 09:47:44,Seat_Alhambra_2.0i_SE,privat,Offer,1000,control,bus,1996,manuell,116,alhambra,150000,May,Gasoline,seat,No,2016-03-14 00:00:00,90513,2016-03-15 03:46:36,2016,2016,March,March,20,7
2016-03-12 11:51:55,Seat_Alhambra_2.0_85kW_7_Sitzer_8_fach_bereift,privat,Offer,1890,test,bus,2002,manuell,116,alhambra,150000,Feb,Gasoline,seat,No,2016-03-12 00:00:00,83052,2016-04-06 05:45:07,2016,2016,March,March,14,10
2016-03-08 08:36:16,Seat_Altea_1.9_TDI,privat,Offer,5000,test,bus,2007,Unspecified,0,altea,150000,May,Diesel,seat,No,2016-03-08 00:00:00,89129,2016-03-11 11:17:27,2016,2016,March,March,9,7
2016-04-03 15:46:06,Seat_Altea_1.9_TDI_Reference,privat,Offer,5500,test,bus,2007,manuell,105,altea,125000,Jan,Diesel,seat,No,2016-04-03 00:00:00,53819,2016-04-03 15:46:06,2016,2016,April,April,9,11
2016-03-19 14:55:55,Seat_Altea_1.6_TDI_DPF_Freetrack,privat,Offer,4200,test,bus,2010,manuell,105,altea,150000,Aug,Diesel,seat,No,2016-03-19 00:00:00,60386,2016-04-07 06:17:26,2016,2016,March,March,6,4
2016-03-24 20:46:32,Seat_Altea_1.9_TDI_Sport_Edition,privat,Offer,5100,test,bus,2005,manuell,105,altea,150000,Mar,Diesel,seat,No,2016-03-24 00:00:00,63916,2016-04-05 13:45:31,2016,2016,March,March,11,9
2016-03-22 21:50:45,Seat_Altea_XL_1.4_TSI_Style__viele_Extras_,privat,Offer,7300,control,bus,2010,manuell,125,altea,100000,Apr,Gasoline,seat,No,2016-03-22 00:00:00,56410,2016-03-24 20:29:31,2016,2016,March,March,6,8
2016-03-12 17:58:16,Seat_Altea_XL_1.4_TSI,privat,Offer,5150,test,bus,2010,Unspecified,125,altea,70000,Jul,Gasoline,seat,Yes,2016-03-12 00:00:00,45257,2016-04-07 10:17:34,2016,2016,March,March,6,5
2016-03-27 16:25:25,Seat_Altea_2.0_TDI_DPF_Freetrack,privat,Offer,7000,test,bus,2008,manuell,140,altea,150000,May,Diesel,seat,No,2016-03-27 00:00:00,57610,2016-04-05 22:46:10,2016,2016,March,March,8,7
2016-03-12 21:56:16,Gepflegter_familienperfekter_SEAT_Altea_XL_1.4_TSI_Style,privat,Offer,7900,test,bus,2010,manuell,125,altea,150000,Jun,Gasoline,seat,No,2016-03-12 00:00:00,55232,2016-04-05 17:21:54,2016,2016,March,March,6,6
2016-03-11 11:39:55,Seat_Altea_1.6_Stylance_mit_Klimaautomatik,privat,Offer,5200,control,bus,2005,manuell,102,altea,125000,Dec,Gasoline,seat,No,2016-03-11 00:00:00,38165,2016-04-07 01:45:05,2016,2016,March,March,11,0
2016-03-24 11:58:07,SEAT_ALHAMBRA_sehr_gut_unfallfrei_AHK__1.ter_Hand__12_Jahre,privat,Offer,3650,test,bus,2003,manuell,116,alhambra,150000,Dec,Diesel,seat,No,2016-03-24 00:00:00,87779,2016-04-01 05:45:34,2016,2016,March,March,13,0
2016-03-08 08:55:24,Seat_Alhambra_Exclusiv__2_0_Benziner,privat,Offer,900,test,bus,1998,manuell,115,alhambra,150000,May,Gasoline,seat,Other,2016-03-08 00:00:00,12589,2016-03-08 08:55:24,2016,2016,March,March,18,7
2016-03-07 23:53:17,Seat_alhambra_1.9l_diesel,privat,Offer,0,test,bus,1997,manuell,0,alhambra,150000,Aug,Diesel,seat,No,2016-03-07 00:00:00,27711,2016-03-10 14:44:46,2016,2016,March,March,19,4
2016-03-23 16:36:52,Seat_Altea_1.8_TSI_DSG_Sport,privat,Offer,7990,test,bus,2009,automatik,160,altea,60000,Jul,Gasoline,seat,No,2016-03-23 00:00:00,30880,2016-03-23 16:36:52,2016,2016,March,March,7,5
2016-04-02 23:56:21,Seat_Seat_Altea_1.6_Reference_Comfort_nur_34_Tkm,privat,Offer,5950,test,bus,2008,manuell,102,altea,40000,Jul,Gasoline,seat,No,2016-04-02 00:00:00,81679,2016-04-07 08:16:05,2016,2016,April,April,8,5
2016-03-20 04:36:22,Seat_Alhambra_1.9_TDI_Kids,privat,Offer,6490,control,bus,2005,manuell,116,alhambra,150000,Jan,Diesel,seat,No,2016-03-20 00:00:00,51427,2016-04-06 04:44:52,2016,2016,March,March,11,11
2016-03-31 23:58:04,Seat_Alhambra,privat,Offer,3399,control,bus,2001,manuell,0,alhambra,150000,Nov,Diesel,seat,Yes,2016-03-31 00:00:00,97424,2016-04-07 04:16:38,2016,2016,March,March,15,1
2016-03-24 08:37:18,Seat_Alhambra_1.8_20V_Turbo,privat,Offer,1850,control,bus,1999,manuell,150,alhambra,150000,Oct,Gasoline,seat,No,2016-03-24 00:00:00,81241,2016-04-06 20:46:13,2016,2016,March,March,17,2
2016-03-30 20:44:25,Seat_Altea_1.6_XL_Reference_Comfort,privat,Offer,5555,control,bus,2008,manuell,102,altea,150000,May,Gasoline,seat,No,2016-03-30 00:00:00,6809,2016-04-07 12:45:38,2016,2016,March,March,8,7
2016-03-11 14:46:46,Seat_Altea_1.6,privat,Offer,2600,control,bus,2006,manuell,102,altea,125000,Oct,Gasoline,seat,Yes,2016-03-11 00:00:00,30165,2016-03-12 04:16:34,2016,2016,March,March,10,2
2016-04-03 18:54:26,Seat_Alhambra_2.0_TDI_DPF,privat,Offer,8900,control,bus,2008,manuell,140,alhambra,150000,Apr,Diesel,seat,No,2016-04-03 00:00:00,53125,2016-04-05 19:19:17,2016,2016,April,April,8,8
2016-03-05 16:40:10,Seat_Alhambra_1.9_TDI_GRÜNE_PLAKETTE,privat,Offer,2750,control,bus,2002,manuell,116,alhambra,150000,Jun,Diesel,seat,No,2016-03-05 00:00:00,45356,2016-03-06 04:44:49,2016,2016,March,March,14,6
2016-03-27 16:37:24,Verkaufe_Seat_Alhambra_mit_ATM,privat,Offer,6500,test,bus,2006,manuell,115,alhambra,150000,Apr,Diesel,seat,No,2016-03-27 00:00:00,83301,2016-03-27 16:37:24,2016,2016,March,March,10,8
2016-03-17 12:49:38,Seat_Altea_sport_dsg_2.0_tdi,privat,Offer,4999,test,bus,2006,automatik,140,altea,150000,Jan,,seat,Other,2016-03-17 00:00:00,1591,2016-04-06 15:17:13,2016,2016,March,March,10,11
2016-03-11 10:52:29,Seat_Altea_XL_1.8_TSI_Style,privat,Offer,10000,test,bus,2009,manuell,160,altea,50000,May,Gasoline,seat,No,2016-03-11 00:00:00,19258,2016-03-11 10:52:29,2016,2016,March,March,7,7
2016-03-27 15:55:04,Seat_Alhambra_2.0_Reference,privat,Offer,3650,control,bus,2005,manuell,116,alhambra,150000,Aug,Gasoline,seat,No,2016-03-27 00:00:00,66125,2016-04-01 16:45:58,2016,2016,March,March,11,4
2016-03-25 15:51:53,Seat_Alhambra_2.0_TDI_DPF_TOP_Zustand_6_Sitzer/PDC,privat,Offer,5850,test,bus,2007,manuell,140,alhambra,150000,Jul,Diesel,seat,No,2016-03-25 00:00:00,50676,2016-04-06 20:16:18,2016,2016,March,March,9,5
2016-03-08 21:53:08,Seat_Alhambra_2006_Diesel,privat,Offer,5500,control,bus,2006,manuell,140,alhambra,150000,Apr,Diesel,seat,Other,2016-03-08 00:00:00,36124,2016-03-13 03:46:52,2016,2016,March,March,10,8
2016-03-23 20:48:14,Seat_Altea_XL_1.2_TSI__Ecomotive__Start_&_Stop_Style_Copa,privat,Offer,13490,test,bus,2012,manuell,105,altea,50000,Apr,Gasoline,seat,No,2016-03-23 00:00:00,26127,2016-04-06 02:16:33,2016,2016,March,March,4,8
2016-03-29 15:37:52,Seat_Altea_1.6_XL_Reference_LPG,privat,Offer,5000,control,bus,2007,manuell,102,altea,150000,Nov,Gasoline,seat,No,2016-03-29 00:00:00,53332,2016-04-06 01:15:34,2016,2016,March,March,9,1
2016-03-07 12:51:15,Seat_Alhambra_2.0i_Casa_+_LPG_Gas,privat,Offer,1650,test,bus,1999,manuell,116,alhambra,150000,Nov,Gasoline,seat,No,2016-03-07 00:00:00,48429,2016-04-05 20:16:57,2016,2016,March,March,17,1
2016-04-05 01:49:14,Seat_Altea_XL_2.0_TDI,privat,Offer,6400,control,bus,2007,manuell,140,altea,125000,Mar,Diesel,seat,No,2016-04-04 00:00:00,78052,2016-04-07 09:15:44,2016,2016,April,April,9,9
2016-03-18 00:38:40,Seat_Alhambra_1.9_TDI,privat,Offer,2050,test,bus,2003,manuell,139,alhambra,150000,Mar,Diesel,seat,No,2016-03-17 00:00:00,90489,2016-03-18 03:43:40,2016,2016,March,March,13,9
2016-04-03 16:49:45,Seat_Altea_2.0_TDI_Neu_Tuev_und__Zahnriemen,privat,Offer,4499,control,bus,2005,manuell,140,altea,150000,May,Diesel,seat,No,2016-04-03 00:00:00,90478,2016-04-05 16:46:00,2016,2016,April,April,11,7
2016-04-03 22:59:37,Seat_Alhambra_Sport_Edition,privat,Offer,4990,control,bus,2004,manuell,131,alhambra,150000,Oct,Diesel,seat,No,2016-04-03 00:00:00,8538,2016-04-06 01:45:05,2016,2016,April,April,12,2
2016-03-05 18:50:02,Seat_Altea_XL_1.6_TDI_DPF_CR_Ecomotive,privat,Offer,10799,test,bus,2012,manuell,105,altea,90000,Apr,Diesel,seat,No,2016-03-05 00:00:00,39307,2016-04-05 11:49:56,2016,2016,March,March,4,8
2016-04-02 19:55:16,Seat_Alhambra_1.9_TDI_Automatik_Sport,privat,Offer,1222,control,bus,2002,automatik,116,alhambra,150000,Nov,Diesel,seat,No,2016-04-02 00:00:00,64625,2016-04-02 19:55:16,2016,2016,April,April,14,1
2016-03-14 04:57:07,Seat_Alhambra_1.9_TDI,privat,Offer,2900,control,bus,2001,manuell,116,alhambra,150000,May,Diesel,seat,No,2016-03-14 00:00:00,42281,2016-04-07 03:16:30,2016,2016,March,March,15,7
2016-03-10 17:50:24,Seat_Altea_2.0_TDI_Stylance_Klima_Alufelgen_Euro_4,privat,Offer,2650,control,bus,2004,manuell,140,altea,150000,Aug,Diesel,seat,No,2016-03-10 00:00:00,50733,2016-03-10 17:50:24,2016,2016,March,March,12,4
2016-03-14 10:48:47,Seat_Alhambra_2.0_TDI_DPF_AHK_Klima_Sitzh._7_Sitzer,privat,Offer,6490,control,bus,2006,manuell,140,alhambra,150000,Nov,Diesel,seat,No,2016-03-14 00:00:00,38116,2016-04-07 11:18:04,2016,2016,March,March,10,1
2016-03-14 17:53:29,Seat_Alhambra_2.0_TDI_DPF_Reference,privat,Offer,5500,test,bus,2009,manuell,140,alhambra,150000,Jul,Diesel,seat,Yes,2016-03-14 00:00:00,50739,2016-04-06 01:16:26,2016,2016,March,March,7,5
2016-03-12 19:40:42,Seat_Alhambra_1.9_TDI_mit_ATM,privat,Offer,6700,test,bus,2006,manuell,116,alhambra,150000,Mar,Diesel,seat,No,2016-03-12 00:00:00,83301,2016-03-19 23:18:32,2016,2016,March,March,10,9
2016-03-15 21:53:09,Seat_Inca_1.9_SDI_Motor_top_Tuev_3/2016,privat,Offer,550,control,bus,1999,manuell,64,andere,150000,Jan,Diesel,seat,No,2016-03-15 00:00:00,99195,2016-04-05 05:45:20,2016,2016,March,March,17,11
2016-03-15 15:56:30,Seat_Alhambra_1.9_TDI,privat,Offer,5300,control,bus,2003,manuell,116,alhambra,150000,Apr,Diesel,seat,No,2016-03-15 00:00:00,76669,2016-04-06 10:15:33,2016,2016,March,March,13,8
2016-03-21 00:36:41,Seat_Alhambra_1.9TDI,privat,Offer,2290,test,bus,2002,manuell,115,Other,150000,Jul,Diesel,seat,No,2016-03-21 00:00:00,54558,2016-03-23 19:20:15,2016,2016,March,March,14,5
2016-04-01 19:48:47,Seat_Alhambra_2.0_T_Sport,privat,Offer,8900,control,bus,2008,manuell,150,alhambra,125000,Sep,Gasoline,seat,No,2016-04-01 00:00:00,49377,2016-04-01 19:48:47,2016,2016,April,April,8,3
2016-03-11 20:47:05,Seat_Altea_1.6_Fresh,privat,Offer,4300,control,bus,2005,manuell,102,altea,100000,Jun,Gasoline,seat,Other,2016-03-11 00:00:00,68309,2016-03-28 04:17:23,2016,2016,March,March,11,6
2016-04-01 11:53:30,Seat_Altea_1.6_Rebel,privat,Offer,5900,test,bus,2006,manuell,102,altea,80000,Nov,Gasoline,seat,No,2016-04-01 00:00:00,45472,2016-04-05 05:46:52,2016,2016,April,April,10,1
2016-03-23 10:53:41,Seat_Altea_2.0_TDI,privat,Offer,3500,control,bus,2004,manuell,140,altea,150000,Dec,Diesel,seat,No,2016-03-23 00:00:00,61118,2016-04-06 07:46:07,2016,2016,March,March,12,0
2016-03-28 15:48:21,Seat_Altea_1.6_Fresh_Top_Zustand!!!,privat,Offer,4200,control,bus,2005,manuell,102,altea,100000,Jun,Gasoline,seat,Other,2016-03-28 00:00:00,68309,2016-03-30 06:47:12,2016,2016,March,March,11,6
2016-03-23 11:54:02,SEAT_ALETEA_MIT_STANDHEIZUNG,privat,Offer,4500,test,bus,2006,manuell,105,altea,150000,May,Diesel,seat,No,2016-03-23 00:00:00,15831,2016-04-06 17:15:24,2016,2016,March,March,10,7
2016-04-01 18:54:07,Seat_Alhambra1.9Tdi,privat,Offer,3000,control,bus,2004,manuell,116,alhambra,150000,Apr,Diesel,seat,No,2016-04-01 00:00:00,94051,2016-04-01 18:54:07,2016,2016,April,April,12,8
2016-03-22 13:56:12,Seat_Altea_2.0_TDI_Stylance,privat,Offer,3850,control,bus,2004,manuell,140,altea,150000,Apr,Diesel,seat,No,2016-03-22 00:00:00,66606,2016-04-04 01:46:53,2016,2016,March,March,12,8
2016-03-21 12:50:27,Seat_Altea_1.6_Sport_Edition_+TOP_Zustand+,privat,Offer,4199,control,bus,2005,manuell,102,altea,125000,Oct,Gasoline,seat,No,2016-03-21 00:00:00,8393,2016-04-06 07:45:34,2016,2016,March,March,11,2
2016-03-25 12:57:14,Seat_Altea_2.0_TDI_CR_DPF_DSG_Style,privat,Offer,12900,test,bus,2012,automatik,140,altea,100000,Feb,Diesel,seat,No,2016-03-25 00:00:00,85614,2016-03-25 12:57:14,2016,2016,March,March,4,10
2016-04-03 18:46:21,Seat_Inca_1.9_SDI_Profi_LKW_Zulassung,privat,Offer,1599,control,bus,2000,manuell,64,andere,150000,Apr,Diesel,seat,Yes,2016-04-03 00:00:00,54470,2016-04-05 19:16:46,2016,2016,April,April,16,8
2016-03-10 12:58:28,Seat_Altea_2.0_TDI__Klimatronic.Alufelgen_Euro_4.,privat,Offer,3899,test,bus,2004,manuell,140,altea,150000,Dec,Diesel,seat,No,2016-03-10 00:00:00,52146,2016-04-07 08:16:09,2016,2016,March,March,12,0
2016-03-21 09:51:16,Seat_Altea_2.0_T_FSI_4x4_DSG_Freetrack,privat,Offer,12350,control,bus,2010,automatik,211,altea,60000,Mar,Gasoline,seat,No,2016-03-21 00:00:00,78713,2016-04-06 03:16:54,2016,2016,March,March,6,9
2016-03-08 01:57:45,Seat_Altea_XL_1.6_TDI_DSG_Navi__Sitzheizung__Klimaautomatik,privat,Offer,12249,control,bus,2012,automatik,105,altea,90000,Jul,Diesel,seat,No,2016-03-08 00:00:00,24983,2016-03-13 00:16:00,2016,2016,March,March,4,5
2016-04-01 16:25:25,Seat_Alhambra_1.9_TDI,privat,Offer,4500,control,bus,2005,manuell,116,alhambra,150000,Apr,Diesel,seat,No,2016-04-01 00:00:00,60529,2016-04-07 12:44:33,2016,2016,April,April,11,8
2016-04-03 17:57:00,Seat_Seat_Altea_MTM_215_PS_ABT_Bodykit_8fach_bereift,privat,Offer,9250,test,bus,2008,manuell,215,altea,100000,Jun,Gasoline,seat,No,2016-04-03 00:00:00,82256,2016-04-05 18:17:52,2016,2016,April,April,8,6
2016-04-03 21:40:16,SEAT_ALHAMBRA__7_Stitzer__1.9TDI__116PS__EZ:2002__GETRIEBESCHADEN,privat,Offer,2350,test,bus,2002,manuell,116,alhambra,150000,May,Diesel,seat,Yes,2016-04-03 00:00:00,63906,2016-04-03 21:40:16,2016,2016,April,April,14,7
2016-04-03 21:38:56,Seat_Alhambra_1.8_20V_Turbo_Signo_Voll!!__Scheckheft!,privat,Offer,3000,test,bus,2001,manuell,150,alhambra,150000,May,Gasoline,seat,No,2016-04-03 00:00:00,86673,2016-04-05 22:18:24,2016,2016,April,April,15,7
2016-03-24 09:47:44,Seat_Altea_5P_1.9TDI_CR_+DPF_Euro4,privat,Offer,4800,control,bus,2005,manuell,105,altea,150000,Dec,Diesel,seat,No,2016-03-24 00:00:00,77955,2016-03-30 09:16:37,2016,2016,March,March,11,0
2016-04-01 14:54:56,Seat_Alhambra_2.8_V6_Sport,privat,Offer,2500,test,bus,2001,manuell,204,alhambra,150000,Mar,Gasoline,seat,No,2016-04-01 00:00:00,81369,2016-04-07 12:46:35,2016,2016,April,April,15,9
2016-03-31 12:48:41,Seat_Altea_2.0_TDI_DPF_XL_Stylance,privat,Offer,6890,test,bus,2008,manuell,140,altea,150000,Aug,Diesel,seat,No,2016-03-31 00:00:00,45661,2016-04-04 04:45:09,2016,2016,March,March,8,4
2016-03-21 14:57:07,Seat_Alhambra_1.9_TDI,privat,Offer,1550,control,bus,1998,manuell,110,alhambra,150000,Sep,Diesel,seat,No,2016-03-21 00:00:00,2906,2016-03-31 19:16:44,2016,2016,March,March,18,3
2016-03-31 21:49:45,Seat_Inca_1.9_SDI_Profi,privat,Offer,650,test,bus,1999,manuell,64,andere,150000,May,Diesel,seat,Yes,2016-03-31 00:00:00,52457,2016-04-06 17:17:37,2016,2016,March,March,17,7
2016-03-28 16:53:01,Seat_1.9tdi,privat,Offer,2500,test,bus,2001,manuell,116,alhambra,150000,May,Diesel,seat,No,2016-03-28 00:00:00,59192,2016-04-01 01:44:57,2016,2016,March,March,15,7
2016-03-19 10:50:24,Verkaufe_Seat_Alhambra_mit_ATM,privat,Offer,6700,test,bus,2006,manuell,115,alhambra,150000,Mar,Diesel,seat,No,2016-03-19 00:00:00,83301,2016-03-19 10:50:24,2016,2016,March,March,10,9
2016-03-07 20:49:41,Seat_Alahambra,privat,Offer,3800,test,bus,2003,manuell,116,alhambra,150000,Aug,,seat,Other,2016-03-07 00:00:00,52525,2016-04-05 17:45:37,2016,2016,March,March,13,4
2016-03-16 18:45:55,Seat_Alhambra_2.0i_SE,privat,Offer,1111,control,bus,1996,manuell,116,alhambra,150000,May,,seat,No,2016-03-16 00:00:00,91301,2016-04-07 02:44:19,2016,2016,March,March,20,7
2016-03-07 11:54:35,Seat_Alhambra_1.9_TDI,privat,Offer,2400,test,bus,2002,manuell,116,alhambra,150000,Oct,Diesel,seat,Yes,2016-03-07 00:00:00,59846,2016-04-07 11:46:06,2016,2016,March,March,14,2
2016-03-30 10:36:40,Seat_Altea_1.6_Reference.Top_zustand_139TKM.Klima.,privat,Offer,4499,test,bus,2007,manuell,102,altea,150000,Oct,Gasoline,seat,No,2016-03-30 00:00:00,52078,2016-03-30 11:46:45,2016,2016,March,March,9,2
2016-04-01 22:25:20,Seat_Alhambra_1.9_TDI_Casa,privat,Offer,1950,control,bus,1999,manuell,110,alhambra,150000,Sep,Diesel,seat,No,2016-04-01 00:00:00,35619,2016-04-03 15:30:29,2016,2016,April,April,17,3
2016-03-10 21:25:20,seat_alhambra__1_9tdi__4x4_allrad_antrieb,privat,Offer,2380,control,bus,2004,manuell,116,alhambra,150000,Aug,Diesel,seat,No,2016-03-10 00:00:00,55469,2016-03-12 17:11:35,2016,2016,March,March,12,4
2016-03-09 07:53:58,Seat_Alhambra_1.9_TDI_Kids,privat,Offer,7299,test,bus,2004,manuell,131,alhambra,70000,Nov,Diesel,seat,No,2016-03-09 00:00:00,90427,2016-03-12 03:15:29,2016,2016,March,March,12,1
2016-03-30 11:36:52,Seat_Altea_XL_2.0TDI_DPF_Stylance,privat,Offer,6850,test,bus,2007,manuell,140,altea,150000,Nov,Diesel,seat,No,2016-03-30 00:00:00,91284,2016-04-07 03:15:53,2016,2016,March,March,9,1
2016-03-11 09:48:20,SEAT_Alhambra_1.9_Tdi_7__Sitzer__Diesel__Automatik__TÜV_2017,privat,Offer,1300,control,bus,1998,automatik,0,alhambra,150000,Jan,Diesel,seat,Other,2016-03-11 00:00:00,15299,2016-03-11 09:48:20,2016,2016,March,March,18,11
2016-03-11 17:47:50,Seat_Alhambra_2.0_TDI_DPF,privat,Offer,6800,control,bus,2008,Unspecified,140,alhambra,150000,Apr,Diesel,seat,No,2016-03-11 00:00:00,49078,2016-03-15 10:16:53,2016,2016,March,March,8,8
2016-03-05 21:48:49,Seat_Alhambra_1.9_TDI_Stella__1._Hand,privat,Offer,1750,test,bus,2002,manuell,116,alhambra,150000,Jan,Diesel,seat,No,2016-03-05 00:00:00,82335,2016-03-06 03:45:36,2016,2016,March,March,14,11
2016-04-01 21:46:20,Seat_Altea_2.0_TDI_DSG_Stylance,privat,Offer,3400,test,bus,2004,automatik,140,altea,150000,Oct,Diesel,seat,No,2016-04-01 00:00:00,30974,2016-04-05 19:18:24,2016,2016,April,April,12,2
2016-03-22 11:47:57,Seat_Altea,privat,Offer,4899,control,bus,2005,manuell,105,altea,125000,Aug,Diesel,seat,No,2016-03-22 00:00:00,18439,2016-04-03 22:47:59,2016,2016,March,March,11,4
2016-03-29 22:37:13,Seat_alahambra__tdi__mit_gruene_Plakette,privat,Offer,2600,test,bus,2000,manuell,116,alhambra,150000,Jan,,seat,Other,2016-03-29 00:00:00,74906,2016-04-02 18:48:07,2016,2016,March,March,16,11
2016-03-30 22:54:18,Seat_Altea_1.4_TSI_Style,privat,Offer,4999,control,bus,2009,manuell,125,altea,150000,Aug,Gasoline,seat,No,2016-03-30 00:00:00,57250,2016-04-01 21:18:56,2016,2016,March,March,7,4
2016-03-05 21:52:30,Seat_Altea_2.0_TDI_gepflegt_umfangreiche_Ausstattung,privat,Offer,5400,test,bus,2006,manuell,140,altea,150000,Jan,Diesel,seat,No,2016-03-05 00:00:00,47495,2016-03-10 13:45:48,2016,2016,March,March,10,11
2016-03-19 02:36:26,Seat_Altea_XL_1.4_TSI_Sport,privat,Offer,13500,test,bus,2009,manuell,125,altea,70000,Dec,Gasoline,seat,No,2016-03-19 00:00:00,45549,2016-04-06 04:17:29,2016,2016,March,March,7,0
2016-03-26 14:36:18,Seat_Alhambra_2.0_TDI_DPF_Reference,privat,Offer,4500,control,bus,2006,manuell,140,alhambra,150000,Jul,Diesel,seat,No,2016-03-26 00:00:00,63636,2016-03-29 16:45:47,2016,2016,March,March,10,5
2016-04-04 17:50:42,Seat_Altea_2.0_TDI,privat,Offer,5250,test,bus,2005,manuell,140,altea,150000,May,Diesel,seat,No,2016-04-04 00:00:00,90478,2016-04-06 19:48:06,2016,2016,April,April,11,7
2016-03-25 19:45:38,Seat_Altea_1.6_Reference,privat,Offer,3300,test,bus,2005,manuell,102,altea,150000,Jul,Gasoline,seat,No,2016-03-25 00:00:00,54296,2016-03-27 07:18:25,2016,2016,March,March,11,5
2016-03-23 16:47:46,Seat_Altea_XL_2.0_TDI_CR_DPF_Style,privat,Offer,13800,test,bus,2012,manuell,140,altea,90000,Feb,Diesel,seat,No,2016-03-23 00:00:00,85113,2016-04-05 20:17:53,2016,2016,March,March,4,10
2016-03-28 11:52:16,Verkaufe_Seat_Alhambra_mit_ATM,privat,Offer,6500,control,bus,2006,manuell,115,alhambra,150000,Apr,Diesel,seat,No,2016-03-28 00:00:00,83301,2016-03-28 11:52:16,2016,2016,March,March,10,8
2016-03-23 10:58:18,Seat_Altea_XL_2.0_TDI,privat,Offer,5200,control,bus,2007,manuell,140,altea,125000,Sep,,seat,Yes,2016-03-23 00:00:00,45327,2016-04-07 12:45:58,2016,2016,March,March,9,3
2016-03-30 14:53:37,Seat_Alhambra_1.9_TDI_Casa_II,privat,Offer,2900,control,bus,2003,manuell,116,alhambra,150000,May,Diesel,seat,No,2016-03-30 00:00:00,41569,2016-03-30 14:53:37,2016,2016,March,March,13,7
2016-04-03 18:57:20,Seat_Alhambra_mit_Gasanlage_Zavoli_neue_Bremsen_Silber,privat,Offer,3990,control,bus,2003,manuell,150,alhambra,150000,Jan,Lpg,seat,No,2016-04-03 00:00:00,46459,2016-04-03 18:57:20,2016,2016,April,April,13,11
2016-04-02 13:48:58,Seat_Alhambra,privat,Offer,5600,test,bus,2004,manuell,116,alhambra,150000,Apr,Diesel,seat,Other,2016-04-02 00:00:00,85540,2016-04-06 12:16:21,2016,2016,April,April,12,8
2016-04-04 18:41:07,Seat_alhambra_1.9tdi,privat,Offer,3600,test,bus,2001,manuell,116,alhambra,150000,Oct,Diesel,seat,No,2016-04-04 00:00:00,49832,2016-04-04 18:41:07,2016,2016,April,April,15,2
2016-03-18 23:51:22,Seat_Alhambra_1.9_TDI_Reference,privat,Offer,4900,test,bus,2008,manuell,116,alhambra,150000,Aug,Diesel,seat,No,2016-03-18 00:00:00,60327,2016-04-06 19:45:11,2016,2016,March,March,8,4
2016-03-24 17:52:35,SEAT_ALTEA_2.0_TDI_DPF_SPORT_EDITION_07/2017_AHK_TEMPOM._SITZH.,privat,Offer,3500,control,bus,2006,manuell,140,altea,150000,Mar,Diesel,seat,No,2016-03-24 00:00:00,59077,2016-03-30 20:16:47,2016,2016,March,March,10,9
2016-03-10 15:59:39,Seat_Altea_2.0_FSI,privat,Offer,4500,test,bus,2006,manuell,150,altea,125000,Jun,Gasoline,seat,No,2016-03-10 00:00:00,13587,2016-03-12 21:15:40,2016,2016,March,March,10,6
2016-03-20 01:57:27,Seat_Alhambra_2.0_TDI_DPF_Vigo,privat,Offer,6790,test,bus,2006,manuell,140,alhambra,150000,Dec,Diesel,seat,No,2016-03-20 00:00:00,96450,2016-04-06 03:17:01,2016,2016,March,March,10,0
2016-03-27 20:45:08,Seat_Alhambra_1_9_TDI,privat,Offer,3950,control,bus,2001,manuell,115,alhambra,150000,Aug,,seat,Other,2016-03-27 00:00:00,8412,2016-03-31 02:18:07,2016,2016,March,March,15,4
2016-03-20 14:45:43,Seat_Altea__Gebrauchtwagen__Anhaengerkupplung__Pkw,privat,Offer,3999,test,bus,2005,manuell,136,altea,150000,Jun,Diesel,seat,No,2016-03-20 00:00:00,93342,2016-04-06 17:45:39,2016,2016,March,March,11,6
2016-03-23 20:38:18,Seat_Altea_XL_1.2_TSI__Ecomotive__Start_&_Stop_St...,privat,Offer,13490,test,bus,2012,manuell,105,altea,50000,Apr,Gasoline,seat,No,2016-03-23 00:00:00,26127,2016-04-06 01:45:20,2016,2016,March,March,4,8
2016-03-20 20:55:35,Seat_Alhambra_Expedition,privat,Offer,7700,test,bus,2006,manuell,140,alhambra,150000,Nov,Diesel,seat,No,2016-03-20 00:00:00,31162,2016-04-07 06:44:18,2016,2016,March,March,10,1
2016-03-20 17:51:15,Seat_Inca_1.9_SDI_Profi_kein_Rost_TOP_LKW_Zulassung,privat,Offer,3150,test,bus,2000,manuell,64,andere,150000,Nov,Diesel,seat,No,2016-03-20 00:00:00,38268,2016-04-07 00:46:22,2016,2016,March,March,16,1
2016-03-10 16:44:10,Seat_Altea_1.6_Comfort_Top_zustand_155TKM.1Hand_Klima,privat,Offer,4499,control,bus,2007,manuell,102,altea,150000,Jan,Gasoline,seat,No,2016-03-10 00:00:00,52080,2016-03-22 07:16:48,2016,2016,March,March,9,11
2016-03-31 19:51:20,Seat_Alhambra_1.8_20V_Turbo_Sport,privat,Offer,8900,control,bus,2008,manuell,150,alhambra,125000,Sep,Gasoline,seat,No,2016-03-31 00:00:00,49377,2016-04-02 15:46:03,2016,2016,March,March,8,3
2016-03-10 20:54:55,Seat_Altea_1.4_TSI_Style,privat,Offer,9300,test,bus,2009,manuell,125,altea,50000,Dec,Gasoline,seat,No,2016-03-10 00:00:00,21502,2016-04-06 19:18:15,2016,2016,March,March,7,0
2016-03-09 22:53:59,Seat_Altea_2.0_TDI_Sport_Edition,privat,Offer,4777,test,bus,2005,manuell,140,altea,150000,Jun,Diesel,seat,No,2016-03-09 00:00:00,88250,2016-03-11 17:15:53,2016,2016,March,March,11,6
2016-03-07 18:45:09,SEAT_Altea_1_9_TDI_5P,privat,Offer,4000,control,bus,2004,manuell,105,altea,150000,Apr,Diesel,seat,No,2016-03-07 00:00:00,26919,2016-03-14 07:16:31,2016,2016,March,March,12,8
2016-03-30 21:44:44,Seat_2.0_TDI_XL++AHK++6Gang++Alu++Tuev_06/2017,privat,Offer,4700,test,bus,2006,manuell,140,altea,150000,Nov,Diesel,seat,No,2016-03-30 00:00:00,90489,2016-04-03 13:15:28,2016,2016,March,March,10,1
2016-03-30 17:46:18,Seat_Alhambra_2.0_TDI_Reference_Scheckheft_Hagel!,privat,Offer,8999,control,bus,2007,manuell,140,alhambra,70000,Apr,Diesel,seat,No,2016-03-30 00:00:00,33415,2016-04-05 06:15:43,2016,2016,March,March,9,8
2016-03-20 02:36:17,Top_Gepflegt_+_Zustand_+_Unfallfrei_+_Nichtraucher,privat,Offer,3750,control,bus,2005,manuell,0,altea,150000,Jan,,seat,Other,2016-03-20 00:00:00,41068,2016-03-23 22:47:29,2016,2016,March,March,11,11
2016-03-22 10:56:51,Seat_Alhambra_1.9_TDI_Casa_II,privat,Offer,4300,control,bus,2004,manuell,131,alhambra,150000,May,Diesel,seat,No,2016-03-22 00:00:00,90768,2016-03-31 05:45:24,2016,2016,March,March,12,7
2016-04-01 14:55:16,Seat_Altea_XL_Freetrack_4x4_TDI_DPF_Xenon_SHZ_Navi_PDC,privat,Offer,9000,test,bus,2008,manuell,170,Other,90000,Jan,Diesel,seat,No,2016-04-01 00:00:00,1237,2016-04-07 12:46:36,2016,2016,April,April,8,11
2016-03-25 10:37:00,SEAT_Alhambra_1_9_TDI_Sport_Edition__rot__/_6Sitzer,privat,Offer,7500,test,bus,2005,manuell,116,alhambra,125000,Apr,Diesel,seat,No,2016-03-25 00:00:00,93047,2016-03-29 22:46:34,2016,2016,March,March,11,8
2016-03-28 23:52:05,Seat_Inca_1.9_SDI_Profi_Hundefaenger.___LKW__,privat,Offer,3500,test,bus,1999,manuell,64,andere,150000,Feb,Diesel,seat,No,2016-03-28 00:00:00,6808,2016-04-05 14:16:34,2016,2016,March,March,17,10
2016-04-05 11:50:57,SEAT_ALHAMBRA_2.0i_Casa_+_Autogas__LPG_,privat,Offer,1550,test,bus,1999,manuell,116,alhambra,150000,Jun,Lpg,seat,No,2016-04-05 00:00:00,49477,2016-04-05 11:50:57,2016,2016,April,April,17,6
2016-03-28 14:54:11,Seat_Altea_2.0_TDI_Sport_Edition_JE_DESIGN,privat,Offer,7400,test,bus,2005,manuell,170,altea,150000,Aug,Diesel,seat,No,2016-03-28 00:00:00,60389,2016-04-06 21:18:06,2016,2016,March,March,11,4
2016-03-09 22:54:20,seat_alhambra,privat,Offer,1000,test,bus,1997,manuell,60,alhambra,150000,Jan,Diesel,seat,Other,2016-03-09 00:00:00,59065,2016-04-05 15:47:41,2016,2016,March,March,19,11
2016-03-07 17:41:57,Seat_Altea,privat,Offer,5700,test,bus,2007,manuell,140,altea,125000,Jul,Diesel,seat,No,2016-03-07 00:00:00,31141,2016-04-04 04:18:02,2016,2016,March,March,9,5
2016-03-20 20:51:16,Seat_Altea_2.0_TDI_DPF_FR,privat,Offer,6450,test,bus,2006,manuell,170,altea,150000,May,Diesel,seat,No,2016-03-20 00:00:00,29328,2016-04-07 05:46:03,2016,2016,March,March,10,7
2016-03-11 10:31:09,Seat_Altea_1.4_TSI_Sport_Modell_2010,privat,Offer,6990,control,bus,2009,manuell,125,altea,90000,Nov,Gasoline,seat,No,2016-03-10 00:00:00,35582,2016-04-07 09:17:01,2016,2016,March,March,7,1
2016-04-03 23:54:53,Seat_Alhambra_1.9_TDI_Sport_Edition,privat,Offer,4990,control,bus,2004,manuell,131,alhambra,150000,Oct,Diesel,seat,No,2016-04-03 00:00:00,8538,2016-04-06 08:16:26,2016,2016,April,April,12,2
2016-03-21 15:50:21,Seat_Alhambra_113.000_km,privat,Offer,1000,control,bus,1998,manuell,116,alhambra,125000,Dec,Gasoline,seat,No,2016-03-21 00:00:00,66822,2016-04-06 14:44:28,2016,2016,March,March,18,0
2016-03-24 18:56:01,Seat_Alhambra_an_Bastler,privat,Offer,1300,test,bus,1999,manuell,125,alhambra,125000,Jun,Gasoline,seat,Yes,2016-03-24 00:00:00,33442,2016-03-29 04:47:04,2016,2016,March,March,17,6
2016-04-01 21:50:42,Seat_Alhambra_tdi,privat,Offer,4300,test,bus,2004,manuell,116,alhambra,150000,Mar,Diesel,seat,Yes,2016-04-01 00:00:00,12309,2016-04-05 19:46:22,2016,2016,April,April,12,9
2016-03-21 22:41:16,Seat_Toledo_Sport_Edition_LPG_/_Benzin_schwarz,privat,Offer,4800,control,bus,2006,manuell,102,toledo,150000,Apr,Lpg,seat,No,2016-03-21 00:00:00,32120,2016-04-07 02:46:36,2016,2016,March,March,10,8
2016-03-19 16:29:14,Seat_Alhambra_1.9_TDI,privat,Offer,2700,control,bus,2003,Unspecified,0,alhambra,150000,Aug,Diesel,seat,No,2016-03-19 00:00:00,55128,2016-03-27 15:47:58,2016,2016,March,March,13,4
2016-03-15 18:46:49,Seat_Altea_1.8_TSI_DSG_Style,privat,Offer,11750,control,bus,2012,automatik,160,altea,60000,Jun,Gasoline,seat,No,2016-03-15 00:00:00,12305,2016-04-06 19:46:47,2016,2016,March,March,4,6
2016-03-29 10:59:04,Seat_Alhambra_1.9_TDI_Automatik_Sport_*6_Sitze*,privat,Offer,4990,control,bus,2004,automatik,116,alhambra,150000,Jan,Diesel,seat,No,2016-03-29 00:00:00,4347,2016-04-05 19:46:44,2016,2016,March,March,12,11
2016-03-18 00:57:37,Top_gepflegter_Seat_Alhambra,privat,Offer,4390,test,bus,2003,manuell,131,alhambra,150000,Mar,Diesel,seat,No,2016-03-17 00:00:00,9599,2016-03-27 22:44:58,2016,2016,March,March,13,9
2016-03-26 19:49:39,Seat_Alhambra,privat,Offer,2200,control,bus,2002,manuell,150,alhambra,150000,Jan,Gasoline,seat,No,2016-03-26 00:00:00,86476,2016-03-28 09:16:17,2016,2016,March,March,14,11
2016-03-19 10:55:47,Seat_Alhambra__top_gepflegt__Garagenwagen,privat,Offer,10000,test,bus,2006,manuell,150,alhambra,70000,Apr,Diesel,seat,No,2016-03-19 00:00:00,6682,2016-04-04 10:47:09,2016,2016,March,March,10,8
2016-03-06 20:46:34,Seat_Altea_1.6_TDI_DPF_CR_Ecomotive_Reference_Copa,privat,Offer,10950,control,bus,2012,manuell,105,altea,70000,Apr,Diesel,seat,No,2016-03-06 00:00:00,28816,2016-03-09 07:18:24,2016,2016,March,March,4,8
2016-03-20 10:49:54,Seat_Altea_1_9_TDI_Reference,privat,Offer,5000,control,bus,2004,manuell,105,Other,150000,Jul,Diesel,seat,No,2016-03-20 00:00:00,30169,2016-04-06 07:45:28,2016,2016,March,March,12,5
2016-03-06 16:36:42,Seat_Altea_1.8_TSI_DSG_Style_Top_Ausstattung,privat,Offer,13500,test,bus,2013,automatik,160,altea,20000,Apr,Gasoline,seat,No,2016-03-06 00:00:00,80997,2016-03-14 05:17:04,2016,2016,March,March,3,8
2016-03-15 08:36:56,Seat_Altea_1.4_TSI_Style,privat,Offer,6900,test,bus,2009,manuell,125,altea,125000,Dec,Gasoline,seat,No,2016-03-15 00:00:00,63486,2016-03-16 04:46:53,2016,2016,March,March,7,0
2016-04-01 20:43:53,Seat_Altea_zu_verkaufen,privat,Offer,5350,test,bus,2006,manuell,102,altea,90000,Jan,,seat,No,2016-04-01 00:00:00,28207,2016-04-05 17:44:36,2016,2016,April,April,10,11
2016-04-01 18:55:24,Seat_Alhambra_Van_TDI,privat,Offer,999,control,bus,1996,manuell,90,alhambra,150000,Jan,Diesel,seat,No,2016-04-01 00:00:00,84359,2016-04-05 14:47:18,2016,2016,April,April,20,11
2016-03-29 13:54:23,Seat_Altea_1.9_TDI,privat,Offer,4150,control,bus,2006,manuell,105,altea,150000,Apr,Diesel,seat,No,2016-03-29 00:00:00,69242,2016-03-29 13:54:23,2016,2016,March,March,10,8
2016-03-21 20:40:12,Seat_Altea_1.6_TDI_DPF,privat,Offer,10950,control,bus,2014,manuell,105,altea,30000,May,Diesel,seat,No,2016-03-21 00:00:00,45327,2016-03-30 09:17:47,2016,2016,March,March,2,7
2016-03-09 22:49:29,Seat_Alhambra_1_9_TDI_Stella_6_Gang_Getriebe_!_7_Sitzer!,privat,Offer,3600,test,bus,2003,manuell,116,alhambra,150000,Dec,Diesel,seat,No,2016-03-09 00:00:00,46282,2016-03-13 03:45:51,2016,2016,March,March,13,0
2016-04-04 08:54:19,Seat_Alhambra_1.9_TDI_Casa_II,privat,Offer,2600,control,bus,2002,manuell,116,alhambra,150000,May,Diesel,seat,No,2016-04-04 00:00:00,58636,2016-04-06 10:46:00,2016,2016,April,April,14,7
2016-03-23 20:54:23,Seat_Altea_1.4_TSI_Stylance,privat,Offer,7150,test,bus,2008,manuell,125,altea,100000,Aug,Gasoline,seat,No,2016-03-23 00:00:00,38170,2016-04-06 02:46:09,2016,2016,March,March,8,4
2016-04-02 10:55:00,Seat_Altea_XL_1.4_TSI_Style,privat,Offer,6999,test,bus,2010,manuell,125,altea,150000,Mar,Gasoline,seat,No,2016-04-02 00:00:00,49124,2016-04-06 09:16:19,2016,2016,April,April,6,9
2016-03-12 16:38:42,Seat_Alhambra_tdi,privat,Offer,4200,control,bus,2004,manuell,116,alhambra,150000,Mar,Diesel,seat,Yes,2016-03-12 00:00:00,12309,2016-03-14 08:17:59,2016,2016,March,March,12,9
2016-03-14 17:44:31,Seat_Alhambra_DPF_Gruene_Plakette,privat,Offer,6300,test,bus,2004,manuell,131,alhambra,125000,Jul,Diesel,seat,No,2016-03-14 00:00:00,40625,2016-03-20 06:45:48,2016,2016,March,March,12,5
2016-04-05 00:40:52,Seat_Alhambra_1.9_TDI,privat,Offer,2900,control,bus,2003,manuell,116,alhambra,150000,Apr,Diesel,seat,No,2016-04-04 00:00:00,33605,2016-04-07 03:17:05,2016,2016,April,April,13,8
2016-03-21 19:57:22,Seat_Altea_1.6_TDI_DPF_CR_DSG_Reference,privat,Offer,7900,test,bus,2010,automatik,105,altea,125000,Jun,Diesel,seat,No,2016-03-21 00:00:00,35260,2016-04-06 23:45:54,2016,2016,March,March,6,6
2016-04-04 12:45:23,Seat_Alhamra_Van_Tuev_11/16,privat,Offer,2100,control,bus,2002,manuell,116,alhambra,150000,Jun,Diesel,seat,No,2016-04-04 00:00:00,17111,2016-04-06 13:45:20,2016,2016,April,April,14,6
2016-03-26 13:45:28,Seat_Altea_2.0_TDI_Stylance,privat,Offer,3200,control,bus,2004,manuell,140,altea,150000,Jun,Diesel,seat,No,2016-03-26 00:00:00,85405,2016-04-02 03:16:41,2016,2016,March,March,12,6
2016-04-01 09:51:39,Seat_Altea_XL_1.6_TDI_DPF_CR_Ecomotive_Reference_Copa,privat,Offer,7900,test,bus,2011,manuell,105,altea,80000,Mar,Diesel,seat,No,2016-04-01 00:00:00,86879,2016-04-07 06:46:17,2016,2016,April,April,5,9
2016-03-26 22:52:18,Seat_Altea_XL1.6_Style,privat,Offer,7500,test,bus,2009,manuell,102,altea,100000,May,Gasoline,seat,No,2016-03-26 00:00:00,57439,2016-03-28 14:46:43,2016,2016,March,March,7,7
2016-03-30 15:56:18,Seat_Alhambra_1.9_TDI_Casa_I,privat,Offer,3500,test,bus,2002,manuell,116,alhambra,150000,May,Diesel,seat,No,2016-03-30 00:00:00,39517,2016-04-07 06:44:51,2016,2016,March,March,14,7
2016-03-27 13:50:23,SEAT_ALHAMBRA_SIGNO_1.9TDI_FAST_VOLLAUSTATUNG,privat,Offer,1500,test,bus,2001,automatik,116,Other,150000,Dec,Diesel,seat,Yes,2016-03-27 00:00:00,30167,2016-03-27 13:50:23,2016,2016,March,March,15,0
2016-03-08 13:36:25,Seat_Altea_1.6_TDI_DPF_CR_Ecomotive_Style_Copa,privat,Offer,10300,control,bus,2012,manuell,105,altea,60000,Apr,Diesel,seat,No,2016-03-08 00:00:00,47638,2016-03-19 04:47:32,2016,2016,March,March,4,8
2016-03-05 14:22:43,Seat_Alhambra_1.9_Signo,privat,Offer,3300,test,bus,2001,manuell,116,alhambra,150000,Oct,Diesel,seat,No,2016-03-04 00:00:00,57577,2016-03-05 23:17:22,2016,2016,March,March,15,2
2016-03-28 00:38:17,Seat_Alhambra_1.9_TDI,privat,Offer,4500,control,bus,2003,manuell,116,alhambra,150000,Apr,Diesel,seat,No,2016-03-27 00:00:00,73492,2016-04-06 09:15:24,2016,2016,March,March,13,8
2016-03-08 17:46:24,schwarzer_Seat_Alhambra,privat,Offer,8800,control,bus,2007,Unspecified,0,alhambra,150000,Mar,Diesel,seat,Other,2016-03-08 00:00:00,75057,2016-04-07 07:44:23,2016,2016,March,March,9,9
2016-03-21 13:38:17,Verkaufe_Seat_Alhambra_mit_ATM,privat,Offer,6700,test,bus,2006,manuell,115,alhambra,150000,Mar,Diesel,seat,No,2016-03-21 00:00:00,83301,2016-03-21 13:38:17,2016,2016,March,March,10,9
2016-04-03 21:50:09,Seat_Seat_Altea_2.0_TDI_Stylance_AHK_und_HU_/_AU_neu,privat,Offer,4790,test,bus,2005,manuell,140,altea,150000,May,Diesel,seat,No,2016-04-03 00:00:00,54293,2016-04-03 21:50:09,2016,2016,April,April,11,7
2016-03-07 15:37:19,Seat_Altea_1.6_TDI_DPF_CR_Ecomotive_Style,privat,Offer,8499,control,bus,2010,manuell,105,altea,60000,Jul,Diesel,seat,No,2016-03-07 00:00:00,23795,2016-03-15 04:46:01,2016,2016,March,March,6,5
2016-03-23 19:58:17,Seat_Alhambra_1.9_TDI,privat,Offer,2190,control,bus,2001,manuell,116,alhambra,150000,Mar,Diesel,seat,No,2016-03-23 00:00:00,78647,2016-03-23 20:41:11,2016,2016,March,March,15,9
2016-03-07 10:54:15,SEAT_ALHAMBRA_1_9_TDI,privat,Offer,3800,test,bus,2002,manuell,115,alhambra,150000,Feb,Diesel,seat,No,2016-03-07 00:00:00,94469,2016-04-07 08:15:24,2016,2016,March,March,14,10
2016-03-12 16:46:50,Seat_Alhambra_1.9_TDI_Stella,privat,Offer,4250,control,bus,2002,manuell,116,alhambra,150000,Apr,Diesel,seat,No,2016-03-12 00:00:00,72401,2016-04-07 06:45:17,2016,2016,March,March,14,8
2016-03-05 14:15:55,Zustand_gut,privat,Offer,1150,test,bus,2001,manuell,0,alhambra,150000,Jan,,seat,Other,2016-03-03 00:00:00,60599,2016-04-05 12:44:49,2016,2016,March,March,15,11
2016-03-16 00:58:10,Seat_Alhambra_2.0_TDI_DPF_Reference,privat,Offer,9990,test,bus,2010,manuell,140,alhambra,150000,Apr,Diesel,seat,No,2016-03-15 00:00:00,87700,2016-04-06 00:46:18,2016,2016,March,March,6,8
2016-03-16 18:49:35,Seat_Altea_1.6_TDI_DPF_CR_Ecomotive_Style_Copa,privat,Offer,11950,control,bus,2013,manuell,105,altea,40000,Aug,Diesel,seat,No,2016-03-16 00:00:00,73092,2016-04-07 03:15:33,2016,2016,March,March,3,4
2016-04-01 12:54:32,Seat_Alhambra_1.9_TDI,privat,Offer,4900,test,bus,2002,manuell,116,alhambra,150000,Aug,Diesel,seat,No,2016-04-01 00:00:00,37242,2016-04-07 10:15:56,2016,2016,April,April,14,4
2016-03-12 19:57:06,Seat_inca_baustellenfahrzeug,privat,Offer,500,test,bus,1998,manuell,68,Other,150000,May,,seat,Other,2016-03-12 00:00:00,4808,2016-03-19 23:48:54,2016,2016,March,March,18,7
2016-04-04 00:56:00,Seat_Alhambra_2.0_TDI_DPF,privat,Offer,6550,test,bus,2007,manuell,140,alhambra,150000,Jul,Diesel,seat,No,2016-04-04 00:00:00,30419,2016-04-06 09:16:48,2016,2016,April,April,9,5
2016-04-07 13:06:22,Seat_Altea_1.9TDI_HU/AU_NEU_Gruene_Plakette__Sport_Ed.,privat,Offer,4499,control,bus,2004,manuell,105,altea,150000,Sep,Diesel,seat,No,2016-04-07 00:00:00,56567,2016-04-07 13:06:22,2016,2016,April,April,12,3
2016-03-05 21:51:15,Seat_Alhambra_1.9_TDI_Casa_II,privat,Offer,3950,test,bus,2002,manuell,116,alhambra,150000,Nov,Diesel,seat,No,2016-03-05 00:00:00,25436,2016-03-12 17:20:27,2016,2016,March,March,14,1
2016-03-05 14:45:47,Seat_Alhambra_2.0_TDI_DPF_Navi__Kamera__FSA__uvm!,privat,Offer,8000,control,bus,2006,manuell,140,alhambra,150000,May,Diesel,seat,No,2016-03-05 00:00:00,27232,2016-04-03 09:16:03,2016,2016,March,March,10,7
2016-03-19 22:57:05,Seat_Altea_2.0_TDI_DPF_DSG_XL_Stylance,privat,Offer,8600,test,bus,2007,automatik,140,altea,90000,Feb,Diesel,seat,No,2016-03-19 00:00:00,71642,2016-04-06 00:15:33,2016,2016,March,March,9,10
2016-03-07 08:32:20,Seat_Altea_2.0_TDI_DPF_XL,privat,Offer,8990,control,bus,2009,manuell,140,altea,80000,Jun,Diesel,seat,No,2016-03-07 00:00:00,65795,2016-03-13 00:15:50,2016,2016,March,March,7,6
2016-04-02 17:47:00,Seat_Alhambra_1.9_TDI_Sport_Edition,privat,Offer,6300,control,bus,2005,manuell,150,alhambra,150000,Sep,Diesel,seat,No,2016-04-02 00:00:00,89165,2016-04-06 17:16:38,2016,2016,April,April,11,3
2016-03-26 14:53:14,Seat_Alhambra_1.9_TDI_Vigo,privat,Offer,6990,control,bus,2005,manuell,116,alhambra,150000,Apr,Diesel,seat,No,2016-03-26 00:00:00,28857,2016-03-26 14:53:14,2016,2016,March,March,11,8
2016-03-20 20:58:53,Seat_Alhambra_2.0_TDI_DPF_Vigo,privat,Offer,6990,test,bus,2006,manuell,140,alhambra,150000,Jun,Diesel,seat,No,2016-03-20 00:00:00,77694,2016-04-07 06:44:24,2016,2016,March,March,10,6
2016-03-23 16:54:33,Seat_alhambra_1.9Tdi_Gruene_Plakette_Tuev_04.2017,privat,Offer,3000,test,bus,2003,manuell,116,alhambra,150000,Apr,Diesel,seat,No,2016-03-23 00:00:00,78144,2016-03-27 22:44:18,2016,2016,March,March,13,8
2016-03-10 23:57:49,Seat_Altea_1.9_TDI_DPF_XL_Stylance_in_Sombra_Grau,privat,Offer,3300,test,bus,2007,manuell,105,altea,150000,Oct,Diesel,seat,No,2016-03-10 00:00:00,50733,2016-03-13 02:15:55,2016,2016,March,March,9,2
2016-03-20 21:46:25,Seat_Alhambra_1.9_TDI_Reference,privat,Offer,6500,test,bus,2006,manuell,116,alhambra,150000,Mar,Diesel,seat,No,2016-03-20 00:00:00,83301,2016-04-07 06:46:05,2016,2016,March,March,10,9
2016-03-07 12:54:13,Seat_Alhambra_2.0_TDI_DPF_Reference,privat,Offer,9650,test,bus,2010,manuell,140,alhambra,150000,Apr,Diesel,seat,No,2016-03-07 00:00:00,41849,2016-04-05 20:17:03,2016,2016,March,March,6,8
2016-03-28 20:49:52,Seat_Alhambra_1.9TDI_7__Sitzer_Tuev/Au__12/2017,privat,Offer,2700,control,bus,2002,manuell,0,alhambra,150000,Dec,Diesel,seat,Other,2016-03-28 00:00:00,27753,2016-03-28 20:49:52,2016,2016,March,March,14,0
2016-03-18 15:36:44,Seat_Alhambra__2_0i__1._Hand__TÜV_06/17__119TKm__Klimaautomatik,privat,Offer,8200,control,bus,2008,manuell,115,alhambra,125000,Jul,Gasoline,seat,Other,2016-03-18 00:00:00,13503,2016-03-21 07:17:11,2016,2016,March,March,8,5
2016-03-26 19:44:32,Seat_Alhambra_2.0_TDI_DPF_Vigo,privat,Offer,6990,control,bus,2008,manuell,140,alhambra,150000,Apr,Diesel,seat,No,2016-03-26 00:00:00,19230,2016-04-04 08:18:04,2016,2016,March,March,8,8
2016-03-17 19:42:55,Seat_Alhambra_2.0_TDI_DPF_Vigo,privat,Offer,8500,control,bus,2007,manuell,140,alhambra,125000,Jul,Diesel,seat,No,2016-03-17 00:00:00,48167,2016-03-27 12:16:17,2016,2016,March,March,9,5
2016-03-31 13:46:41,Seat_alhambra_1.9_mit_TÜV,privat,Offer,3900,control,bus,2005,manuell,115,alhambra,150000,Dec,Diesel,seat,Other,2016-03-31 00:00:00,44536,2016-04-02 08:46:23,2016,2016,March,March,11,0
2016-04-02 15:40:36,Seat_Altea_1.6_Fresh,privat,Offer,3999,control,bus,2006,manuell,102,altea,150000,Jan,Gasoline,seat,No,2016-04-02 00:00:00,93333,2016-04-06 14:16:40,2016,2016,April,April,10,11
2016-03-15 13:51:59,Seat_Altea_2.0_TDI_DPF_4x4_Freetrack,privat,Offer,6800,control,bus,2008,manuell,170,altea,150000,Jan,Diesel,seat,Yes,2016-03-15 00:00:00,93351,2016-03-15 13:51:59,2016,2016,March,March,8,11
2016-04-01 15:47:01,Skoda_Roomstar__1.2,privat,Offer,9000,test,bus,2011,manuell,69,Other,40000,Jan,Gasoline,seat,No,2016-04-01 00:00:00,13053,2016-04-07 13:17:20,2016,2016,April,April,5,11
2016-03-25 20:52:54,Seat_Alhambra,privat,Offer,12500,control,bus,2006,manuell,170,alhambra,150000,Dec,Diesel,seat,No,2016-03-25 00:00:00,22399,2016-04-07 03:47:00,2016,2016,March,March,10,0
2016-04-06 19:36:23,Seat_Inca__5__Sitzer,privat,Offer,1900,test,bus,2003,manuell,64,andere,150000,Jun,Gasoline,seat,No,2016-04-06 00:00:00,4159,2016-04-06 19:36:23,2016,2016,April,April,13,6
2016-03-24 10:55:29,Seat_Altea_1.4_TSI_XL_Reference_Comfort,privat,Offer,6490,test,bus,2008,manuell,125,altea,125000,Aug,Gasoline,seat,No,2016-03-24 00:00:00,99974,2016-04-04 22:18:24,2016,2016,March,March,8,4
2016-03-07 12:55:52,Seat_Alhamra_1_9_TDI_Gruene_Plakette,privat,Offer,2750,test,bus,2002,manuell,116,alhambra,150000,May,Diesel,seat,Other,2016-03-07 00:00:00,45143,2016-03-09 13:45:30,2016,2016,March,March,14,7
2016-03-12 20:58:35,Seat_Altea_1.6,privat,Offer,6800,test,bus,2007,manuell,75,altea,125000,Jul,Gasoline,seat,No,2016-03-12 00:00:00,22946,2016-04-05 14:45:45,2016,2016,March,March,9,5
2016-03-09 21:44:45,Seat_Alhambra_1.9_TDI,privat,Offer,3150,test,bus,2001,manuell,116,alhambra,150000,Feb,Diesel,seat,No,2016-03-09 00:00:00,33397,2016-03-10 07:47:06,2016,2016,March,March,15,10
2016-03-09 12:53:56,Seat_Alhambra_1.9_TDI__7_Sitze,privat,Offer,3300,control,bus,2002,manuell,116,alhambra,150000,Apr,Diesel,seat,No,2016-03-09 00:00:00,31683,2016-03-11 19:18:40,2016,2016,March,March,14,8
2016-03-14 12:43:28,Seat_Alhambra_2._Hand__Benzin/LPG_Autogas,privat,Offer,2950,test,bus,2005,manuell,116,alhambra,150000,Jun,Lpg,seat,No,2016-02-12 00:00:00,34454,2016-03-29 11:44:28,2016,2016,February,March,11,6
2016-03-11 09:38:31,Seat_Alhambra_Statheizung_Klima,privat,Offer,1899,control,bus,1999,manuell,116,alhambra,150000,Apr,Gasoline,seat,Other,2016-03-11 00:00:00,32278,2016-04-06 22:15:26,2016,2016,March,March,17,8
2016-03-07 17:55:50,Seat_Alten_1.8_TSI_Style_aus_1._Hand,privat,Offer,11500,test,bus,2011,manuell,160,altea,50000,Jun,Gasoline,seat,No,2016-03-07 00:00:00,58640,2016-04-06 20:19:14,2016,2016,March,March,5,6
2016-03-23 18:56:58,Seat_Altea_XL_1.6_TDI_DPF_CR_DSG,privat,Offer,6850,test,bus,2010,automatik,105,altea,150000,Aug,Diesel,seat,No,2016-03-23 00:00:00,53783,2016-03-27 03:17:43,2016,2016,March,March,6,4
2016-04-04 23:52:37,Seat_Altea_2.0_TDI_Sport_Edition,privat,Offer,3900,control,bus,2005,manuell,140,altea,150000,Mar,Diesel,seat,No,2016-04-04 00:00:00,66903,2016-04-07 09:15:18,2016,2016,April,April,11,9
2016-03-15 16:37:44,Seat_xl,privat,Offer,7900,control,bus,2009,manuell,140,altea,150000,Dec,Diesel,seat,No,2016-03-15 00:00:00,34537,2016-03-24 02:18:15,2016,2016,March,March,7,0
2016-03-15 19:50:04,Seat_Altea_1.2_TSI_Good_Stuff,privat,Offer,9990,control,bus,2011,manuell,105,altea,40000,Feb,Gasoline,seat,No,2016-03-15 00:00:00,53859,2016-04-07 00:17:30,2016,2016,March,March,5,10
2016-03-30 16:52:24,Seat_Alhambra_1_9_TDI_150PS_Bj.2005,privat,Offer,5800,test,bus,2005,manuell,150,alhambra,150000,Sep,Diesel,seat,No,2016-03-30 00:00:00,85302,2016-04-03 07:15:23,2016,2016,March,March,11,3
2016-03-12 23:54:02,Seat_Alhambra_1.9_TDI,privat,Offer,1500,control,bus,2001,manuell,116,alhambra,150000,Aug,Diesel,seat,No,2016-03-12 00:00:00,26188,2016-03-13 06:41:28,2016,2016,March,March,15,4
2016-03-23 10:59:20,Seat_Alhambra_TDI_Klimaautomatik_/_AHK_/_Tuev_01/2018,privat,Offer,2900,control,bus,2002,manuell,116,alhambra,150000,Jul,Diesel,seat,No,2016-03-23 00:00:00,17033,2016-04-07 12:17:15,2016,2016,March,March,14,5
2016-04-07 12:36:26,Seat_Altea_2.0_FSI_Sport_Edition,privat,Offer,4799,test,bus,2005,manuell,150,altea,150000,Sep,Gasoline,seat,No,2016-04-07 00:00:00,95445,2016-04-07 12:36:26,2016,2016,April,April,11,3
2016-04-03 20:42:13,Seat_Altea_2.0_TDI_DSG_Stylance,privat,Offer,6450,test,bus,2006,automatik,140,altea,150000,Oct,Diesel,seat,No,2016-04-03 00:00:00,33790,2016-04-05 21:17:08,2016,2016,April,April,10,2
2016-03-10 22:07:02,Seat_Altea_1.4_TSI_Sport_Style,privat,Offer,6990,control,bus,2009,manuell,125,altea,90000,Nov,Gasoline,seat,No,2016-03-10 00:00:00,35582,2016-04-06 13:17:08,2016,2016,March,March,7,1
2016-03-22 13:37:39,Seat_Altea_1.9_TDI_Stylance,privat,Offer,4500,control,bus,2004,manuell,105,altea,150000,Aug,Diesel,seat,No,2016-03-22 00:00:00,48161,2016-04-06 02:16:08,2016,2016,March,March,12,4
2016-03-29 14:36:22,Verkaufe_Seat_Alhambra_mit_ATM,privat,Offer,6500,test,bus,2006,manuell,116,alhambra,150000,Apr,Diesel,seat,No,2016-03-29 00:00:00,83301,2016-03-31 08:16:56,2016,2016,March,March,10,8
2016-03-07 12:45:30,Seat_Altea_XL__1_4_TSI_Style,privat,Offer,7900,test,bus,2009,manuell,125,altea,100000,Jul,Gasoline,seat,No,2016-03-07 00:00:00,14513,2016-03-12 06:45:36,2016,2016,March,March,7,5
2016-03-18 16:51:23,Seat_altea_xl_Sportlich_Und_Familie,privat,Offer,9000,test,bus,2008,manuell,160,altea,100000,May,Gasoline,seat,No,2016-03-18 00:00:00,66687,2016-04-05 22:44:30,2016,2016,March,March,8,7
2016-03-19 15:54:14,Seat_Alhambra_2.0i_Comfort,privat,Offer,1050,control,bus,1999,manuell,116,alhambra,150000,Mar,Gasoline,seat,No,2016-03-19 00:00:00,46238,2016-04-07 00:46:47,2016,2016,March,March,17,9
2016-04-04 15:55:18,Seat_Altea_2.0_TDI_DSG_Sport_Edition,privat,Offer,6000,test,bus,2006,automatik,140,altea,150000,Jan,Diesel,seat,No,2016-04-04 00:00:00,51515,2016-04-06 17:44:55,2016,2016,April,April,10,11
2016-04-06 13:36:22,Seat_Alhambra_2.0,privat,Offer,5700,test,bus,2007,manuell,116,alhambra,150000,Sep,Gasoline,seat,No,2016-04-06 00:00:00,64646,2016-04-06 13:36:22,2016,2016,April,April,9,3
2016-03-08 11:48:02,Seat_Altea_1.9_TDI_Reference,privat,Offer,3390,control,bus,2005,manuell,105,altea,150000,Jun,Diesel,seat,No,2016-03-08 00:00:00,81241,2016-03-12 18:16:31,2016,2016,March,March,11,6
2016-03-10 20:58:47,Seat_Altea_1.4_TSI,privat,Offer,6990,test,bus,2009,manuell,125,altea,90000,Nov,Gasoline,seat,No,2016-03-10 00:00:00,35582,2016-04-06 19:45:09,2016,2016,March,March,7,1
2016-03-27 11:50:10,Seat_Alhambra_1_9_TDI,privat,Offer,5400,test,bus,2004,manuell,131,alhambra,150000,Jan,Diesel,seat,Other,2016-03-27 00:00:00,83301,2016-04-07 07:16:08,2016,2016,March,March,12,11
2016-03-17 21:55:08,Seat_Altea_1_8_TSI_ERSTE_HAND!_SCHECKHEFTGEPFLEGT!,privat,Offer,7900,test,bus,2008,manuell,160,altea,100000,Aug,Gasoline,seat,No,2016-03-17 00:00:00,35708,2016-04-03 06:17:43,2016,2016,March,March,8,4
2016-03-31 09:54:37,Seat_ALHAMBRA_1.9TDI_7_Sitze,privat,Offer,2550,control,bus,2002,manuell,0,alhambra,150000,Jun,,seat,Yes,2016-03-31 00:00:00,8064,2016-03-31 10:46:42,2016,2016,March,March,14,6
2016-03-19 04:43:25,Seat_Altea_1.9_TDI_Reference,privat,Offer,4999,test,bus,2004,manuell,105,altea,150000,Jul,Diesel,seat,No,2016-03-18 00:00:00,30169,2016-04-06 02:15:36,2016,2016,March,March,12,5
2016-03-17 11:45:31,Seat_Altea_2.0_T_FSI_FR,privat,Offer,9200,control,bus,2009,manuell,200,altea,125000,Apr,Gasoline,seat,No,2016-03-17 00:00:00,85221,2016-04-06 11:16:03,2016,2016,March,March,7,8
2016-03-16 11:39:59,Verkaufe_Seat_Alhambra_mit_ATM,privat,Offer,6700,test,bus,2006,manuell,115,alhambra,150000,Mar,Diesel,seat,No,2016-03-16 00:00:00,83301,2016-03-17 08:46:39,2016,2016,March,March,10,9
2016-03-19 17:44:47,Seat_Alhambra_1.9_TDI_Casa_I,privat,Offer,2590,control,bus,2001,manuell,116,alhambra,150000,Oct,Diesel,seat,No,2016-03-19 00:00:00,90542,2016-03-24 12:47:18,2016,2016,March,March,15,2
2016-03-15 11:45:00,Verkaufe_Seat_Alhambra_mit_ATM,privat,Offer,6700,test,bus,2006,manuell,115,alhambra,150000,Mar,Diesel,seat,No,2016-03-15 00:00:00,83301,2016-03-16 07:16:48,2016,2016,March,March,10,9
2016-03-12 16:52:22,CADDY_SEAT__ÜBER_EIN_JAHR_TÜV,privat,Offer,999,control,bus,2000,manuell,64,andere,150000,Jan,Diesel,seat,No,2016-03-12 00:00:00,18230,2016-03-12 16:52:22,2016,2016,March,March,16,11
2016-03-12 08:37:20,Seat_Alhambra_2.0i_Comfort,privat,Offer,2200,control,bus,1999,manuell,116,alhambra,150000,Jan,Gasoline,seat,No,2016-03-12 00:00:00,7958,2016-04-05 23:45:13,2016,2016,March,March,17,11
2016-03-15 21:38:23,Seat_Alhambra_1.9_TDI_Signo_mit_DPF_Grueneplakette,privat,Offer,3450,control,bus,2002,manuell,116,alhambra,150000,May,Diesel,seat,No,2016-03-15 00:00:00,40589,2016-03-17 18:17:27,2016,2016,March,March,14,7
2016-03-19 17:39:27,Seat_Altea_2.0_TDI_DPF_XL_Stylance,privat,Offer,7500,control,bus,2007,manuell,140,altea,150000,Oct,Diesel,seat,No,2016-03-19 00:00:00,42855,2016-04-07 03:45:50,2016,2016,March,March,9,2
2016-04-01 13:55:43,Seat_Alhambra_1.9_TDI,privat,Offer,1150,test,bus,1999,manuell,110,alhambra,150000,Sep,Diesel,seat,No,2016-04-01 00:00:00,90431,2016-04-07 10:46:03,2016,2016,April,April,17,3
2016-03-25 18:49:41,Seat_Alhambra_2_0_Tdi_Sport,privat,Offer,12500,test,bus,2006,manuell,170,alhambra,150000,Dec,Diesel,seat,Other,2016-03-25 00:00:00,22399,2016-04-07 00:46:03,2016,2016,March,March,10,0
2016-03-05 14:06:40,Seat_Alhambra_1.9_TDI,privat,Offer,3300,test,bus,2001,manuell,116,alhambra,150000,Oct,Diesel,seat,No,2016-03-05 00:00:00,57577,2016-03-12 14:16:09,2016,2016,March,March,15,2
2016-03-07 21:51:31,Seat_Alhambra_1.9_TDI__Familien_Van__7_Sitze__Servo,privat,Offer,1900,control,bus,2003,manuell,115,alhambra,150000,Jan,Diesel,seat,No,2016-03-07 00:00:00,93059,2016-03-08 15:16:06,2016,2016,March,March,13,11
2016-03-16 15:53:43,Seat_Alhambra_2.0i_Exclusiv,privat,Offer,1100,test,bus,1998,manuell,116,alhambra,150000,Nov,Lpg,seat,No,2016-03-16 00:00:00,33647,2016-03-17 14:44:38,2016,2016,March,March,18,1
2016-03-30 15:53:40,Seat_Altea_2.0_TDI_DPF_Sport_Edition,privat,Offer,4800,test,bus,2006,manuell,140,altea,150000,Jun,Diesel,seat,No,2016-03-30 00:00:00,47166,2016-04-07 07:16:00,2016,2016,March,March,10,6
2016-04-03 11:46:28,Seat_Altea_2.0_TDI_DSG,privat,Offer,5000,control,bus,2004,automatik,140,altea,150000,Nov,Diesel,seat,No,2016-04-03 00:00:00,15344,2016-04-07 12:45:43,2016,2016,April,April,12,1
2016-03-08 21:56:51,Seat_Alhambra_1.9_TDI,privat,Offer,1990,control,bus,2001,manuell,116,alhambra,150000,Aug,Diesel,seat,No,2016-03-08 00:00:00,44145,2016-03-24 08:16:45,2016,2016,March,March,15,4
2016-03-15 19:49:20,Seat_Altea_1.6_XL_Reference_Comfort,privat,Offer,5800,control,bus,2008,manuell,102,altea,125000,Mar,Gasoline,seat,Other,2016-03-15 00:00:00,22143,2016-03-24 10:44:42,2016,2016,March,March,8,9
2016-03-16 16:39:31,Seat_Alhambra_1.9_TDI_Signo,privat,Offer,2499,control,bus,2002,manuell,116,alhambra,150000,May,Diesel,seat,No,2016-03-16 00:00:00,67697,2016-03-16 16:39:31,2016,2016,March,March,14,7
2016-03-31 19:44:16,Seat_Inca_1_9_SDI_wie_VW_Caddy_TÜV_09/17_Tausch_gegen_T4_moeglich,privat,Offer,2000,control,bus,2003,manuell,64,andere,5000,Jun,Diesel,seat,No,2016-03-31 00:00:00,36404,2016-04-06 13:45:37,2016,2016,March,March,13,6
2016-03-20 18:45:33,Seat_Alhambra_1.9_TDI_Comfort_Zahnriemen_Neu,privat,Offer,1299,test,bus,2000,manuell,110,alhambra,150000,Mar,Diesel,seat,No,2016-03-20 00:00:00,97078,2016-03-20 18:45:33,2016,2016,March,March,16,9
2016-03-14 10:45:23,Seat_Altea_1.6_TDI_DPF_CR_Freetrack,privat,Offer,11490,control,bus,2012,manuell,105,altea,90000,Feb,Diesel,seat,No,2016-03-14 00:00:00,22043,2016-04-03 10:20:29,2016,2016,March,March,4,10
2016-03-29 23:41:12,Seat_Alhambra_1.9_TDI_Sport,privat,Offer,1650,control,bus,2000,manuell,116,alhambra,150000,Sep,Diesel,seat,No,2016-03-29 00:00:00,52249,2016-03-29 23:41:12,2016,2016,March,March,16,3
2016-03-12 16:36:25,Seat_Alhambra_2.0_TDI_DPF_Ecomotive,privat,Offer,8500,control,bus,2009,manuell,140,alhambra,150000,Mar,Diesel,seat,No,2016-03-12 00:00:00,34355,2016-03-16 20:17:38,2016,2016,March,March,7,9
2016-04-04 14:56:28,Seat_Alhambra...._tuev_bis_10.2017,privat,Offer,1500,test,bus,1996,manuell,90,alhambra,150000,May,Diesel,seat,Other,2016-04-04 00:00:00,31785,2016-04-06 16:17:47,2016,2016,April,April,20,7
2016-04-05 12:58:02,Seat_Altea_1.9_TDI_Reference,privat,Offer,4900,test,bus,2006,manuell,105,altea,150000,May,Diesel,seat,No,2016-04-05 00:00:00,15831,2016-04-05 12:58:02,2016,2016,April,April,10,7
2016-03-20 15:56:37,Seat_Alhambra_1.9_TDI_Comfort_Zahnriemen_Neu,privat,Offer,1299,control,bus,1999,manuell,110,alhambra,150000,Mar,Diesel,seat,No,2016-03-20 00:00:00,97078,2016-03-20 15:56:37,2016,2016,March,March,17,9
2016-03-17 17:56:46,Seat_Altea_1_6,privat,Offer,4000,control,bus,2005,manuell,105,altea,100000,Nov,Gasoline,seat,No,2016-03-17 00:00:00,34474,2016-04-06 02:45:09,2016,2016,March,March,11,1
2016-03-10 09:51:23,Seat_Alhambra_2.0_Euro_4__HU_09.2017,privat,Offer,2999,test,bus,2002,manuell,116,alhambra,150000,Sep,Gasoline,seat,No,2016-03-10 00:00:00,83022,2016-04-06 12:44:36,2016,2016,March,March,14,3
2016-04-04 20:06:17,Seat_Altea_1.9_TDI_DPF_Sport_Edition,privat,Offer,3999,test,bus,2006,manuell,105,altea,150000,Dec,Diesel,seat,No,2016-04-04 00:00:00,65934,2016-04-05 12:07:57,2016,2016,April,April,10,0
2016-04-03 21:54:03,Seat_alhambra_1.9_gruene_Plakette,privat,Offer,3900,test,bus,2005,manuell,115,alhambra,150000,Dec,Diesel,seat,Other,2016-04-03 00:00:00,44536,2016-04-05 23:15:34,2016,2016,April,April,11,0
2016-04-02 14:58:04,Seat_Sport,privat,Offer,5500,test,bus,2006,manuell,140,altea,150000,Mar,Diesel,seat,No,2016-04-02 00:00:00,17375,2016-04-06 13:44:40,2016,2016,April,April,10,9
2016-03-10 11:46:33,CADDY_SEAT_INKA,privat,Offer,999,test,bus,2000,manuell,64,andere,150000,Jan,Diesel,seat,No,2016-03-10 00:00:00,18230,2016-03-12 15:16:51,2016,2016,March,March,16,11
2016-03-16 13:46:26,Seat_Altea_2.0_TDI_Sport_Edition,privat,Offer,5000,control,bus,2005,manuell,140,altea,150000,Jul,Diesel,seat,No,2016-03-16 00:00:00,83064,2016-04-06 10:44:24,2016,2016,March,March,11,5
2016-03-22 10:57:40,Seat_Alhambra_top_gepflegt___6_Sitze,privat,Offer,9000,control,bus,2006,manuell,115,alhambra,125000,Jan,Gasoline,seat,No,2016-03-22 00:00:00,4317,2016-04-06 00:15:33,2016,2016,March,March,10,11
2016-04-05 13:06:17,Seat_Altea_sportsline_2_0_tdi___gut_+_Historie__,privat,Offer,3400,test,bus,2004,manuell,140,altea,150000,Dec,Diesel,seat,No,2016-04-05 00:00:00,61118,2016-04-05 13:06:17,2016,2016,April,April,12,0
2016-03-08 12:55:27,Seat_Alhambra_1.9_TDI,privat,Offer,2500,test,bus,2003,manuell,116,alhambra,150000,Oct,Diesel,seat,No,2016-03-08 00:00:00,90518,2016-03-09 11:46:14,2016,2016,March,March,13,2
2016-03-25 20:38:21,Seat_Altea_1.8_TSI_DSG_Style,privat,Offer,13333,control,bus,2011,automatik,160,altea,60000,Aug,Gasoline,seat,No,2016-03-25 00:00:00,57439,2016-04-07 02:45:56,2016,2016,March,March,5,4
2016-03-07 12:41:33,Seat_Alhambra_1.9_TDI._7.Sietzer.....,privat,Offer,2400,test,bus,2002,manuell,116,alhambra,150000,Oct,Diesel,seat,Yes,2016-03-07 00:00:00,59846,2016-04-05 13:46:29,2016,2016,March,March,14,2
2016-03-13 18:25:18,Seat_Alhambra_1.9_TDI,privat,Offer,4350,control,bus,2005,Unspecified,0,alhambra,150000,Jun,Diesel,seat,No,2016-03-13 00:00:00,65183,2016-04-05 20:46:47,2016,2016,March,March,11,6
2016-03-30 13:51:34,Seat_tdi_1.9_7_sitze,privat,Offer,2650,test,bus,2001,manuell,116,alhambra,150000,Jun,Diesel,seat,No,2016-03-30 00:00:00,37124,2016-04-07 04:44:52,2016,2016,March,March,15,6
2016-03-12 15:57:55,Seat_Altea_1.6_Stylance,privat,Offer,5900,control,bus,2009,manuell,102,altea,125000,May,Gasoline,seat,No,2016-03-12 00:00:00,85417,2016-03-12 15:57:55,2016,2016,March,March,7,7
2016-03-12 13:49:07,!!!_SEAT_ALHAMBRA__1.9_TDI__131_PS_!!!,privat,Offer,4499,control,bus,2004,manuell,131,alhambra,150000,Aug,Diesel,seat,No,2016-03-12 00:00:00,32429,2016-04-06 21:18:02,2016,2016,March,March,12,4
2016-03-12 20:57:36,Seat_Altea,privat,Offer,2700,test,bus,2004,manuell,101,altea,150000,Oct,Gasoline,seat,No,2016-03-12 00:00:00,38259,2016-03-17 02:45:43,2016,2016,March,March,12,2
