dateCrawled,name,seller,offerType,price,abtest,vehicleType,yearOfRegistration,gearbox,powerPS,model,kilometer,monthOfRegistration,fuelType,brand,notRepairedDamage,dateCreated,postalCode,lastSeen,yearOfCreation,yearCrawled,monthOfCreation,monthCrawled,yearsOld,monthsOld
2016-03-11 21:39:15,KA_Lufthansa_Edition_450_VB,privat,Offer,450,test,kleinwagen,1910,Unspecified,0,ka,5000,Jan,Gasoline,ford,Other,2016-03-11 00:00:00,24148,2016-03-19 08:46:47,2016,2016,March,March,106,11
2016-03-05 16:45:05,Ford_Fiesta,privat,Offer,750,control,kleinwagen,2002,manuell,50,fiesta,150000,Apr,Gasoline,ford,No,2016-03-05 00:00:00,70327,2016-03-11 06:16:00,2016,2016,March,March,14,8
2016-03-18 12:39:23,Ford_Fiesta_1.4_Ghia_Klima__Scheckheft__Tuev_NEU!!,privat,Offer,1990,control,kleinwagen,2003,manuell,80,fiesta,125000,Apr,Gasoline,ford,No,2016-03-18 00:00:00,13469,2016-03-18 12:39:23,2016,2016,March,March,13,8
2016-04-04 21:43:31,***_ACHTUNG_FORD_KA_NEU_TÜV_BIS_04/2087_ZU_VERKAUFEN_***,privat,Offer,1350,test,kleinwagen,2002,manuell,60,ka,150000,Aug,Gasoline,ford,Other,2016-04-04 00:00:00,24103,2016-04-07 00:15:47,2016,2016,April,April,14,4
2016-03-15 20:53:11,Ford_Fiesta_1.4_Fun_X_Klima__AK__TÜV_neu__gepflegt_!,privat,Offer,3450,test,kleinwagen,2007,manuell,88,fiesta,100000,Mar,Gasoline,ford,No,2016-03-15 00:00:00,66954,2016-03-25 21:16:25,2016,2016,March,March,9,9
2016-04-02 20:48:56,Ford_ka_zu_verkaufen,privat,Offer,350,test,kleinwagen,1997,manuell,65,ka,150000,Nov,Gasoline,ford,Other,2016-04-02 00:00:00,10965,2016-04-02 20:48:56,2016,2016,April,April,19,1
2016-04-04 21:54:07,Ford_Fiesta_1.3,privat,Offer,2410,test,kleinwagen,2004,manuell,69,fiesta,150000,Mar,Gasoline,ford,No,2016-04-04 00:00:00,33442,2016-04-07 00:45:11,2016,2016,April,April,12,9
2016-03-06 12:51:24,Ford_Ford_Fiesta_1.4_TDCI._NEUER_TÜV_!,privat,Offer,2000,test,kleinwagen,2002,manuell,68,fiesta,150000,Dec,Diesel,ford,No,2016-03-06 00:00:00,85774,2016-03-06 12:51:24,2016,2016,March,March,14,0
2016-03-15 22:49:38,Ford_Fiesta__top_fuer_Anfaenger_oder_Familie_,privat,Offer,1199,control,kleinwagen,2000,manuell,60,fiesta,125000,Jan,Gasoline,ford,No,2016-03-15 00:00:00,28199,2016-03-20 23:44:46,2016,2016,March,March,16,11
2016-03-17 11:54:39,Ford_Fiesta_1.3_Viva,privat,Offer,2800,control,kleinwagen,2004,manuell,69,fiesta,100000,May,Gasoline,ford,No,2016-03-17 00:00:00,67551,2016-03-20 13:19:12,2016,2016,March,March,12,7
2016-03-30 21:50:24,Ford_Fiesta_Mk4,privat,Offer,250,test,kleinwagen,1998,manuell,60,Other,100000,Jan,,ford,Other,2016-03-30 00:00:00,21354,2016-03-30 21:50:24,2016,2016,March,March,18,11
2016-03-25 10:47:07,Ford_Ka_Bastlerauto,privat,Offer,200,test,kleinwagen,1997,manuell,60,ka,150000,Jan,Gasoline,ford,No,2016-03-25 00:00:00,31618,2016-04-06 10:17:08,2016,2016,March,March,19,11
2016-03-21 14:50:20,Biete_Ford_Fiesta_1_4_TDCI__JH_1__mit_frischen_Tuev_zum_Verkauf_an,privat,Offer,1250,control,kleinwagen,2002,manuell,67,fiesta,150000,Aug,Diesel,ford,No,2016-03-21 00:00:00,53562,2016-03-21 15:06:48,2016,2016,March,March,14,4
2016-03-11 17:58:10,Verkaufe_Ford_escord,privat,Offer,750,control,kleinwagen,1990,manuell,90,Other,150000,Apr,Gasoline,ford,Yes,2016-03-11 00:00:00,29525,2016-03-16 05:46:20,2016,2016,March,March,26,8
2016-03-31 19:45:19,Ford_Ka,privat,Offer,500,control,kleinwagen,2002,manuell,60,ka,150000,Jul,Gasoline,ford,No,2016-03-31 00:00:00,63589,2016-04-04 12:46:42,2016,2016,March,March,14,5
2016-03-30 20:53:48,Ford_Fiesta_diesel.,privat,Offer,1850,control,kleinwagen,2004,manuell,65,fiesta,150000,May,Diesel,ford,No,2016-03-30 00:00:00,52146,2016-04-07 13:18:08,2016,2016,March,March,12,7
2016-03-17 20:37:39,Ford_Fiesta_1.25_Trend__Unfallfrei__Klima__Scheckheft_gepflegt_,privat,Offer,5600,control,kleinwagen,2009,manuell,60,fiesta,80000,Mar,Gasoline,ford,No,2016-03-17 00:00:00,65474,2016-04-06 23:45:29,2016,2016,March,March,7,9
2016-03-18 17:06:55,Ford_Ka_mit_2_Jahre_TÜV_mit_Klimaanlage_&_wenig_Kilometer,privat,Offer,799,test,kleinwagen,2003,manuell,54,ka,125000,Jun,Gasoline,ford,No,2016-03-18 00:00:00,60528,2016-03-25 16:50:11,2016,2016,March,March,13,6
2016-03-21 20:49:17,Ford_Ka_Futura_1_Hand_Klima_Kein_Rost_AlufelgenServo,privat,Offer,1000,test,kleinwagen,2000,manuell,60,ka,60000,Jun,Gasoline,ford,No,2016-03-21 00:00:00,63329,2016-03-22 23:37:03,2016,2016,March,March,16,6
2016-04-01 18:41:34,Ford_Fiesta,privat,Offer,1780,control,kleinwagen,2004,manuell,70,fiesta,90000,Feb,Gasoline,ford,Yes,2016-04-01 00:00:00,96215,2016-04-05 14:17:05,2016,2016,April,April,12,10
2016-03-25 08:54:22,ford_ka___oster_preiss,privat,Offer,980,control,kleinwagen,2001,Unspecified,0,ka,5000,May,Gasoline,ford,Other,2016-03-25 00:00:00,24576,2016-04-06 08:44:46,2016,2016,March,March,15,7
2016-03-30 14:48:43,Ford_Fiesta,privat,Offer,1100,control,kleinwagen,2000,manuell,50,fiesta,90000,Apr,Gasoline,ford,No,2016-03-30 00:00:00,40589,2016-04-07 05:44:30,2016,2016,March,March,16,8
2016-03-07 11:37:55,Ford_Ka_Bastlerfahrzeug,privat,Offer,560,test,kleinwagen,2002,manuell,50,ka,100000,Sep,Gasoline,ford,Other,2016-03-07 00:00:00,51371,2016-03-10 12:46:22,2016,2016,March,March,14,3
2016-03-20 11:39:54,Ford_Fiesta_1_3_mit_Steuerkette,privat,Offer,1300,test,kleinwagen,2004,manuell,60,fiesta,125000,Oct,Gasoline,ford,No,2016-03-20 00:00:00,44339,2016-04-06 08:46:38,2016,2016,March,March,12,2
2016-03-16 23:37:02,ford_focus_1.4_ztec,privat,Offer,850,test,kleinwagen,2000,manuell,90,focus,150000,Jan,Gasoline,ford,No,2016-03-16 00:00:00,50733,2016-03-17 05:50:37,2016,2016,March,March,16,11
2016-03-23 11:47:44,Ford_Fiesta,privat,Offer,600,test,kleinwagen,2001,manuell,0,fiesta,150000,Jan,Gasoline,ford,Other,2016-03-23 00:00:00,41751,2016-04-03 11:52:18,2016,2016,March,March,15,11
2016-03-08 17:38:19,Ford_Fiesta_1_3l,privat,Offer,200,control,kleinwagen,1995,manuell,45,fiesta,100000,Jan,Gasoline,ford,Other,2016-03-08 00:00:00,46485,2016-03-11 12:46:05,2016,2016,March,March,21,11
2016-03-25 10:55:11,Ford_KA_1.3_60_PS_TÜV/AU_NEU_BJ06_8_Fach_bereift_1.Hand_g._Zust.,privat,Offer,1800,test,kleinwagen,2006,manuell,60,ka,125000,Jun,Gasoline,ford,No,2016-03-25 00:00:00,59872,2016-04-02 12:46:00,2016,2016,March,March,10,6
2016-03-18 21:37:34,Ford_Fiesta_1_4_TDI,privat,Offer,4350,control,kleinwagen,2010,manuell,0,fiesta,150000,Apr,Diesel,ford,No,2016-03-18 00:00:00,73054,2016-03-29 13:45:22,2016,2016,March,March,6,8
2016-03-21 22:38:19,Ford_Fiesta_mit_TÜV_02/2017,privat,Offer,1200,control,kleinwagen,1999,manuell,75,Other,125000,Jun,,ford,No,2016-03-21 00:00:00,27751,2016-04-05 01:45:03,2016,2016,March,March,17,6
2016-03-11 17:43:27,Ford_Fiesta_Ghia,privat,Offer,800,control,kleinwagen,1996,manuell,75,fiesta,150000,May,Gasoline,ford,No,2016-03-11 00:00:00,21035,2016-03-12 07:44:09,2016,2016,March,March,20,7
2016-04-03 16:47:21,Ford_Ka_Bj_2007_Tuev/Au_neu_top_Zustand,privat,Offer,2199,control,kleinwagen,2007,manuell,60,ka,90000,Jan,Gasoline,ford,Other,2016-04-03 00:00:00,96164,2016-04-03 16:47:21,2016,2016,April,April,9,11
2016-03-08 17:49:01,Ford_Fiesta_1.6_Aut._Ghia_Klima_Navi_Parkpilot_Blueto,privat,Offer,3690,control,kleinwagen,2006,automatik,101,fiesta,125000,Nov,Gasoline,ford,No,2016-03-08 00:00:00,51371,2016-03-09 09:16:43,2016,2016,March,March,10,1
2016-04-07 06:36:36,Biete_liebgewonnenen_Ford_Ka_an_Bastler,privat,Offer,1000,test,kleinwagen,2002,manuell,60,ka,100000,Dec,Gasoline,ford,No,2016-04-07 00:00:00,50226,2016-04-07 06:36:36,2016,2016,April,April,14,0
2016-03-09 12:49:33,Gepflegter_Ford_Fiesta_preiswert_abzugeben,privat,Offer,500,control,kleinwagen,1997,manuell,55,fiesta,150000,Dec,Gasoline,ford,Yes,2016-03-09 00:00:00,40593,2016-04-05 23:45:08,2016,2016,March,March,19,0
2016-03-17 09:56:44,Ford_Ka_EZ_2005_2Hand_108Tkm_Euro4,privat,Offer,950,test,kleinwagen,2005,manuell,60,ka,125000,Jul,Gasoline,ford,No,2016-03-17 00:00:00,22119,2016-03-21 13:16:42,2016,2016,March,March,11,5
2016-03-12 12:48:33,Ford_Fiesta_neu_Tuv,privat,Offer,1299,test,kleinwagen,2000,manuell,0,fiesta,125000,Jan,Gasoline,ford,Other,2016-03-12 00:00:00,79112,2016-04-02 11:46:48,2016,2016,March,March,16,11
2016-03-30 15:49:34,Zu_Verkaufen,privat,Offer,230,test,kleinwagen,1999,manuell,0,focus,150000,Jul,,ford,Yes,2016-03-30 00:00:00,55459,2016-04-07 06:44:40,2016,2016,March,March,17,5
2016-03-09 21:56:28,Ford_Fiesta_5_Tuerer_1.3_Benziner,privat,Offer,500,test,kleinwagen,1998,manuell,60,fiesta,150000,Jan,Gasoline,ford,No,2016-03-09 00:00:00,20144,2016-03-11 07:15:21,2016,2016,March,March,18,11
2016-03-28 16:55:35,Ford_Fiesta_1_25_ZU_VERKAUFEN,privat,Offer,300,test,kleinwagen,1999,manuell,75,fiesta,150000,Jun,Gasoline,ford,Yes,2016-03-28 00:00:00,73540,2016-03-28 16:55:35,2016,2016,March,March,17,6
2016-03-22 08:54:04,Ford_Fiesta_1.25,privat,Offer,800,control,kleinwagen,2003,manuell,69,fiesta,150000,Jun,Gasoline,ford,Yes,2016-03-22 00:00:00,86459,2016-03-22 08:54:04,2016,2016,March,March,13,6
2016-04-04 13:52:41,Ford_Fiesta_1.1_Festival,privat,Offer,1400,control,kleinwagen,1986,manuell,50,fiesta,150000,Aug,Gasoline,ford,Yes,2016-04-04 00:00:00,26871,2016-04-06 15:16:38,2016,2016,April,April,30,4
2016-03-16 13:48:56,Ford_fiesta_TÜV_NEU!!,privat,Offer,950,control,kleinwagen,1997,manuell,75,fiesta,90000,Jan,Gasoline,ford,Other,2016-03-16 00:00:00,73655,2016-03-17 11:45:48,2016,2016,March,March,19,11
2016-03-05 15:57:35,Fiesta_Automatik_orig._54300km,privat,Offer,490,control,kleinwagen,1996,automatik,75,fiesta,60000,Dec,Gasoline,ford,No,2016-03-05 00:00:00,96126,2016-04-05 20:17:08,2016,2016,March,March,20,0
2016-04-02 14:58:57,FORD_FIESTA_MIT_NEUEM_TÜV_11.2017_SCHWARZ_Preis:_1.050_,privat,Offer,1050,test,kleinwagen,2001,manuell,60,fiesta,150000,Oct,Gasoline,ford,No,2016-04-02 00:00:00,58239,2016-04-06 14:16:42,2016,2016,April,April,15,2
2016-04-05 00:56:15,Ford_Fiesta,privat,Offer,3200,control,kleinwagen,2008,manuell,80,fiesta,90000,Jun,Gasoline,ford,Other,2016-04-05 00:00:00,77933,2016-04-07 10:16:52,2016,2016,April,April,8,6
2016-03-08 19:44:47,Ford_Fusion_1.4_Trend,privat,Offer,2300,test,kleinwagen,2004,manuell,80,fusion,150000,Oct,Gasoline,ford,No,2016-03-08 00:00:00,25488,2016-04-05 13:45:54,2016,2016,March,March,12,2
2016-04-01 14:37:32,Ford_Fiesta_1.3,privat,Offer,2100,test,kleinwagen,2005,manuell,0,fiesta,125000,Mar,Gasoline,ford,No,2016-04-01 00:00:00,72805,2016-04-03 10:44:33,2016,2016,April,April,11,9
2016-03-08 22:51:30,Ford_Fusion_1.6_Ambiente,privat,Offer,2800,test,kleinwagen,2003,manuell,101,fusion,150000,Feb,Gasoline,ford,No,2016-03-08 00:00:00,41849,2016-03-14 11:46:33,2016,2016,March,March,13,10
2016-03-09 11:57:50,Kleine_Sparsame_Knutschi_mit_tuev_bis_01.17,privat,Offer,800,test,kleinwagen,2003,manuell,60,ka,150000,Feb,Gasoline,ford,No,2016-03-09 00:00:00,30989,2016-03-27 20:47:20,2016,2016,March,March,13,10
2016-03-05 17:39:57,Ford_Fiesta,privat,Offer,300,test,kleinwagen,1997,manuell,0,fiesta,50000,Jan,Gasoline,ford,Other,2016-03-05 00:00:00,6647,2016-03-27 08:47:35,2016,2016,March,March,19,11
2016-03-25 18:57:58,Ford_Escort,privat,Offer,500,test,kleinwagen,1998,manuell,75,escort,150000,Oct,Gasoline,ford,Yes,2016-03-25 00:00:00,91242,2016-04-07 01:18:02,2016,2016,March,March,18,2
2016-03-12 20:53:33,Ford_Fiesta_nur_noch_diesen_Monat_TÜV_Fahrzeug_ist_abgemeldet!,privat,Offer,250,test,kleinwagen,2001,manuell,44,fiesta,150000,Jan,Gasoline,ford,Yes,2016-03-12 00:00:00,59320,2016-03-12 21:44:42,2016,2016,March,March,15,11
2016-03-07 20:38:15,Schnaeppchen_an_Bastler,privat,Offer,400,test,kleinwagen,1996,Unspecified,0,Other,150000,Jan,Gasoline,ford,No,2016-03-07 00:00:00,52477,2016-04-05 13:15:40,2016,2016,March,March,20,11
2016-03-11 15:38:39,Ford_Fiesta_1.3_Connection,privat,Offer,2850,test,kleinwagen,2008,manuell,69,fiesta,90000,Aug,Gasoline,ford,No,2016-03-11 00:00:00,22459,2016-03-11 15:38:39,2016,2016,March,March,8,4
2016-03-05 17:36:43,ford_fiesta,privat,Offer,800,test,kleinwagen,1998,manuell,65,fiesta,150000,Jul,Gasoline,ford,No,2016-03-05 00:00:00,66333,2016-03-07 11:16:29,2016,2016,March,March,18,5
2016-03-16 00:56:20,Ford_Fiesta_1.25,privat,Offer,5150,test,kleinwagen,2010,manuell,82,fiesta,100000,Mar,Gasoline,ford,No,2016-03-16 00:00:00,38723,2016-03-28 01:45:00,2016,2016,March,March,6,9
2016-04-02 18:42:13,Ford_Fiesta_1.4_TDCI_Ghia,privat,Offer,1899,control,kleinwagen,2003,manuell,68,fiesta,150000,Feb,Diesel,ford,No,2016-04-02 00:00:00,8066,2016-04-06 18:17:15,2016,2016,April,April,13,10
2016-03-05 21:42:08,Ford_Fiesta,privat,Offer,690,test,kleinwagen,1998,manuell,50,fiesta,150000,Oct,Gasoline,ford,No,2016-03-05 00:00:00,59320,2016-03-07 20:17:56,2016,2016,March,March,18,2
2016-03-07 19:47:59,Ford_Ka,privat,Offer,899,control,kleinwagen,2001,Unspecified,60,ka,100000,May,,ford,No,2016-03-07 00:00:00,69115,2016-03-10 14:46:36,2016,2016,March,March,15,7
2016-03-08 12:49:08,Ford_Fiesta___an_Bastler,privat,Offer,450,test,kleinwagen,2000,manuell,50,fiesta,150000,Jul,Gasoline,ford,Yes,2016-03-08 00:00:00,78078,2016-03-17 23:47:27,2016,2016,March,March,16,5
2016-03-28 19:51:58,Ford_Fiesta,privat,Offer,800,control,kleinwagen,2001,manuell,60,fiesta,150000,Feb,Gasoline,ford,No,2016-03-28 00:00:00,40599,2016-03-28 19:51:58,2016,2016,March,March,15,10
2016-03-24 13:45:21,Ford_Fiesta,privat,Offer,899,control,kleinwagen,1996,manuell,75,fiesta,100000,Mar,Gasoline,ford,No,2016-03-24 00:00:00,31785,2016-04-07 04:46:27,2016,2016,March,March,20,9
2016-03-15 19:39:35,Ford_Fusion_1.4,privat,Offer,3800,control,kleinwagen,2005,manuell,80,fusion,100000,Oct,Gasoline,ford,No,2016-03-15 00:00:00,1477,2016-04-06 22:44:26,2016,2016,March,March,11,2
2016-03-12 18:48:11,ford_fiesta,privat,Offer,1100,test,kleinwagen,2002,manuell,0,fiesta,150000,Sep,Diesel,ford,Other,2016-03-12 00:00:00,49453,2016-04-07 12:45:43,2016,2016,March,March,14,3
2016-03-20 01:00:07,Verkaufe_Ford_fiesta,privat,Offer,300,control,kleinwagen,1998,manuell,60,fiesta,150000,Jan,Gasoline,ford,Yes,2016-03-20 00:00:00,83308,2016-04-06 02:17:16,2016,2016,March,March,18,11
2016-03-20 13:50:58,Ford_Fiesta_Style,privat,Offer,850,test,kleinwagen,1998,manuell,75,fiesta,125000,Sep,Gasoline,ford,No,2016-03-20 00:00:00,70199,2016-04-06 15:45:27,2016,2016,March,March,18,3
2016-03-28 11:45:42,Ford_Ka_gutes_Zustand,privat,Offer,4300,control,kleinwagen,2010,manuell,69,ka,125000,Oct,Gasoline,ford,No,2016-03-28 00:00:00,32429,2016-04-06 13:46:05,2016,2016,March,March,6,2
2016-03-24 20:38:00,Ford_Fiesta_Style,privat,Offer,3950,test,kleinwagen,2007,manuell,80,fiesta,125000,Oct,Gasoline,ford,No,2016-03-24 00:00:00,96328,2016-04-05 13:15:51,2016,2016,March,March,9,2
2016-03-22 23:52:34,Ford_Fiesta_1_4_Diesel_TÜV,privat,Offer,1200,test,kleinwagen,2004,manuell,68,fiesta,150000,Jun,Diesel,ford,No,2016-03-22 00:00:00,33659,2016-03-23 07:43:41,2016,2016,March,March,12,6
2016-04-03 20:42:53,Ford_Ford_KA_mit_neu_TÜV_und_super_Ausstattung_so_wie,privat,Offer,997,test,kleinwagen,2001,manuell,60,ka,150000,Apr,Gasoline,ford,No,2016-04-03 00:00:00,22417,2016-04-03 20:42:53,2016,2016,April,April,15,8
2016-03-17 10:56:05,Ford_Ka_VIVa_Bahamablau,privat,Offer,1700,test,kleinwagen,2004,manuell,60,ka,90000,Jan,Gasoline,ford,No,2016-03-17 00:00:00,66299,2016-03-19 10:16:04,2016,2016,March,March,12,11
2016-03-09 12:43:13,Ford_Fiesta_lila_1999,privat,Offer,290,control,kleinwagen,1999,Unspecified,0,fiesta,125000,Jun,Gasoline,ford,Other,2016-03-09 00:00:00,97702,2016-03-18 03:17:05,2016,2016,March,March,17,6
2016-03-11 16:55:41,auto_Ford_Ka,privat,Offer,0,test,kleinwagen,2003,manuell,51,ka,150000,Jul,Gasoline,ford,Other,2016-03-11 00:00:00,4155,2016-03-12 06:46:35,2016,2016,March,March,13,5
2016-03-12 15:40:31,FORD_FIESTA___75_PS__als_Bastlerfahrzeug_oder_Export,privat,Offer,210,control,kleinwagen,2000,manuell,75,fiesta,150000,Aug,Gasoline,ford,Yes,2016-03-12 00:00:00,75365,2016-03-12 15:40:31,2016,2016,March,March,16,4
2016-03-26 22:37:42,Ford_Ka_1.2_Trend__1._Hand,privat,Offer,3600,test,kleinwagen,2009,manuell,69,ka,125000,Mar,Gasoline,ford,No,2016-03-26 00:00:00,32339,2016-04-04 18:18:04,2016,2016,March,March,7,9
2016-03-19 02:48:22,Ford_Fiesta_1.4,privat,Offer,3300,test,kleinwagen,2005,Unspecified,80,fiesta,40000,Jun,Gasoline,ford,No,2016-03-18 00:00:00,12355,2016-04-02 05:47:14,2016,2016,March,March,11,6
2016-04-03 22:25:20,Ford_Fiesta,privat,Offer,500,test,kleinwagen,2000,manuell,44,fiesta,150000,May,Gasoline,ford,Yes,2016-04-03 00:00:00,63225,2016-04-05 12:11:29,2016,2016,April,April,16,7
2016-03-23 21:45:43,Ford_Fiesta_gfj,privat,Offer,750,test,kleinwagen,1992,manuell,50,fiesta,150000,Jan,,ford,Other,2016-03-23 00:00:00,31848,2016-04-06 03:15:19,2016,2016,March,March,24,11
2016-03-27 19:51:33,Ford_ka_Bj_97,privat,Offer,200,control,kleinwagen,1997,manuell,0,ka,150000,Jan,Gasoline,ford,No,2016-03-27 00:00:00,27607,2016-04-01 20:46:37,2016,2016,March,March,19,11
2016-03-31 22:48:04,Ford_Fiesta,privat,Offer,1111,test,kleinwagen,2001,manuell,50,fiesta,150000,Oct,Gasoline,ford,No,2016-03-31 00:00:00,93309,2016-04-06 19:15:24,2016,2016,March,March,15,2
2016-03-05 20:59:36,Ford_Fiesta_Fancy,privat,Offer,500,control,kleinwagen,1995,manuell,50,fiesta,150000,Mar,Gasoline,ford,No,2016-03-05 00:00:00,33181,2016-03-08 19:20:40,2016,2016,March,March,21,9
2016-03-22 23:56:49,Motor_Lord_K_1.3,privat,Offer,200,test,kleinwagen,2000,manuell,60,ka,125000,Jul,Gasoline,ford,Other,2016-03-22 00:00:00,74538,2016-04-07 06:46:07,2016,2016,March,March,16,5
2016-03-30 12:55:22,Ford_Ka_1.3_mit_TÜV.___NEU.,privat,Offer,800,control,kleinwagen,1999,manuell,60,ka,125000,Jun,Gasoline,ford,No,2016-03-30 00:00:00,41065,2016-03-30 13:42:05,2016,2016,March,March,17,6
2016-03-21 11:54:02,Ford_Fiesta_fuer_Bastler,privat,Offer,200,control,kleinwagen,2001,manuell,60,fiesta,125000,Apr,Gasoline,ford,No,2016-03-21 00:00:00,63628,2016-03-21 11:54:02,2016,2016,March,March,15,8
2016-03-15 19:57:48,Fiesta_1_6_TDI__Unfall,privat,Offer,1000,control,kleinwagen,2007,manuell,90,fiesta,150000,Jan,,ford,Yes,2016-03-15 00:00:00,66793,2016-04-01 03:44:42,2016,2016,March,March,9,11
2016-04-02 20:56:22,Ford_Fiesta_4_Tuerer,privat,Offer,600,test,kleinwagen,2001,manuell,60,fiesta,125000,Sep,Gasoline,ford,No,2016-04-02 00:00:00,66636,2016-04-02 20:56:22,2016,2016,April,April,15,3
2016-03-26 15:52:09,Ford_KA_Ersatzteil_Bastler,privat,Offer,120,test,kleinwagen,1999,Unspecified,45,ka,150000,Jan,,ford,Other,2016-03-26 00:00:00,53945,2016-04-06 04:15:43,2016,2016,March,March,17,11
2016-03-27 13:55:01,Ford_escord_showcar,privat,Offer,1600,test,kleinwagen,1996,Unspecified,0,escort,60000,Jan,Gasoline,ford,Other,2016-03-27 00:00:00,93491,2016-04-01 13:17:55,2016,2016,March,March,20,11
2016-03-17 10:39:39,Ford_KA_technisch_1A_mit_neuer_Kupplung_und_neue_Bremsen,privat,Offer,799,test,kleinwagen,2002,manuell,60,ka,125000,Mar,Gasoline,ford,Other,2016-03-17 00:00:00,70374,2016-03-29 21:15:27,2016,2016,March,March,14,9
2016-04-05 00:57:58,Ford_Ka,privat,Offer,1100,control,kleinwagen,2004,manuell,60,ka,80000,Apr,Gasoline,ford,No,2016-04-04 00:00:00,57258,2016-04-07 11:15:30,2016,2016,April,April,12,8
2016-03-12 20:45:23,KA_Lufthansa_Edition_450_VB,privat,Offer,450,test,kleinwagen,1997,manuell,60,ka,150000,Jan,Gasoline,ford,Other,2016-03-12 00:00:00,24148,2016-04-05 13:46:15,2016,2016,March,March,19,11
2016-03-14 16:52:12,Ford_KA_1.2_._Start_Stopp_System_Trend._Bluetooth,privat,Offer,4300,test,kleinwagen,2011,manuell,69,ka,60000,Sep,Gasoline,ford,No,2016-03-14 00:00:00,53819,2016-03-14 16:52:12,2016,2016,March,March,5,3
2016-03-21 20:48:36,Ford_Fiesta_blau_TÜV_bis_10/16,privat,Offer,380,control,kleinwagen,1999,manuell,60,fiesta,150000,Apr,Gasoline,ford,No,2016-03-21 00:00:00,68167,2016-03-21 20:48:36,2016,2016,March,March,17,8
2016-03-29 18:49:16,Ford_Fusion_1.4_Style,privat,Offer,4500,control,kleinwagen,2009,manuell,80,fusion,60000,Oct,Gasoline,ford,No,2016-03-29 00:00:00,90461,2016-03-31 12:17:17,2016,2016,March,March,7,2
2016-03-20 15:49:22,Ford_Fiesta_1.3,privat,Offer,1100,control,kleinwagen,2003,manuell,69,fiesta,150000,Feb,Gasoline,ford,No,2016-03-20 00:00:00,45139,2016-03-20 15:49:22,2016,2016,March,March,13,10
2016-03-20 12:51:38,Ford_Ka,privat,Offer,1099,test,kleinwagen,1996,manuell,50,ka,60000,Nov,Gasoline,ford,No,2016-03-20 00:00:00,91052,2016-03-28 11:16:13,2016,2016,March,March,20,1
2016-03-26 12:55:43,Ford_Fiesta_Florida_1_3_Euro_4__HU_3/18,privat,Offer,1190,control,kleinwagen,2001,manuell,50,fiesta,150000,Jan,Gasoline,ford,No,2016-03-26 00:00:00,94315,2016-04-06 00:45:01,2016,2016,March,March,15,11
2016-04-05 08:53:10,Ford_Fiesta_1.4_Trend,privat,Offer,4300,test,kleinwagen,2005,manuell,80,fiesta,30000,Jan,Gasoline,ford,No,2016-04-05 00:00:00,10587,2016-04-07 11:44:41,2016,2016,April,April,11,11
2016-04-04 18:48:47,Ford_Fiesta_IV__muss_weg_1_Euro,privat,Offer,1,test,kleinwagen,1999,manuell,75,fiesta,5000,Jan,Gasoline,ford,Other,2016-04-04 00:00:00,80689,2016-04-06 21:15:48,2016,2016,April,April,17,11
2016-04-01 22:55:26,Ford_Fusion,privat,Offer,3200,test,kleinwagen,2004,manuell,80,fusion,100000,Oct,Gasoline,ford,No,2016-04-01 00:00:00,1099,2016-04-05 23:46:14,2016,2016,April,April,12,2
2016-03-31 10:49:16,Ford_Fiesta,privat,Offer,300,control,kleinwagen,1997,manuell,60,fiesta,150000,May,Gasoline,ford,No,2016-03-31 00:00:00,72764,2016-04-06 03:44:34,2016,2016,March,March,19,7
2016-03-09 14:54:49,Ford_Ka_Viva_in_Cosmic_Silber_Metallic,privat,Offer,2599,test,kleinwagen,2004,manuell,60,ka,80000,Apr,Gasoline,ford,No,2016-03-09 00:00:00,48477,2016-03-14 05:46:54,2016,2016,March,March,12,8
2016-03-29 18:37:21,Ford_Fiesta_fuer_Tueftler/Bastler_und_Fahranfaenger,privat,Offer,250,control,kleinwagen,1999,manuell,60,fiesta,150000,Jul,Gasoline,ford,Yes,2016-03-29 00:00:00,70435,2016-03-29 18:37:21,2016,2016,March,March,17,5
2016-03-11 16:49:55,Ford_Fiesta_Kool___TÜV_und_AU_neu,privat,Offer,1490,test,kleinwagen,2000,manuell,75,fiesta,70000,Apr,Gasoline,ford,No,2016-03-11 00:00:00,42799,2016-03-12 06:46:15,2016,2016,March,March,16,8
2016-03-30 00:57:44,Ford_Fiesta_1.3_Liter_5_Tuerer_Top_Gepflegt,privat,Offer,2100,test,kleinwagen,2003,manuell,69,fiesta,150000,Nov,Gasoline,ford,Other,2016-03-29 00:00:00,21423,2016-04-06 20:46:24,2016,2016,March,March,13,1
2016-03-19 15:56:41,Ford_KA_1_3L_60PS_TÜV_02/2018,privat,Offer,1050,control,kleinwagen,1999,manuell,60,ka,150000,Sep,Gasoline,ford,Other,2016-03-19 00:00:00,41541,2016-03-23 02:49:29,2016,2016,March,March,17,3
2016-04-05 08:36:54,Ford_Ka__wenig_Km,privat,Offer,400,test,kleinwagen,2000,manuell,45,ka,150000,Jul,,ford,Yes,2016-04-05 00:00:00,66126,2016-04-07 11:15:23,2016,2016,April,April,16,5
2016-04-02 14:52:57,Ford_Fiesta_1.4_TDCI_Style,privat,Offer,4000,test,kleinwagen,2008,manuell,68,fiesta,80000,May,Diesel,ford,No,2016-04-02 00:00:00,13086,2016-04-06 13:17:46,2016,2016,April,April,8,7
2016-03-15 20:50:43,ford_fiesta_style,privat,Offer,300,test,kleinwagen,1999,manuell,0,fiesta,150000,Jan,Gasoline,ford,Other,2016-03-15 00:00:00,4821,2016-03-27 09:15:28,2016,2016,March,March,17,11
2016-03-08 19:45:13,Ford_Fiesta_MK_5,privat,Offer,1200,test,kleinwagen,2002,manuell,60,fiesta,125000,Jan,Gasoline,ford,Yes,2016-03-08 00:00:00,6862,2016-04-07 11:44:22,2016,2016,March,March,14,11
2016-03-31 12:56:33,Ford_Ka_*Klima__TÜV_bis_2017*,privat,Offer,350,test,kleinwagen,1997,manuell,0,ka,100000,Nov,Gasoline,ford,Other,2016-03-31 00:00:00,48231,2016-03-31 13:41:10,2016,2016,March,March,19,1
2016-03-26 16:49:21,fuer_Anfaenger_genau_richtig,privat,Offer,549,control,kleinwagen,2001,manuell,60,ka,150000,Nov,Gasoline,ford,No,2016-03-26 00:00:00,97461,2016-03-31 12:46:40,2016,2016,March,March,15,1
2016-04-01 14:54:22,Ford_Ka_als_Bastlerfahrzeug_oder_zum_Ausschlachten_zu_verkaufen.,privat,Offer,275,test,kleinwagen,1996,manuell,60,ka,10000,Nov,Gasoline,ford,Yes,2016-04-01 00:00:00,53359,2016-04-07 12:16:09,2016,2016,April,April,20,1
2016-03-12 08:55:26,Verkaufe_ein_Ford_Fiesta,privat,Offer,400,control,kleinwagen,1999,Unspecified,54,fiesta,150000,Jun,Gasoline,ford,Other,2016-03-12 00:00:00,14641,2016-03-15 12:44:14,2016,2016,March,March,17,6
2016-03-27 18:48:21,Ford_Fiesta_1.3_Ambiente_/_Klima_/_TÜV_/_2.Hand_/,privat,Offer,2790,control,kleinwagen,2008,manuell,60,fiesta,125000,Apr,Gasoline,ford,No,2016-03-27 00:00:00,52457,2016-04-01 19:45:03,2016,2016,March,March,8,8
2016-03-12 02:57:46,Ford_Ka,privat,Offer,330,control,kleinwagen,1997,manuell,60,ka,150000,Apr,,ford,Yes,2016-03-12 00:00:00,45896,2016-03-27 21:44:53,2016,2016,March,March,19,8
2016-04-02 20:47:37,ford_fiesta_1.1_l_sehr_sauber_voll_fahrbereit,privat,Offer,225,test,kleinwagen,1992,manuell,0,fiesta,5000,May,Gasoline,ford,No,2016-04-02 00:00:00,42107,2016-04-02 20:47:37,2016,2016,April,April,24,7
2016-04-04 15:40:47,Ford_Fiesta_1.3_60_PS,privat,Offer,1600,test,kleinwagen,2002,manuell,60,Other,150000,Jun,,ford,Other,2016-04-04 00:00:00,26789,2016-04-06 16:47:28,2016,2016,April,April,14,6
2016-03-08 12:51:44,Tuev_neu_perfektes_Anfaengerauto,privat,Offer,900,test,kleinwagen,2002,manuell,75,fiesta,150000,Jan,Gasoline,ford,Other,2016-03-08 00:00:00,80807,2016-03-17 23:47:37,2016,2016,March,March,14,11
2016-04-05 02:01:37,Ford_Fiesta_1.3_Ambiente,privat,Offer,1600,control,kleinwagen,2002,manuell,69,fiesta,150000,Oct,Lpg,ford,No,2016-04-05 00:00:00,33758,2016-04-05 08:47:40,2016,2016,April,April,14,2
2016-03-18 21:42:48,Ford_Focus,privat,Offer,1600,control,kleinwagen,2002,manuell,90,focus,150000,May,Diesel,ford,No,2016-03-18 00:00:00,21109,2016-04-05 22:47:27,2016,2016,March,March,14,7
2016-03-12 22:37:14,Ford_Fiesta_Futura,privat,Offer,1200,control,kleinwagen,2001,manuell,60,fiesta,125000,Jan,Gasoline,ford,No,2016-03-12 00:00:00,74909,2016-03-17 12:18:22,2016,2016,March,March,15,11
2016-04-01 17:46:26,Ford_Fiesta_gebraucht__Privatverkauf,privat,Offer,785,test,kleinwagen,2001,manuell,60,fiesta,150000,Sep,Gasoline,ford,Other,2016-04-01 00:00:00,80807,2016-04-05 13:15:31,2016,2016,April,April,15,3
2016-04-04 17:52:42,Ford_KA__E_Fenster__Leder,privat,Offer,730,test,kleinwagen,1997,manuell,60,ka,125000,Oct,Gasoline,ford,Other,2016-04-04 00:00:00,22117,2016-04-06 19:48:18,2016,2016,April,April,19,2
2016-03-11 16:44:08,Ford_Ka_TÜV_NOV_2017_Klima,privat,Offer,4500,test,kleinwagen,2009,manuell,70,ka,40000,Sep,Gasoline,ford,No,2016-03-11 00:00:00,87435,2016-03-26 06:44:51,2016,2016,March,March,7,3
2016-03-28 13:41:51,Ford_Ka_Futura,privat,Offer,999,test,kleinwagen,2002,manuell,60,ka,100000,Mar,Gasoline,ford,No,2016-03-28 00:00:00,33330,2016-04-02 17:44:49,2016,2016,March,March,14,9
2016-04-05 10:53:26,Sparsamer_Kleinwagen_mit_Rest_TÜV,privat,Offer,400,control,kleinwagen,1997,manuell,0,fiesta,150000,Jan,,ford,No,2016-04-05 00:00:00,45476,2016-04-05 11:42:32,2016,2016,April,April,19,11
2016-03-21 11:52:17,Ford_Fusion_1.4_Trend__Kleinwagen,privat,Offer,5555,control,kleinwagen,2007,manuell,80,fusion,90000,Jul,Gasoline,ford,No,2016-03-21 00:00:00,79348,2016-04-06 06:45:06,2016,2016,March,March,9,5
2016-03-09 20:51:23,Ford_Fiesta_1.4_TDCI,privat,Offer,2450,test,kleinwagen,2004,manuell,95,fiesta,150000,Oct,Diesel,ford,No,2016-03-09 00:00:00,71686,2016-04-05 18:46:03,2016,2016,March,March,12,2
2016-03-08 14:48:36,Tausche/Verkaufe_Ford_Focus_1_4_16V,privat,Offer,900,test,kleinwagen,1999,manuell,0,focus,150000,Jan,Gasoline,ford,No,2016-03-08 00:00:00,23909,2016-03-13 02:16:30,2016,2016,March,March,17,11
2016-03-10 09:58:04,Ford_Fiesta_1.4_TDCI_Klimaanlage_GRÜNE_PLAKETTE!,privat,Offer,1550,test,kleinwagen,2003,manuell,68,fiesta,150000,Mar,Diesel,ford,No,2016-03-10 00:00:00,33619,2016-03-19 14:19:59,2016,2016,March,March,13,9
2016-03-14 16:51:29,Ford_Fusion_1.4+LPG_Gasanlage,privat,Offer,4250,test,kleinwagen,2008,manuell,80,fusion,150000,Nov,Gasoline,ford,No,2016-03-14 00:00:00,34125,2016-04-01 23:18:25,2016,2016,March,March,8,1
2016-03-23 20:46:56,Ford_Fiesta_1.3_Fun_X,privat,Offer,2300,test,kleinwagen,2008,manuell,60,fiesta,50000,Jul,Gasoline,ford,No,2016-03-23 00:00:00,40210,2016-03-23 20:46:56,2016,2016,March,March,8,5
2016-03-07 16:52:32,Ford_fiesta_mit_tuev_6/17,privat,Offer,550,control,kleinwagen,1997,manuell,55,Other,150000,Oct,Gasoline,ford,No,2016-03-07 00:00:00,63920,2016-03-31 06:46:09,2016,2016,March,March,19,2
2016-04-01 13:58:24,Ford_ka_schwarz,privat,Offer,600,test,kleinwagen,2001,manuell,69,ka,80000,Feb,Gasoline,ford,Other,2016-04-01 00:00:00,52477,2016-04-07 11:17:56,2016,2016,April,April,15,10
2016-03-10 19:47:58,FIESTA_STYLE,privat,Offer,990,control,kleinwagen,1999,manuell,0,fiesta,150000,Jan,Gasoline,ford,Other,2016-03-10 00:00:00,52477,2016-03-15 14:18:47,2016,2016,March,March,17,11
2016-04-05 12:55:39,Ford_Fiesta_Style,privat,Offer,800,test,kleinwagen,1999,manuell,60,fiesta,125000,Sep,Gasoline,ford,No,2016-04-05 00:00:00,76448,2016-04-05 12:55:39,2016,2016,April,April,17,3
2016-04-03 11:50:40,Ford_Fiesta,privat,Offer,500,control,kleinwagen,1996,manuell,75,fiesta,100000,Jan,Gasoline,ford,No,2016-04-03 00:00:00,15344,2016-04-07 12:46:51,2016,2016,April,April,20,11
2016-03-22 19:50:43,Verkaufe_Ford_Fiesta_Baujahr_2001,privat,Offer,550,test,kleinwagen,2001,manuell,60,fiesta,150000,Apr,Gasoline,ford,Other,2016-03-22 00:00:00,57439,2016-04-06 13:16:14,2016,2016,March,March,15,8
2016-03-15 15:57:51,Verkaufe_Ford_Ka_Bj.2003_TÜV_bis_Maerz_2018,privat,Offer,1300,control,kleinwagen,2003,manuell,0,ka,150000,Mar,Gasoline,ford,Other,2016-03-15 00:00:00,73525,2016-03-16 13:46:01,2016,2016,March,March,13,9
2016-04-01 20:25:38,Ford_Fiesta_1.3,privat,Offer,1500,control,kleinwagen,2005,manuell,69,fiesta,150000,Mar,Gasoline,ford,No,2016-04-01 00:00:00,55411,2016-04-02 18:38:47,2016,2016,April,April,11,9
2016-03-07 13:50:21,Ford_Ka_TÜV_bis_NOV.2016,privat,Offer,650,control,kleinwagen,1999,manuell,60,ka,70000,Oct,Gasoline,ford,No,2016-03-07 00:00:00,78532,2016-03-09 14:48:33,2016,2016,March,March,17,2
2016-03-25 20:50:26,Ford_Ka_zu_verkaufen,privat,Offer,350,control,kleinwagen,2002,manuell,60,ka,150000,Nov,Gasoline,ford,Other,2016-03-25 00:00:00,45899,2016-03-27 09:17:49,2016,2016,March,March,14,1
2016-03-11 13:58:51,Ford_Fution_1.4_Euro_4,privat,Offer,2400,test,kleinwagen,2003,manuell,68,fusion,150000,Aug,Diesel,ford,No,2016-03-11 00:00:00,45127,2016-03-22 04:16:13,2016,2016,March,March,13,4
2016-03-30 12:48:21,Ford_Ka__Bastlerfahrzeug_,privat,Offer,350,control,kleinwagen,2005,manuell,60,ka,100000,Mar,Gasoline,ford,No,2016-03-30 00:00:00,3149,2016-04-07 03:44:37,2016,2016,March,March,11,9
2016-03-26 21:37:55,Ford_Fiesta_1.3_TÜV_NEU_+_Alu_+_NSW_+_Servo_+_5_Tuerig,privat,Offer,2490,control,kleinwagen,2000,manuell,50,fiesta,80000,Dec,Gasoline,ford,No,2016-03-26 00:00:00,32791,2016-04-06 14:17:01,2016,2016,March,March,16,0
2016-03-23 09:52:27,Ford_Fiesta_1.3_Style,privat,Offer,3000,test,kleinwagen,2007,manuell,60,fiesta,50000,Sep,Gasoline,ford,No,2016-03-23 00:00:00,95497,2016-03-24 17:45:06,2016,2016,March,March,9,3
2016-03-21 11:49:35,Ich_verkaufen,privat,Offer,150,control,kleinwagen,1997,manuell,44,ka,150000,Dec,Gasoline,ford,Yes,2016-03-21 00:00:00,38226,2016-04-04 05:55:00,2016,2016,March,March,19,0
2016-03-07 16:55:50,Ford_Fiesta_zum_Ausschlachten,privat,Offer,200,control,kleinwagen,1995,manuell,54,fiesta,50000,Apr,Gasoline,ford,Yes,2016-03-07 00:00:00,48268,2016-04-05 23:46:02,2016,2016,March,March,21,8
2016-04-03 20:36:19,Ford_Fiesta_Tuev_03_17_Klima_D4_8_Fach_Bereift,privat,Offer,750,test,kleinwagen,2000,manuell,60,fiesta,150000,Dec,Gasoline,ford,No,2016-04-03 00:00:00,28779,2016-04-03 20:36:19,2016,2016,April,April,16,0
2016-03-27 16:51:59,Ford_Fiesta_Ghia_1.25_16v,privat,Offer,399,test,kleinwagen,1996,manuell,75,fiesta,80000,Jan,Gasoline,ford,Other,2016-03-27 00:00:00,93444,2016-04-05 12:44:25,2016,2016,March,March,20,11
2016-03-17 17:38:53,Top_Ford_Fiesta_Bj_2003,privat,Offer,1050,control,kleinwagen,2003,manuell,0,fiesta,150000,Mar,Gasoline,ford,No,2016-03-17 00:00:00,41063,2016-03-24 12:18:32,2016,2016,March,March,13,9
2016-03-22 21:36:26,FORD_FIESTA,privat,Offer,100,control,kleinwagen,1998,manuell,75,fiesta,80000,Jan,,ford,Other,2016-03-22 00:00:00,19077,2016-04-06 18:15:32,2016,2016,March,March,18,11
2016-03-29 11:51:00,Ford_Fiesta_ST_Motorschaden,privat,Offer,2600,test,kleinwagen,2005,manuell,150,fiesta,150000,Aug,Gasoline,ford,Yes,2016-03-29 00:00:00,89331,2016-04-05 21:15:26,2016,2016,March,March,11,4
2016-03-09 18:57:47,Ford_Fiesta_1.25_1Hand/Unfallfrei/Inspektion/Tuev_NEU,privat,Offer,5350,test,kleinwagen,2009,manuell,82,fiesta,90000,Apr,Gasoline,ford,No,2016-03-09 00:00:00,50733,2016-04-05 12:45:52,2016,2016,March,March,7,8
2016-03-11 16:57:33,Ford_Fiesta_TÜV_11/2017,privat,Offer,690,test,kleinwagen,1996,manuell,54,fiesta,90000,Sep,Gasoline,ford,No,2016-03-11 00:00:00,52351,2016-03-14 14:46:44,2016,2016,March,March,20,3
2016-03-30 00:36:17,Ford_Fiesta_1.3_Ghia,privat,Offer,1299,test,kleinwagen,2003,manuell,69,fiesta,150000,Sep,Gasoline,ford,No,2016-03-30 00:00:00,22297,2016-04-06 22:45:15,2016,2016,March,March,13,3
2016-04-04 16:52:02,Ford_Fiesta__Servo,privat,Offer,390,test,kleinwagen,2001,manuell,50,fiesta,125000,Feb,Gasoline,ford,Other,2016-04-04 00:00:00,24784,2016-04-06 18:46:33,2016,2016,April,April,15,10
2016-03-07 21:50:59,Ford_Fusion_1.4_TDCI_Elegance,privat,Offer,2290,control,kleinwagen,2005,manuell,68,fusion,125000,Nov,Diesel,ford,No,2016-03-07 00:00:00,20355,2016-04-06 03:45:38,2016,2016,March,March,11,1
2016-03-23 17:59:20,Ford_Fiesta_Fun_1.3,privat,Offer,2500,control,kleinwagen,2006,manuell,69,fiesta,150000,Jun,Gasoline,ford,No,2016-03-23 00:00:00,35418,2016-04-05 22:18:08,2016,2016,March,March,10,6
2016-03-11 20:25:27,Ford_ka_Silber,privat,Offer,500,test,kleinwagen,2002,Unspecified,0,ka,150000,Nov,Gasoline,ford,Other,2016-03-11 00:00:00,61206,2016-03-15 17:45:39,2016,2016,March,March,14,1
2016-03-08 19:06:47,Ford_Fiesta_Trend_1.25,privat,Offer,5000,control,kleinwagen,2009,manuell,60,fiesta,125000,Mar,Gasoline,ford,No,2016-03-08 00:00:00,35794,2016-03-12 20:19:40,2016,2016,March,March,7,9
2016-03-22 14:50:28,Ford_Fiesta_1.25_L___Unfallschaden,privat,Offer,400,control,kleinwagen,1998,manuell,75,fiesta,150000,Dec,Gasoline,ford,Yes,2016-03-22 00:00:00,67361,2016-04-06 04:16:03,2016,2016,March,March,18,0
2016-03-10 13:49:12,Ford_Fiesta_Style,privat,Offer,700,test,kleinwagen,1999,manuell,60,fiesta,150000,Jan,Gasoline,ford,Yes,2016-03-10 00:00:00,89343,2016-04-07 09:45:36,2016,2016,March,March,17,11
2016-03-11 18:45:48,Ford_Fiesta_1.25_Ambiente,privat,Offer,4990,test,kleinwagen,2009,manuell,82,fiesta,50000,Aug,Gasoline,ford,No,2016-03-11 00:00:00,58091,2016-03-12 23:44:11,2016,2016,March,March,7,4
2016-03-25 18:58:06,Schickes_Kleines_Auto__Bastlerfahrzeug,privat,Offer,600,test,kleinwagen,2002,manuell,60,ka,70000,Mar,Gasoline,ford,Yes,2016-03-25 00:00:00,88161,2016-04-07 01:18:03,2016,2016,March,March,14,9
2016-03-07 11:56:49,Ford_ka_zu_verkaufen,privat,Offer,400,test,kleinwagen,1996,manuell,45,ka,5000,Mar,Gasoline,ford,Yes,2016-03-07 00:00:00,54413,2016-03-07 15:44:52,2016,2016,March,March,20,9
2016-03-11 12:41:51,Ford_Fiesta_1.4_TDCI,privat,Offer,750,test,kleinwagen,2003,manuell,68,fiesta,150000,Mar,Diesel,ford,Yes,2016-03-11 00:00:00,83734,2016-04-01 08:47:24,2016,2016,March,March,13,9
2016-03-30 19:40:24,verkauf_ford_focus_mk1_2000r_1_4_16v,privat,Offer,1400,test,kleinwagen,1999,manuell,75,focus,150000,Jan,,ford,No,2016-03-30 00:00:00,25704,2016-04-07 10:47:00,2016,2016,March,March,17,11
2016-03-13 17:41:10,Ford_Fiesta,privat,Offer,750,control,kleinwagen,2001,manuell,50,fiesta,150000,Dec,Gasoline,ford,No,2016-03-13 00:00:00,44534,2016-03-14 22:45:25,2016,2016,March,March,15,0
2016-03-06 18:43:09,Biete_mein_zu_falesige_ford_ka_an,privat,Offer,600,control,kleinwagen,2003,manuell,60,ka,150000,Apr,,ford,No,2016-03-06 00:00:00,57439,2016-03-07 10:46:30,2016,2016,March,March,13,8
2016-03-25 16:44:36,Ford_Ka_Lufthansa_Edition__Preis_gesenkt!!!!__,privat,Offer,200,control,kleinwagen,1998,manuell,59,ka,125000,Feb,Gasoline,ford,Yes,2016-03-25 00:00:00,31840,2016-04-06 21:15:29,2016,2016,March,March,18,10
2016-03-15 17:48:21,Ford_Ka_1.2_Trend,privat,Offer,4200,control,kleinwagen,2010,manuell,69,ka,80000,Jul,Gasoline,ford,No,2016-03-15 00:00:00,57076,2016-03-21 16:49:22,2016,2016,March,March,6,5
2016-03-25 11:52:06,Ford_Ka_laeuft_1A_mit_Ledersitze_und_Klimaanlage_Tuev_Juli_2017_!!!,privat,Offer,1190,test,kleinwagen,2002,manuell,0,ka,150000,Mar,Gasoline,ford,Other,2016-03-25 00:00:00,33397,2016-04-06 12:44:58,2016,2016,March,March,14,9
2016-04-01 18:43:36,Verkaufe_Ford_Focus_als_Bastlerfahrzeug,privat,Offer,500,control,kleinwagen,2000,Unspecified,101,Other,150000,Jun,Gasoline,ford,Yes,2016-04-01 00:00:00,26817,2016-04-05 14:17:12,2016,2016,April,April,16,6
2016-04-01 13:45:02,Ford_Fiesta_1.4_Trend,privat,Offer,1300,test,kleinwagen,2003,manuell,80,fiesta,150000,Mar,Gasoline,ford,Yes,2016-04-01 00:00:00,68167,2016-04-05 07:49:19,2016,2016,April,April,13,9
2016-03-30 13:58:02,Ford_Fiesta_TÜV_sofort_fahrbereit,privat,Offer,850,test,kleinwagen,1999,manuell,50,fiesta,150000,Nov,Gasoline,ford,No,2016-03-30 00:00:00,56566,2016-04-07 07:17:16,2016,2016,March,March,17,1
2016-03-14 20:50:56,FORD_KA_Bj_1999,privat,Offer,300,control,kleinwagen,1999,Unspecified,0,ka,150000,Sep,Gasoline,ford,Other,2016-03-14 00:00:00,50769,2016-03-20 11:47:17,2016,2016,March,March,17,3
2016-04-03 20:40:47,FORD_KA_GÜNSTIG_ZU_VERKAUFEN,privat,Offer,350,test,kleinwagen,1999,manuell,0,ka,150000,May,Gasoline,ford,No,2016-04-03 00:00:00,69124,2016-04-03 20:40:47,2016,2016,April,April,17,7
2016-03-26 08:57:19,Ford_Fiesta_GT,privat,Offer,700,test,kleinwagen,1998,manuell,90,fiesta,150000,Sep,Gasoline,ford,No,2016-03-26 00:00:00,96163,2016-04-05 18:47:01,2016,2016,March,March,18,3
2016-03-15 15:55:58,***Ford_Fiesta***,privat,Offer,60,control,kleinwagen,1998,manuell,0,fiesta,150000,Nov,Gasoline,ford,Other,2016-03-15 00:00:00,95473,2016-03-26 20:15:30,2016,2016,March,March,18,1
2016-03-24 09:58:06,Ford_Fiesta_1.Hand,privat,Offer,300,control,kleinwagen,1997,manuell,60,Other,150000,Apr,Gasoline,ford,No,2016-03-24 00:00:00,99631,2016-04-02 03:46:50,2016,2016,March,March,19,8
2016-03-31 15:54:41,Ford_Fiesta,privat,Offer,150,control,kleinwagen,1997,manuell,55,fiesta,150000,Jun,Gasoline,ford,Other,2016-03-31 00:00:00,97342,2016-03-31 15:54:41,2016,2016,March,March,19,6
2016-03-27 20:52:55,Ford_Fiesta_1.6_TDCi__5_Tuerig_Lichtsensor_Regensensor,privat,Offer,4650,control,kleinwagen,2009,manuell,90,fiesta,150000,Dec,Diesel,ford,No,2016-03-27 00:00:00,30169,2016-03-27 21:46:01,2016,2016,March,March,7,0
2016-03-07 00:39:18,Ford_Fiesta_Sport_1.4,privat,Offer,5500,test,kleinwagen,2010,manuell,97,fiesta,125000,May,Gasoline,ford,Yes,2016-03-06 00:00:00,83059,2016-04-06 05:46:14,2016,2016,March,March,6,7
2016-03-12 03:36:19,Ford_Ka,privat,Offer,1500,test,kleinwagen,2002,manuell,60,ka,125000,Mar,Gasoline,ford,No,2016-03-12 00:00:00,44532,2016-03-20 02:17:54,2016,2016,March,March,14,9
2016-03-29 15:44:51,Ford_fiesta,privat,Offer,350,control,kleinwagen,1998,manuell,0,fiesta,150000,Jan,Gasoline,ford,Other,2016-03-29 00:00:00,53359,2016-03-29 15:44:51,2016,2016,March,March,18,11
2016-03-17 22:56:15,Ford_Fiesta_JAS_5Tuerer_M&S_Reifen_Ersatzteile_Bastlerfahrzeug,privat,Offer,250,test,kleinwagen,1997,manuell,50,fiesta,150000,Nov,Gasoline,ford,Yes,2016-03-17 00:00:00,22547,2016-03-31 03:44:52,2016,2016,March,March,19,1
2016-03-15 18:37:01,Ford_Fiesta,privat,Offer,1000,control,kleinwagen,1998,manuell,60,fiesta,150000,May,Gasoline,ford,Other,2016-03-15 00:00:00,78315,2016-04-05 22:16:24,2016,2016,March,March,18,7
2016-03-06 02:36:19,Ford_Fiesta_1.25_weiss,privat,Offer,5749,control,kleinwagen,2009,manuell,60,fiesta,70000,Aug,Gasoline,ford,No,2016-03-06 00:00:00,66663,2016-04-06 01:16:54,2016,2016,March,March,7,4
2016-03-21 13:45:44,Verkaufe_Ford_Fiesta_Silber_Edition,privat,Offer,0,test,kleinwagen,2004,manuell,69,fiesta,150000,Jun,Gasoline,ford,Other,2016-03-21 00:00:00,93426,2016-03-29 22:17:45,2016,2016,March,March,12,6
2016-03-25 11:36:20,Ford_Fiesta_zu_verkaufen,privat,Offer,1000,test,kleinwagen,2000,Unspecified,0,fiesta,150000,Nov,Gasoline,ford,Other,2016-03-25 00:00:00,85757,2016-04-06 11:17:51,2016,2016,March,March,16,1
2016-03-12 17:45:06,Ford_Fiesta_1.3__4_Tuerer__Schiebedach__mit_TÜV,privat,Offer,690,test,kleinwagen,1997,manuell,50,Other,150000,May,Gasoline,ford,No,2016-03-12 00:00:00,26603,2016-03-12 17:45:06,2016,2016,March,March,19,7
2016-03-20 16:49:20,Ford_Ka,privat,Offer,1950,test,kleinwagen,2008,manuell,69,ka,80000,Apr,Gasoline,ford,No,2016-03-20 00:00:00,51399,2016-04-04 20:16:49,2016,2016,March,March,8,8
2016-03-05 14:08:39,Ford_Fiesta,privat,Offer,1800,test,kleinwagen,2002,manuell,60,fiesta,150000,Dec,Gasoline,ford,No,2016-03-04 00:00:00,56566,2016-04-06 03:44:46,2016,2016,March,March,14,0
2016-03-13 13:36:25,Ford_Fiesta_Style_Kool_Klima_TÜV_Neu_SERVO,privat,Offer,1590,test,kleinwagen,1999,manuell,60,fiesta,100000,Sep,Gasoline,ford,No,2016-03-13 00:00:00,21039,2016-03-22 21:18:38,2016,2016,March,March,17,3
2016-03-25 13:39:56,Ford_Fiesta_1.25_Ambiente,privat,Offer,5200,test,kleinwagen,2009,manuell,82,fiesta,125000,Apr,Gasoline,ford,No,2016-03-25 00:00:00,83224,2016-04-06 15:44:33,2016,2016,March,March,7,8
2016-04-05 10:54:03,Ford_Fiesta_1.3_50ps_8_Monate_TÜV,privat,Offer,475,control,kleinwagen,1999,manuell,50,fiesta,150000,Mar,Gasoline,ford,Other,2016-04-05 00:00:00,38118,2016-04-07 14:56:36,2016,2016,April,April,17,9
2016-03-15 13:54:52,Ford_Fiesta_108_Tkm_TÜV_01/18_Klima__Servo,privat,Offer,1100,control,kleinwagen,2000,manuell,60,fiesta,125000,Nov,Gasoline,ford,No,2016-03-15 00:00:00,42275,2016-03-15 14:44:38,2016,2016,March,March,16,1
2016-03-06 18:41:33,Ford_Fiesta_1.4_Ambiente,privat,Offer,1899,control,kleinwagen,2004,manuell,80,fiesta,150000,Feb,Gasoline,ford,No,2016-03-06 00:00:00,65558,2016-04-02 09:18:06,2016,2016,March,March,12,10
2016-04-03 11:46:24,Ford_Fiesta_Futura_TUV_neu!!_85000_Km!!!,privat,Offer,950,control,kleinwagen,1999,manuell,75,fiesta,90000,Dec,Gasoline,ford,No,2016-04-03 00:00:00,83109,2016-04-07 12:45:42,2016,2016,April,April,17,0
2016-03-08 22:54:00,Ford_Ka_Student,privat,Offer,680,test,kleinwagen,2007,manuell,60,ka,125000,Aug,Gasoline,ford,No,2016-03-08 00:00:00,12057,2016-03-12 20:48:27,2016,2016,March,March,9,4
2016-03-16 14:48:22,Ford_Fiesta_1.25,privat,Offer,4600,test,kleinwagen,2010,manuell,60,fiesta,100000,Sep,Gasoline,ford,No,2016-03-16 00:00:00,13593,2016-03-17 12:46:32,2016,2016,March,March,6,3
2016-04-01 22:49:53,Ford_Ka_Klima_Neu_Tuev_4.2018,privat,Offer,750,test,kleinwagen,2001,manuell,60,ka,150000,May,Gasoline,ford,No,2016-04-01 00:00:00,48249,2016-04-05 21:45:06,2016,2016,April,April,15,7
2016-03-25 13:47:23,Ford_Fiesta_Titanium,privat,Offer,5450,test,kleinwagen,2008,manuell,97,fiesta,125000,Sep,Gasoline,ford,No,2016-03-25 00:00:00,50354,2016-04-06 16:16:52,2016,2016,March,March,8,3
2016-04-04 09:37:03,Ford_Fiesta_Fun_Bj._94_gfj_Euro2_umgeruestet,privat,Offer,190,control,kleinwagen,1994,manuell,60,fiesta,125000,Dec,,ford,Yes,2016-04-04 00:00:00,29389,2016-04-04 09:37:03,2016,2016,April,April,22,0
2016-03-30 19:47:57,Ford_Fiesta_Ghia_Tuev__Neu_03_2018,privat,Offer,999,test,kleinwagen,1999,manuell,75,fiesta,150000,Apr,Gasoline,ford,No,2016-03-30 00:00:00,40233,2016-04-03 10:46:42,2016,2016,March,March,17,8
2016-03-18 00:57:26,Ford_Fusion_Autom._101PS,privat,Offer,3390,test,kleinwagen,2005,automatik,101,fusion,125000,Jul,Gasoline,ford,Other,2016-03-17 00:00:00,74080,2016-04-05 21:16:09,2016,2016,March,March,11,5
2016-03-19 04:53:27,Ford_Ka_Titanium_Digital,privat,Offer,5500,test,kleinwagen,2011,manuell,69,ka,70000,Feb,Gasoline,ford,No,2016-03-18 00:00:00,96279,2016-03-29 18:15:53,2016,2016,March,March,5,10
2016-03-09 21:49:54,Ford_Fiesta_JAS,privat,Offer,600,test,kleinwagen,1999,manuell,60,fiesta,100000,Aug,Gasoline,ford,No,2016-03-09 00:00:00,42477,2016-04-05 23:46:31,2016,2016,March,March,17,4
2016-03-14 22:55:16,Ford_fiesta_sehr_gepflegt_frisch_TÜV_bis_2018,privat,Offer,1000,control,kleinwagen,2000,manuell,0,fiesta,150000,Oct,Gasoline,ford,No,2016-03-14 00:00:00,52349,2016-03-16 23:00:16,2016,2016,March,March,16,2
2016-03-20 20:47:43,Ford_Ka_***Tuev_01/18***,privat,Offer,1149,test,kleinwagen,2000,manuell,60,ka,150000,Jun,Gasoline,ford,Other,2016-03-20 00:00:00,64750,2016-04-07 05:44:27,2016,2016,March,March,16,6
2016-03-21 11:49:59,Ford_Fiesta,privat,Offer,3750,control,kleinwagen,2010,manuell,82,fiesta,50000,Feb,Gasoline,ford,Yes,2016-03-21 00:00:00,35114,2016-03-25 08:46:04,2016,2016,March,March,6,10
2016-04-04 18:39:19,Ford_Fiesta,privat,Offer,900,test,kleinwagen,1999,manuell,60,fiesta,150000,Jan,Gasoline,ford,No,2016-04-04 00:00:00,52134,2016-04-06 20:44:30,2016,2016,April,April,17,11
2016-03-15 18:46:26,Ford_Ka_1.2,privat,Offer,3500,control,kleinwagen,2010,manuell,69,ka,100000,Jan,Gasoline,ford,No,2016-03-15 00:00:00,71272,2016-04-06 19:46:04,2016,2016,March,March,6,11
2016-03-27 16:38:19,Biete_Ford_Fiaster,privat,Offer,150,test,kleinwagen,1997,manuell,0,fiesta,150000,Jan,Gasoline,ford,Other,2016-03-27 00:00:00,25557,2016-04-05 11:46:53,2016,2016,March,March,19,11
2016-03-19 14:45:48,Ford_Fiesta_1.3,privat,Offer,2250,test,kleinwagen,2004,manuell,60,fiesta,100000,May,Gasoline,ford,No,2016-03-19 00:00:00,33335,2016-03-19 14:45:48,2016,2016,March,March,12,7
2016-03-23 21:57:34,Ford_Fiesta_Bj_2001,privat,Offer,250,test,kleinwagen,2001,manuell,60,fiesta,150000,May,Gasoline,ford,Other,2016-03-23 00:00:00,50374,2016-04-02 07:48:29,2016,2016,March,March,15,7
2016-03-08 09:49:39,Ford_Ka_zu_Verkaufen,privat,Offer,750,control,kleinwagen,2002,manuell,60,ka,125000,Aug,Gasoline,ford,No,2016-03-08 00:00:00,51371,2016-04-03 00:17:22,2016,2016,March,March,14,4
2016-03-19 14:54:18,Ford_Fiesta_1_3_Futura_Klima_Alu,privat,Offer,950,test,kleinwagen,2002,manuell,60,fiesta,150000,Feb,Gasoline,ford,No,2016-03-19 00:00:00,51377,2016-03-23 01:16:15,2016,2016,March,March,14,10
2016-03-16 17:44:32,Ford_Fiesta_Tuev_3/18,privat,Offer,999,control,kleinwagen,2001,manuell,50,fiesta,150000,Oct,Gasoline,ford,No,2016-03-16 00:00:00,94113,2016-04-06 23:17:07,2016,2016,March,March,15,2
2016-04-02 21:47:53,Ford_Fiesta_1.3_Viva_X__EURO4_Klimaanlage,privat,Offer,2150,test,kleinwagen,2005,manuell,60,fiesta,150000,May,Gasoline,ford,No,2016-04-02 00:00:00,28844,2016-04-06 22:44:33,2016,2016,April,April,11,7
2016-03-29 18:53:29,Ford_Fiesta_1.3_Style,privat,Offer,3500,control,kleinwagen,2008,manuell,69,fiesta,125000,May,Gasoline,ford,No,2016-03-29 00:00:00,44229,2016-03-29 18:53:29,2016,2016,March,March,8,7
2016-03-30 00:55:10,Ford_Fiesta_1.3,privat,Offer,3550,test,kleinwagen,2007,manuell,69,fiesta,125000,Jun,Gasoline,ford,No,2016-03-30 00:00:00,28870,2016-04-06 22:45:26,2016,2016,March,March,9,6
2016-03-12 20:45:08,Ford_Fiesta_1.25,privat,Offer,5300,test,kleinwagen,2010,manuell,82,fiesta,80000,May,Gasoline,ford,No,2016-03-12 00:00:00,52525,2016-03-12 20:45:08,2016,2016,March,March,6,7
2016-03-29 15:51:25,Gepflegter_Ford_Fiesta_Euro_4_mit_Klima_einer_der_letzten,privat,Offer,750,control,kleinwagen,2002,manuell,55,fiesta,150000,Jan,Gasoline,ford,No,2016-03-29 00:00:00,32130,2016-04-06 01:44:45,2016,2016,March,March,14,11
2016-03-10 07:36:23,Ford_ka_als_bastlerfahrzeug,privat,Offer,100,control,kleinwagen,1998,Unspecified,0,ka,150000,Jan,Gasoline,ford,Yes,2016-03-10 00:00:00,19348,2016-04-06 00:16:49,2016,2016,March,March,18,11
2016-03-26 14:55:33,Ford_Ford_KA__Sport_KA__TÜV_08/16__Leder__Mod._200,privat,Offer,1550,control,kleinwagen,2003,manuell,95,ka,150000,Nov,Gasoline,ford,No,2016-03-26 00:00:00,45721,2016-04-06 03:17:45,2016,2016,March,March,13,1
2016-03-13 18:47:43,Ford_Fiesta_Kupplung_neu,privat,Offer,1000,test,kleinwagen,1999,manuell,60,fiesta,150000,Jun,Gasoline,ford,No,2016-03-13 00:00:00,51371,2016-04-06 17:47:08,2016,2016,March,March,17,6
2016-03-08 22:51:46,Ford_Fiesta_Florida,privat,Offer,850,test,kleinwagen,2002,manuell,60,fiesta,150000,Feb,Gasoline,ford,No,2016-03-08 00:00:00,73553,2016-03-17 20:45:49,2016,2016,March,March,14,10
2016-03-31 15:45:43,FORD_KA_BJ_2000_NUR_ORIGINAL_103TSD,privat,Offer,299,control,kleinwagen,2000,manuell,0,ka,125000,Jan,Gasoline,ford,Other,2016-03-31 00:00:00,50170,2016-04-02 10:47:06,2016,2016,March,March,16,11
2016-03-27 04:02:54,Ford_Fiesta_Fun,privat,Offer,1150,test,kleinwagen,1997,manuell,60,fiesta,150000,Apr,Gasoline,ford,No,2016-03-27 00:00:00,23568,2016-04-07 05:17:13,2016,2016,March,March,19,8
2016-03-20 15:41:44,Ford_Fiesta,privat,Offer,4900,control,kleinwagen,2009,manuell,97,fiesta,125000,Jun,Gasoline,ford,Other,2016-03-20 00:00:00,6925,2016-04-06 19:45:53,2016,2016,March,March,7,6
2016-03-23 12:57:54,Ford_Focus,privat,Offer,1200,control,kleinwagen,2001,manuell,116,focus,150000,Oct,Diesel,ford,No,2016-03-23 00:00:00,9603,2016-04-05 12:45:20,2016,2016,March,March,15,2
2016-04-01 16:55:58,Ford_Ka_Student,privat,Offer,1500,control,kleinwagen,2005,manuell,60,ka,70000,Jul,Gasoline,ford,No,2016-04-01 00:00:00,12435,2016-04-05 12:17:44,2016,2016,April,April,11,5
2016-03-29 19:44:28,Ford_Fusion,privat,Offer,950,control,kleinwagen,2003,manuell,0,fusion,150000,Oct,Gasoline,ford,Other,2016-03-29 00:00:00,73277,2016-03-29 19:44:28,2016,2016,March,March,13,2
2016-03-08 15:59:01,Ford_Fiesta_Tuev_6.2017_Fahrbereit,privat,Offer,500,test,kleinwagen,1996,manuell,50,fiesta,150000,May,Gasoline,ford,Yes,2016-03-08 00:00:00,36367,2016-03-09 15:47:19,2016,2016,March,March,20,7
2016-04-01 11:51:10,FORD*kA*_mit*orginal*68000*km*klima_und_*_neu*_tuev*,privat,Offer,1599,test,kleinwagen,2004,manuell,69,ka,70000,Nov,Gasoline,ford,No,2016-04-01 00:00:00,12347,2016-04-04 10:56:34,2016,2016,April,April,12,1
2016-03-16 19:47:09,Ford_Fiesta_1_3,privat,Offer,945,test,kleinwagen,2001,manuell,50,fiesta,150000,Jan,Gasoline,ford,No,2016-03-16 00:00:00,24534,2016-03-21 23:46:49,2016,2016,March,March,15,11
2016-03-15 20:38:31,Ford_KA_Bj.06_TÜV_bis_04/17_mit_Klima_Servo_CD_Radio,privat,Offer,1590,test,kleinwagen,2006,manuell,60,ka,150000,Apr,Gasoline,ford,No,2016-03-15 00:00:00,46047,2016-03-16 18:21:04,2016,2016,March,March,10,8
2016-04-04 13:51:02,Ford_Ka,privat,Offer,950,control,kleinwagen,2005,manuell,0,ka,150000,Aug,Gasoline,ford,Yes,2016-04-04 00:00:00,79206,2016-04-06 15:16:31,2016,2016,April,April,11,4
2016-03-16 18:45:17,Ford_Ka_Fun_mit_Neuem_Tuev,privat,Offer,1600,control,kleinwagen,2006,manuell,60,ka,70000,Apr,Gasoline,ford,No,2016-03-16 00:00:00,17291,2016-03-24 11:46:54,2016,2016,March,March,10,8
2016-03-14 17:43:51,Ford_Fiesta_1.3_TÜV_11/17_5_Tuerer_Ganzjahresreifen,privat,Offer,2350,test,kleinwagen,2004,manuell,60,fiesta,125000,May,Gasoline,ford,No,2016-03-14 00:00:00,21641,2016-03-19 05:15:50,2016,2016,March,March,12,7
2016-03-28 10:47:36,Ford_Fiesta_Style_Kool_TÜV_08/2017,privat,Offer,1000,control,kleinwagen,1999,manuell,75,fiesta,150000,Aug,Gasoline,ford,No,2016-03-28 00:00:00,6184,2016-03-30 00:47:30,2016,2016,March,March,17,4
2016-03-25 14:58:11,Ford_Fusion_1_4_tdci_aus1.Hand_TÜV_neu_Tausch_moeglich,privat,Offer,2599,control,kleinwagen,2003,manuell,68,fusion,150000,Jan,Diesel,ford,Other,2016-03-25 00:00:00,96369,2016-03-30 05:16:20,2016,2016,March,March,13,11
2016-03-22 17:49:55,Ford_Ka_Anfaengerauto_Motor_Getriebe_OK_TÜV_Sofort_Fahrbereit!,privat,Offer,650,control,kleinwagen,2001,manuell,0,ka,150000,Aug,Gasoline,ford,Other,2016-03-22 00:00:00,27356,2016-04-06 09:16:59,2016,2016,March,March,15,4
2016-04-02 10:55:34,Ford_Fiesta_wenig_Kilometer!,privat,Offer,250,test,kleinwagen,1997,manuell,0,fiesta,60000,Mar,Gasoline,ford,No,2016-04-02 00:00:00,4860,2016-04-04 07:51:06,2016,2016,April,April,19,9
2016-04-04 15:56:06,Ford_Fiesta_DI_Klimaanlage,privat,Offer,999,test,kleinwagen,2001,manuell,75,fiesta,150000,Oct,Diesel,ford,No,2016-04-04 00:00:00,37412,2016-04-06 17:44:58,2016,2016,April,April,15,2
2016-03-21 08:25:22,"Ford_Fiesta_Style_""KOOL""",privat,Offer,706,control,kleinwagen,1999,manuell,60,fiesta,150000,May,Gasoline,ford,No,2016-03-21 00:00:00,65549,2016-04-06 10:16:10,2016,2016,March,March,17,7
2016-04-04 21:52:10,Ford_Fiesta_TÜV_&_KLIMA,privat,Offer,599,test,kleinwagen,1999,manuell,0,fiesta,150000,May,Gasoline,ford,No,2016-04-04 00:00:00,32278,2016-04-04 21:52:10,2016,2016,April,April,17,7
2016-03-10 09:51:38,Ford_Fiesta_1.4_TDCI,privat,Offer,3999,test,kleinwagen,2009,manuell,68,fiesta,90000,Apr,Diesel,ford,Yes,2016-03-10 00:00:00,40476,2016-03-15 16:46:20,2016,2016,March,March,7,8
2016-04-04 15:57:20,Ford_Fiesta,privat,Offer,350,test,kleinwagen,1998,manuell,50,fiesta,150000,Jan,Gasoline,ford,No,2016-04-04 00:00:00,97348,2016-04-04 15:57:20,2016,2016,April,April,18,11
2016-03-14 22:54:35,Ford_Fiesta_Style,privat,Offer,1100,control,kleinwagen,1998,manuell,75,fiesta,150000,Dec,Gasoline,ford,No,2016-03-14 00:00:00,99338,2016-03-23 12:19:30,2016,2016,March,March,18,0
2016-03-31 18:44:27,Ford_ka_mit_ueber_1_Jahr_TÜV_sofort_fahrbereit,privat,Offer,400,control,kleinwagen,1998,manuell,60,ka,90000,May,,ford,No,2016-03-31 00:00:00,4626,2016-04-04 11:18:04,2016,2016,March,March,18,7
2016-03-29 18:39:14,Ford_Focus_1.6_Finesse_3_Tuerer,privat,Offer,1600,control,kleinwagen,2002,manuell,100,focus,150000,Mar,Gasoline,ford,No,2016-03-29 00:00:00,23972,2016-04-06 04:16:13,2016,2016,March,March,14,9
2016-03-22 20:37:21,Ford_Fiesta_1.4__TÜV_bis_12/2017,privat,Offer,3480,control,kleinwagen,2006,manuell,80,fiesta,125000,Jun,Gasoline,ford,Other,2016-03-22 00:00:00,52428,2016-04-06 16:16:50,2016,2016,March,March,10,6
2016-03-07 19:45:41,Ford_Fiesta_1.3_Ambiente,privat,Offer,2200,control,kleinwagen,2004,manuell,69,fiesta,70000,Aug,Gasoline,ford,No,2016-03-07 00:00:00,12524,2016-04-07 10:46:20,2016,2016,March,March,12,4
2016-04-05 09:56:10,Fiesta_mit_rest__TÜV_servo_klima_Voll_fahrbereit,privat,Offer,360,control,kleinwagen,1997,manuell,75,fiesta,150000,Sep,Gasoline,ford,Other,2016-04-05 00:00:00,45892,2016-04-07 13:17:01,2016,2016,April,April,19,3
2016-03-26 22:00:00,Ford_Fiesta_Futura,privat,Offer,500,control,kleinwagen,2000,manuell,60,fiesta,150000,Aug,Gasoline,ford,No,2016-03-26 00:00:00,97717,2016-03-28 12:47:41,2016,2016,March,March,16,4
2016-03-15 12:56:37,Ford_Fiesta__60_PS__silber__2_tuerig__TÜV_07/2017__KLIMA,privat,Offer,1250,control,kleinwagen,2001,manuell,60,fiesta,125000,Apr,Gasoline,ford,Other,2016-03-15 00:00:00,85229,2016-03-21 09:47:39,2016,2016,March,March,15,8
2016-03-27 11:53:10,Auto_zum_schlachte,privat,Offer,180,test,kleinwagen,2002,manuell,55,ka,90000,Aug,Gasoline,ford,Yes,2016-03-27 00:00:00,55450,2016-04-07 07:45:33,2016,2016,March,March,14,4
2016-04-04 19:51:56,Auto_zu_verkaufen,privat,Offer,150,test,kleinwagen,1998,manuell,60,ka,100000,Aug,Gasoline,ford,Other,2016-04-04 00:00:00,49504,2016-04-06 22:16:54,2016,2016,April,April,18,4
2016-03-09 09:53:43,Ford_Ka_ohne_TÜV__Bastler_Fahrzeug_oder_zur_Ausschlachtung,privat,Offer,200,test,kleinwagen,2002,Unspecified,0,ka,90000,Sep,Gasoline,ford,Other,2016-03-09 00:00:00,32257,2016-03-17 00:16:08,2016,2016,March,March,14,3
2016-03-11 18:52:57,TOP_gepflegter_Ford_Fiesta_Style__wenig_Kilometer__Klima,privat,Offer,5350,test,kleinwagen,2008,manuell,69,fiesta,50000,May,Gasoline,ford,No,2016-03-11 00:00:00,63674,2016-04-05 21:16:35,2016,2016,March,March,8,7
2016-03-28 12:59:03,Ford_Fiesta,privat,Offer,300,test,kleinwagen,1998,manuell,75,fiesta,150000,Nov,Gasoline,ford,Other,2016-03-28 00:00:00,86488,2016-03-28 12:59:03,2016,2016,March,March,18,1
2016-03-25 20:38:20,Ford_Fiesta,privat,Offer,1550,control,kleinwagen,2002,manuell,68,fiesta,150000,Jun,Diesel,ford,No,2016-03-25 00:00:00,36145,2016-03-28 21:19:16,2016,2016,March,March,14,6
2016-03-14 18:38:21,Ford_KA_Bj_1999,privat,Offer,300,test,kleinwagen,1999,Unspecified,0,ka,150000,Jul,Gasoline,ford,Other,2016-03-14 00:00:00,50769,2016-03-14 18:38:21,2016,2016,March,March,17,5
2016-03-15 07:57:00,Fiesta_1_3_L__Steuerkette_robuster_Motor__Tuev_Juni_2016_laeuft_gut,privat,Offer,369,test,kleinwagen,1996,manuell,50,fiesta,125000,Aug,Gasoline,ford,No,2016-03-15 00:00:00,49681,2016-03-17 02:18:15,2016,2016,March,March,20,4
2016-03-06 04:03:11,Ford_Ka_KLIMA_2_JAHRE_TÜV,privat,Offer,1280,test,kleinwagen,2000,manuell,60,ka,150000,Jun,Gasoline,ford,No,2016-03-06 00:00:00,54344,2016-03-15 12:47:11,2016,2016,March,March,16,6
2016-03-30 12:50:54,FORD_FIESTA_1.6_DIESEL_UNFALLAUTO_TÜV_2018,privat,Offer,750,control,kleinwagen,2005,manuell,90,fiesta,150000,Mar,Diesel,ford,Other,2016-03-30 00:00:00,30827,2016-03-30 12:50:54,2016,2016,March,March,11,9
2016-03-15 18:43:15,Ford_fiesta_1.3,privat,Offer,250,control,kleinwagen,1996,manuell,75,fiesta,150000,Jan,Gasoline,ford,No,2016-03-15 00:00:00,40229,2016-03-22 23:15:23,2016,2016,March,March,20,11
2016-03-07 11:36:16,FORD_FIESTA_1_4_TDCI_Trend_mit_Frontscheibenheizung,privat,Offer,1500,test,kleinwagen,2006,manuell,68,fiesta,150000,Mar,Diesel,ford,No,2016-03-07 00:00:00,92699,2016-03-18 00:15:53,2016,2016,March,March,10,9
2016-03-07 04:51:32,Ford_Fiesta__aus_2._Hand__gepflegt_,privat,Offer,3100,test,kleinwagen,2003,manuell,60,fiesta,100000,Jun,Gasoline,ford,Other,2016-03-07 00:00:00,37671,2016-04-05 15:17:07,2016,2016,March,March,13,6
2016-04-02 12:50:37,Ford_Ka_TÜV_neu,privat,Offer,699,test,kleinwagen,1998,manuell,60,ka,90000,Sep,Gasoline,ford,No,2016-04-02 00:00:00,50126,2016-04-02 12:50:37,2016,2016,April,April,18,3
2016-03-29 13:56:58,Ford_Fiesta_Ghia,privat,Offer,1000,control,kleinwagen,2000,manuell,75,fiesta,150000,Mar,Gasoline,ford,No,2016-03-29 00:00:00,49740,2016-04-05 23:17:49,2016,2016,March,March,16,9
2016-03-26 20:06:22,Ford_Fiesta,privat,Offer,800,test,kleinwagen,2000,manuell,60,fiesta,150000,Sep,Gasoline,ford,No,2016-03-26 00:00:00,61267,2016-04-06 22:18:02,2016,2016,March,March,16,3
2016-03-14 20:45:46,Ford_KA_Tuev_10/2017_Top_Ausstattung__Neues_model,privat,Offer,1299,control,kleinwagen,2006,manuell,69,ka,125000,Sep,Gasoline,ford,Other,2016-03-14 00:00:00,4769,2016-03-20 11:18:55,2016,2016,March,March,10,3
2016-03-17 20:53:36,Ford_Fiesta,privat,Offer,1000,control,kleinwagen,1999,manuell,50,fiesta,80000,May,Gasoline,ford,No,2016-03-17 00:00:00,99706,2016-03-17 20:53:36,2016,2016,March,March,17,7
2016-03-26 14:59:55,Auto_ist_am_gute_Zustand._Mit_neue_Batterie,privat,Offer,190,control,kleinwagen,1998,manuell,55,ka,80000,Jun,Gasoline,ford,No,2016-03-26 00:00:00,12439,2016-03-31 10:17:35,2016,2016,March,March,18,6
2016-03-05 14:55:25,Ford_Fusion_1.4_TDCI_Klima_Euro_4_Diesel_Top_Zustand_Schnaeppchen,privat,Offer,2999,control,kleinwagen,2007,manuell,68,fusion,150000,Aug,Diesel,ford,Other,2016-02-11 00:00:00,14550,2016-04-03 07:50:51,2016,2016,February,March,9,4
2016-04-01 13:37:40,Ford_KA_1_3_liter,privat,Offer,200,test,kleinwagen,1996,manuell,59,ka,100000,Dec,Gasoline,ford,Other,2016-04-01 00:00:00,48231,2016-04-03 10:44:55,2016,2016,April,April,20,0
2016-03-21 19:49:36,Ford_Fiesta_1.3_Viva_X,privat,Offer,2200,test,kleinwagen,2005,manuell,69,fiesta,100000,May,Gasoline,ford,No,2016-03-21 00:00:00,1157,2016-04-06 22:45:51,2016,2016,March,March,11,7
2016-03-31 21:37:55,Ford_Fiesta_1.4_Trend,privat,Offer,2200,test,kleinwagen,2004,manuell,80,fiesta,125000,Jun,Gasoline,ford,No,2016-03-31 00:00:00,71642,2016-03-31 21:37:55,2016,2016,March,March,12,6
2016-03-25 11:49:30,Ford_Ka_TÜV_AU_Neu_Alu_sehr_guter_Zustand,privat,Offer,1400,test,kleinwagen,2003,manuell,60,ka,125000,Mar,Gasoline,ford,No,2016-03-25 00:00:00,51580,2016-04-06 12:44:48,2016,2016,March,March,13,9
2016-03-21 22:55:44,Ford_Focus_ghia_Klima_1.8tdci,privat,Offer,2200,control,kleinwagen,2001,manuell,116,focus,150000,May,Diesel,ford,No,2016-03-21 00:00:00,29303,2016-04-07 06:46:33,2016,2016,March,March,15,7
2016-03-14 14:45:29,Ford_Ka__TÜV/AU_10/2017_gruene_Plakette,privat,Offer,888,control,kleinwagen,2002,manuell,60,ka,150000,May,Gasoline,ford,No,2016-03-14 00:00:00,49201,2016-03-16 04:44:51,2016,2016,March,March,14,7
2016-03-09 17:48:50,Gepflegter_Ford_Fiesta,privat,Offer,1450,test,kleinwagen,2002,manuell,60,fiesta,100000,Jan,Gasoline,ford,No,2016-03-09 00:00:00,26203,2016-03-23 10:45:57,2016,2016,March,March,14,11
2016-03-07 18:38:00,Ford_Ka__8_Reifen_Alufelge__Klima_Aux,privat,Offer,200,control,kleinwagen,2000,manuell,60,ka,150000,Aug,Gasoline,ford,No,2016-03-07 00:00:00,24143,2016-03-07 18:38:00,2016,2016,March,March,16,4
2016-04-05 12:52:54,Ford_Ka_TÜV_11/16,privat,Offer,80,test,kleinwagen,1997,manuell,0,ka,5000,Jan,Gasoline,ford,Yes,2016-04-05 00:00:00,79108,2016-04-05 12:52:54,2016,2016,April,April,19,11
2016-03-28 15:52:56,Fiesta_mit_wenig_Km_zu_verkaufen,privat,Offer,500,control,kleinwagen,1996,manuell,60,fiesta,90000,Feb,Gasoline,ford,No,2016-03-28 00:00:00,67686,2016-04-06 20:46:39,2016,2016,March,March,20,10
2016-03-09 14:47:35,Gepflegter_Ford_Focus,privat,Offer,890,test,kleinwagen,1999,manuell,0,focus,150000,Oct,Gasoline,ford,Other,2016-03-09 00:00:00,4552,2016-03-13 04:44:20,2016,2016,March,March,17,2
2016-04-06 21:36:37,Ford_Fiesta_1._Hand_mit_Hu,privat,Offer,450,control,kleinwagen,1997,manuell,60,fiesta,150000,Apr,Gasoline,ford,No,2016-04-06 00:00:00,99631,2016-04-06 21:36:37,2016,2016,April,April,19,8
2016-03-12 10:55:57,Ford_Fiesta__S_Youngtimer,privat,Offer,999,control,kleinwagen,1988,manuell,50,fiesta,80000,Apr,Gasoline,ford,No,2016-03-12 00:00:00,1689,2016-04-06 02:46:42,2016,2016,March,March,28,8
2016-03-19 14:40:14,Ford_Focus_1_6_TÜV_2018!!!!!,privat,Offer,850,test,kleinwagen,2001,manuell,90,focus,150000,Jan,Gasoline,ford,No,2016-03-19 00:00:00,71065,2016-03-20 16:18:41,2016,2016,March,March,15,11
2016-03-17 22:48:06,Ford_Ka_1.2_Titanium,privat,Offer,5700,test,kleinwagen,2010,manuell,69,ka,70000,Mar,Gasoline,ford,No,2016-03-17 00:00:00,74586,2016-04-05 14:18:31,2016,2016,March,March,6,9
2016-03-26 15:53:53,Ford_KA_Vollausstattung_!,privat,Offer,1350,test,kleinwagen,2002,manuell,0,ka,30000,Jan,Gasoline,ford,No,2016-03-26 00:00:00,26188,2016-03-26 15:53:53,2016,2016,March,March,14,11
2016-03-20 19:44:02,Ford_Fiesta_1.25_Trend,privat,Offer,5500,test,kleinwagen,2010,manuell,82,fiesta,125000,Aug,Gasoline,ford,No,2016-03-20 00:00:00,17207,2016-03-30 12:48:01,2016,2016,March,March,6,4
2016-04-04 19:49:01,Ford_Fiesta_Ghia,privat,Offer,1250,test,kleinwagen,1998,manuell,75,fiesta,90000,Dec,Gasoline,ford,No,2016-04-04 00:00:00,53797,2016-04-06 22:16:45,2016,2016,April,April,18,0
2016-03-27 19:58:58,Ford_Focus_1_6/100PS/Silber/Schaltgetriebe,privat,Offer,1000,control,kleinwagen,2002,manuell,100,focus,150000,Apr,Gasoline,ford,No,2016-03-27 00:00:00,72336,2016-04-05 18:45:48,2016,2016,March,March,14,8
2016-03-14 21:54:35,Ford_Fiesta_Bj_2005_guter_Zustand,privat,Offer,1950,test,kleinwagen,2005,manuell,60,fiesta,125000,Jun,Gasoline,ford,Other,2016-03-14 00:00:00,66540,2016-03-15 17:44:17,2016,2016,March,March,11,6
2016-04-03 15:58:11,Ford_Fiesta,privat,Offer,600,test,kleinwagen,1997,manuell,60,fiesta,150000,Jun,Gasoline,ford,No,2016-04-03 00:00:00,76829,2016-04-05 15:46:23,2016,2016,April,April,19,6
2016-03-15 14:58:49,Ford_Fiesta_1.4_tdci_ghia___TÜV_2017___Diesel__Euro_4_GRÜN__KLIMA,privat,Offer,1790,control,kleinwagen,2004,manuell,0,fiesta,150000,Oct,Diesel,ford,No,2016-03-15 00:00:00,22159,2016-03-15 15:39:15,2016,2016,March,March,12,2
2016-03-12 16:41:17,Ford_Fiesta__4_Tuerig_mit_tuev_Klima_,privat,Offer,899,control,kleinwagen,1998,manuell,75,fiesta,100000,Apr,Gasoline,ford,No,2016-03-12 00:00:00,63743,2016-03-12 16:41:17,2016,2016,March,March,18,8
2016-03-29 11:58:13,Top_Fahrzeug_fuer_Fahranfaenger,privat,Offer,2300,test,kleinwagen,2008,manuell,69,fiesta,125000,Aug,Gasoline,ford,Other,2016-03-29 00:00:00,71116,2016-03-29 12:45:09,2016,2016,March,March,8,4
2016-03-09 11:54:40,Ford_Ka_1_3_Cool_Winterraeder_TÜV_08_2017,privat,Offer,500,test,kleinwagen,1998,manuell,60,ka,125000,Sep,Gasoline,ford,No,2016-03-09 00:00:00,4720,2016-04-05 17:45:04,2016,2016,March,March,18,3
2016-04-01 20:56:41,Ford_Fiesta,privat,Offer,800,test,kleinwagen,2001,manuell,60,fiesta,150000,Jul,Gasoline,ford,No,2016-04-01 00:00:00,66625,2016-04-05 18:19:14,2016,2016,April,April,15,5
2016-03-09 12:58:05,Ford_Fiesta_Style,privat,Offer,850,control,kleinwagen,1997,manuell,60,fiesta,150000,Feb,Gasoline,ford,No,2016-03-09 00:00:00,45665,2016-03-28 02:17:28,2016,2016,March,March,19,10
2016-03-12 18:57:35,Fort_fiesta,privat,Offer,450,test,kleinwagen,1998,manuell,60,fiesta,5000,Jan,,ford,Other,2016-03-12 00:00:00,74078,2016-04-07 12:46:58,2016,2016,March,March,18,11
2016-03-10 17:49:25,Ford_Fiesta_1.25,privat,Offer,5650,control,kleinwagen,2011,manuell,60,fiesta,70000,Aug,Gasoline,ford,No,2016-03-10 00:00:00,15370,2016-04-05 19:45:21,2016,2016,March,March,5,4
2016-03-25 17:58:19,Ford_Fiesta_1_4_TDCI_Turbolader_50KW_68_PS_Bj.01_08____33.000km,privat,Offer,200,test,kleinwagen,2007,manuell,68,fiesta,40000,May,Diesel,ford,Other,2016-03-25 00:00:00,60326,2016-04-07 14:32:38,2016,2016,March,March,9,7
2016-03-31 17:46:25,Ford_Fiesta_Style_Family,privat,Offer,550,control,kleinwagen,1999,manuell,75,fiesta,150000,Feb,Gasoline,ford,No,2016-03-31 00:00:00,40489,2016-03-31 17:46:25,2016,2016,March,March,17,10
2016-03-08 18:40:18,Ford_Fiesta,privat,Offer,650,test,kleinwagen,1998,manuell,0,fiesta,150000,Jun,Gasoline,ford,Yes,2016-03-08 00:00:00,46284,2016-04-07 10:46:45,2016,2016,March,March,18,6
2016-04-03 09:54:33,Ford_Fiesta_1.3,privat,Offer,2000,control,kleinwagen,2005,manuell,69,fiesta,150000,Sep,Gasoline,ford,No,2016-04-03 00:00:00,47589,2016-04-05 08:16:46,2016,2016,April,April,11,3
2016-04-02 01:55:26,Ford_Fusion,privat,Offer,2000,test,kleinwagen,2003,manuell,96,Other,150000,Feb,Gasoline,ford,No,2016-04-01 00:00:00,22045,2016-04-04 04:44:57,2016,2016,April,April,13,10
2016-03-31 21:44:12,Ford_Fiesta_1.3_Fun_Klima,privat,Offer,3400,test,kleinwagen,2006,manuell,60,fiesta,90000,Jun,Gasoline,ford,No,2016-03-31 00:00:00,49477,2016-04-06 16:45:44,2016,2016,March,March,10,6
2016-04-03 18:39:30,Ford_Fiesta_Style,privat,Offer,750,control,kleinwagen,1998,manuell,75,fiesta,150000,Jun,Gasoline,ford,No,2016-04-03 00:00:00,51580,2016-04-05 18:46:23,2016,2016,April,April,18,6
2016-03-28 11:49:21,Ford_Focus_Silber_mit_Winterraeder_ohne_TÜV,privat,Offer,250,control,kleinwagen,1999,manuell,75,focus,150000,Sep,Gasoline,ford,Yes,2016-03-28 00:00:00,99427,2016-04-06 14:17:19,2016,2016,March,March,17,3
2016-03-28 15:46:42,Ford_Fiesta_1.3_tuev_bis_09_2016,privat,Offer,690,control,kleinwagen,1998,Unspecified,0,fusion,150000,Jan,,ford,No,2016-03-28 00:00:00,64521,2016-04-04 18:18:23,2016,2016,March,March,18,11
2016-03-07 19:41:47,Ford_Ka_8Fach_Klima_MP3,privat,Offer,700,control,kleinwagen,2006,manuell,69,ka,80000,Jun,Gasoline,ford,No,2016-03-07 00:00:00,86825,2016-03-10 03:44:14,2016,2016,March,March,10,6
2016-03-25 10:56:33,Ford_Fiesta_1_3,privat,Offer,200,test,kleinwagen,2000,manuell,50,fiesta,150000,Sep,,ford,Other,2016-03-25 00:00:00,26180,2016-04-06 11:45:31,2016,2016,March,March,16,3
2016-03-27 17:57:19,Ford_Focus,privat,Offer,370,test,kleinwagen,1999,manuell,75,focus,150000,Dec,Gasoline,ford,No,2016-03-27 00:00:00,26810,2016-03-27 17:57:19,2016,2016,March,March,17,0
2016-03-05 14:52:05,Kleiner_Ka,privat,Offer,400,control,kleinwagen,1996,manuell,60,ka,125000,Dec,Gasoline,ford,Yes,2016-03-05 00:00:00,9130,2016-03-12 18:15:23,2016,2016,March,March,20,0
2016-03-21 22:40:35,Ford_Fiesta_sehr_gepflegt__neu_TÜV__viele_Neuteile,privat,Offer,1500,control,kleinwagen,1999,manuell,75,fiesta,100000,Apr,,ford,No,2016-03-21 00:00:00,37287,2016-04-03 01:44:37,2016,2016,March,March,17,8
2016-03-10 11:36:19,Ford_Ka,privat,Offer,699,test,kleinwagen,2002,manuell,60,ka,125000,Mar,Gasoline,ford,No,2016-03-10 00:00:00,65550,2016-03-12 23:15:36,2016,2016,March,March,14,9
2016-03-12 22:55:53,Ford_Fiesta_1.4_Sommer+Winter_Raeder,privat,Offer,4650,control,kleinwagen,2008,Unspecified,80,fiesta,70000,Apr,Gasoline,ford,No,2016-03-12 00:00:00,32689,2016-03-31 17:45:30,2016,2016,March,March,8,8
2016-03-17 12:51:17,Ford_Fiesta__Silber,privat,Offer,1150,test,kleinwagen,1998,manuell,50,fiesta,80000,Dec,Gasoline,ford,No,2016-03-17 00:00:00,26624,2016-03-21 17:15:19,2016,2016,March,March,18,0
2016-03-10 23:53:47,schoener_fiesta_wenig_km_64000_hinten_rechts_kleiner_parkrempler,privat,Offer,1200,test,kleinwagen,2002,manuell,60,fiesta,70000,Jan,Gasoline,ford,Yes,2016-03-10 00:00:00,50181,2016-03-15 14:46:05,2016,2016,March,March,14,11
2016-03-11 17:38:31,Gepflegter...schoen_zurecht_gemachter_Ford_KA_fuer_Bastler,privat,Offer,0,control,kleinwagen,1999,manuell,60,ka,70000,Apr,Gasoline,ford,Yes,2016-03-11 00:00:00,30890,2016-03-18 01:45:43,2016,2016,March,March,17,8
2016-03-23 16:49:46,Ford_Ka_Sedan,privat,Offer,690,test,kleinwagen,1999,manuell,60,ka,80000,Dec,Gasoline,ford,No,2016-03-23 00:00:00,45329,2016-04-05 20:46:39,2016,2016,March,March,17,0
2016-03-21 06:36:19,_FORD_FIESTA_1_3L_50_PS_EZ_12_2002_TÜV_NEU_,privat,Offer,1479,control,kleinwagen,2002,manuell,50,fiesta,100000,Dec,Gasoline,ford,Yes,2016-03-21 00:00:00,44652,2016-04-06 01:49:51,2016,2016,March,March,14,0
2016-03-08 14:38:59,Ford_Fiesta_1.4_TDCI,privat,Offer,1600,test,kleinwagen,2002,manuell,68,fiesta,150000,Jun,Diesel,ford,No,2016-03-08 00:00:00,10967,2016-03-31 06:47:08,2016,2016,March,March,14,6
2016-04-02 00:46:56,Ford_Fiesta_1.25_Trend___2._Hand___109000km,privat,Offer,5200,test,kleinwagen,2008,manuell,82,fiesta,125000,Sep,Gasoline,ford,No,2016-04-01 00:00:00,40597,2016-04-06 04:16:29,2016,2016,April,April,8,3
2016-03-07 16:40:06,Ford_Fiesta_Flair,privat,Offer,950,control,kleinwagen,1997,manuell,60,fiesta,150000,Mar,Gasoline,ford,No,2016-03-07 00:00:00,71126,2016-04-03 16:46:36,2016,2016,March,March,19,9
2016-03-16 11:50:40,Ford_Fiesta_Rentnerauto_Youngtimer_Tuev_2018,privat,Offer,750,control,kleinwagen,1995,manuell,50,fiesta,100000,Jun,Gasoline,ford,No,2016-03-16 00:00:00,60329,2016-03-17 22:29:43,2016,2016,March,March,21,6
2016-04-01 14:52:33,Ford_Fiesta_mit_TÜV,privat,Offer,500,test,kleinwagen,2001,manuell,60,fiesta,150000,Mar,Gasoline,ford,Other,2016-04-01 00:00:00,13355,2016-04-07 12:16:05,2016,2016,April,April,15,9
2016-03-25 12:36:53,Ford_Ka_1.4_mit_ueber_1_Jahr_TÜV,privat,Offer,400,test,kleinwagen,2001,manuell,0,ka,150000,Mar,Gasoline,ford,Other,2016-03-25 00:00:00,32423,2016-04-06 13:44:56,2016,2016,March,March,15,9
2016-03-31 20:55:06,Ford_Focus_1.8_TÜV_Agust_2017,privat,Offer,999,test,kleinwagen,1999,manuell,90,focus,150000,May,Gasoline,ford,No,2016-03-31 00:00:00,6712,2016-04-02 16:47:32,2016,2016,March,March,17,7
2016-04-05 10:51:26,Ford_Fiesta_TÜV_31.05.16,privat,Offer,400,control,kleinwagen,1994,manuell,45,fiesta,150000,May,Gasoline,ford,Yes,2016-04-05 00:00:00,28237,2016-04-05 11:40:54,2016,2016,April,April,22,7
2016-03-24 15:06:24,Ford_Fiesta_1.3_Fun_X,privat,Offer,3000,control,kleinwagen,2007,manuell,69,fiesta,80000,Mar,Gasoline,ford,No,2016-03-24 00:00:00,65187,2016-04-06 02:16:58,2016,2016,March,March,9,9
2016-03-19 21:49:37,Verkaufe_Ford_Fiesta,privat,Offer,300,control,kleinwagen,1997,manuell,50,fiesta,150000,Nov,Gasoline,ford,Yes,2016-03-19 00:00:00,17166,2016-04-07 12:17:12,2016,2016,March,March,19,1
2016-03-27 18:36:56,Ford_Fiesta_elk._Fensterheber_und_Klima!!,privat,Offer,2200,control,kleinwagen,2003,manuell,60,fiesta,125000,Dec,Gasoline,ford,No,2016-03-27 00:00:00,50321,2016-03-31 01:15:55,2016,2016,March,March,13,0
2016-03-23 17:51:09,Ford_Fiesta,privat,Offer,4900,control,kleinwagen,2010,manuell,82,fiesta,90000,May,Gasoline,ford,No,2016-03-23 00:00:00,31863,2016-03-23 17:51:09,2016,2016,March,March,6,7
2016-03-20 12:54:47,Ford_Ka_Style,privat,Offer,1900,test,kleinwagen,2008,manuell,69,ka,125000,May,Gasoline,ford,No,2016-03-20 00:00:00,10315,2016-03-28 11:16:22,2016,2016,March,March,8,7
2016-03-16 20:40:39,Ford_Ka...,privat,Offer,750,control,kleinwagen,2002,manuell,0,ka,150000,Oct,Gasoline,ford,No,2016-03-16 00:00:00,66740,2016-04-01 10:19:25,2016,2016,March,March,14,2
2016-03-14 22:52:01,Ford_Fiesta_zu_verkaufen,privat,Offer,1500,control,kleinwagen,2004,manuell,60,fiesta,125000,Mar,Gasoline,ford,Other,2016-03-14 00:00:00,55576,2016-03-14 22:52:01,2016,2016,March,March,12,9
2016-03-20 14:51:12,Ford_Ka_Reserviert_bis_heute_19:00!,privat,Offer,100,test,kleinwagen,2006,manuell,0,ka,150000,Jan,,ford,Other,2016-03-20 00:00:00,48282,2016-03-20 14:51:12,2016,2016,March,March,10,11
2016-03-07 16:29:34,Ford_Ka_Tuev_neu,privat,Offer,680,control,kleinwagen,1996,manuell,50,ka,150000,Nov,Gasoline,ford,No,2016-03-07 00:00:00,65779,2016-03-09 06:44:08,2016,2016,March,March,20,1
2016-03-23 17:47:07,Ford_Fiesta_1.0_EcoBoost_Start_Stop,privat,Offer,999,control,kleinwagen,2015,manuell,101,fiesta,10000,Aug,Gasoline,ford,Yes,2016-03-23 00:00:00,50735,2016-04-05 21:46:18,2016,2016,March,March,1,4
2016-04-01 19:52:02,Ford_Fiesta_Euro_4,privat,Offer,1300,control,kleinwagen,2004,manuell,60,fiesta,150000,Apr,,ford,No,2016-04-01 00:00:00,33100,2016-04-05 16:45:35,2016,2016,April,April,12,8
2016-03-27 10:50:02,Ford_Fiesta_Classic,privat,Offer,900,control,kleinwagen,1996,manuell,50,fiesta,150000,Jun,Gasoline,ford,No,2016-03-27 00:00:00,47574,2016-04-07 05:46:26,2016,2016,March,March,20,6
2016-03-29 17:39:34,Ford_Fiesta,privat,Offer,0,control,kleinwagen,1995,manuell,50,fiesta,150000,Jan,Gasoline,ford,Yes,2016-03-29 00:00:00,83109,2016-04-06 03:15:59,2016,2016,March,March,21,11
2016-04-02 17:46:45,Ford_fucus,privat,Offer,2000,control,kleinwagen,2001,manuell,101,focus,100000,Jun,Gasoline,ford,Other,2016-04-02 00:00:00,49477,2016-04-02 17:46:45,2016,2016,April,April,15,6
2016-03-12 13:46:44,Ford_Fiesta_1_6_100_PS_EZ_08/2002_nicht_fahrbereit,privat,Offer,800,control,kleinwagen,2002,manuell,100,fiesta,150000,Aug,Gasoline,ford,Yes,2016-03-12 00:00:00,54293,2016-03-12 13:46:44,2016,2016,March,March,14,4
2016-03-16 16:37:55,Ford_Fiesta_1.25_Trend,privat,Offer,3999,control,kleinwagen,2008,manuell,82,fiesta,150000,Dec,Gasoline,ford,No,2016-03-16 00:00:00,73540,2016-04-04 18:17:35,2016,2016,March,March,8,0
2016-03-12 16:42:21,Ford_Fiesta_1.3__Ideales_Anfaengerauto,privat,Offer,2100,control,kleinwagen,2005,manuell,60,fiesta,125000,Nov,Gasoline,ford,No,2016-03-12 00:00:00,32549,2016-03-19 18:47:04,2016,2016,March,March,11,1
2016-03-29 10:50:24,Bastlerfahrzeug,privat,Offer,200,control,kleinwagen,2002,manuell,45,ka,150000,Nov,Gasoline,ford,Yes,2016-03-29 00:00:00,19288,2016-04-05 19:46:33,2016,2016,March,March,14,1
2016-03-11 17:41:48,Ford_fiesta,privat,Offer,1450,control,kleinwagen,2004,manuell,0,fiesta,150000,Jan,Diesel,ford,Other,2016-03-11 00:00:00,51375,2016-03-12 07:17:57,2016,2016,March,March,12,11
2016-03-05 14:27:40,Ford_Ka_1.3_Tuev/Au_02/2018,privat,Offer,999,test,kleinwagen,1998,manuell,0,ka,150000,Nov,Gasoline,ford,No,2016-03-05 00:00:00,35440,2016-03-09 06:44:56,2016,2016,March,March,18,1
2016-03-12 10:56:45,Ford_Fiesta_TÜV_03/2018,privat,Offer,649,control,kleinwagen,2001,manuell,60,fiesta,150000,Dec,Gasoline,ford,Other,2016-03-12 00:00:00,4758,2016-03-17 08:45:33,2016,2016,March,March,15,0
2016-03-15 19:48:29,Verkaufen_hier_unser_Ford_Fiesta,privat,Offer,0,control,kleinwagen,2001,manuell,50,fiesta,150000,May,,ford,Yes,2016-03-15 00:00:00,22113,2016-03-17 16:16:34,2016,2016,March,March,15,7
2016-03-11 13:38:41,Ford_Fusion_1.4,privat,Offer,4350,test,kleinwagen,2004,Unspecified,80,fusion,40000,Jun,Gasoline,ford,Yes,2016-03-11 00:00:00,23617,2016-04-07 08:16:53,2016,2016,March,March,12,6
2016-03-26 15:47:04,Ford_Ka,privat,Offer,599,test,kleinwagen,1999,manuell,60,ka,125000,Apr,Gasoline,ford,No,2016-03-26 00:00:00,47226,2016-04-02 06:16:12,2016,2016,March,March,17,8
2016-03-10 22:36:19,Ford_Fiesta_1.3_Benzina_Tuev_2_Jahre_Anhaengerkupplung__vorhanden,privat,Offer,2500,control,kleinwagen,2005,manuell,60,fiesta,150000,Jan,Gasoline,ford,No,2016-03-10 00:00:00,28777,2016-03-12 23:46:39,2016,2016,March,March,11,11
2016-03-14 18:44:13,Ford_Focus,privat,Offer,900,test,kleinwagen,2001,manuell,90,focus,150000,Jun,Diesel,ford,Yes,2016-03-14 00:00:00,24986,2016-03-21 09:46:16,2016,2016,March,March,15,6
2016-03-31 20:46:48,Fahrzeug_fuer_Bastler,privat,Offer,300,test,kleinwagen,2001,Unspecified,107,focus,150000,Jan,Gasoline,ford,Yes,2016-03-31 00:00:00,94227,2016-04-06 15:45:14,2016,2016,March,March,15,11
2016-03-26 11:25:18,Ford_Fiesta_Flair,privat,Offer,599,test,kleinwagen,1996,manuell,60,fiesta,125000,Apr,Gasoline,ford,No,2016-03-26 00:00:00,35580,2016-04-02 10:15:38,2016,2016,March,March,20,8
2016-03-24 11:57:49,Anfaengerauto_Ford_Fiesta_an_Bastler_mit_TOP_Ausstattung,privat,Offer,399,test,kleinwagen,1998,automatik,0,fiesta,5000,Aug,Gasoline,ford,Other,2016-03-24 00:00:00,42277,2016-04-07 03:17:49,2016,2016,March,March,18,4
2016-03-11 12:50:03,Ford_Fusion_1.4,privat,Offer,2200,test,kleinwagen,2006,manuell,80,fusion,150000,Jun,Gasoline,ford,No,2016-03-11 00:00:00,12167,2016-03-12 02:15:58,2016,2016,March,March,10,6
2016-03-10 16:46:28,Ford_Fusion_1.25_Style_nur_75000_km__Anfaengerauto,privat,Offer,3995,control,kleinwagen,2007,manuell,75,fusion,80000,Aug,Gasoline,ford,No,2016-03-10 00:00:00,64404,2016-04-05 15:17:19,2016,2016,March,March,9,4
2016-03-06 19:50:49,Stadt_Flitzer_Ford_Fiesta,privat,Offer,1999,control,kleinwagen,2005,manuell,69,fiesta,150000,Dec,Gasoline,ford,No,2016-03-06 00:00:00,54290,2016-04-07 04:46:41,2016,2016,March,March,11,0
2016-04-04 08:55:01,Ford_Fiesta__TÜV/AU_NEU_!!!,privat,Offer,900,control,kleinwagen,2001,manuell,60,fiesta,150000,Sep,Gasoline,ford,No,2016-04-04 00:00:00,6712,2016-04-06 09:45:50,2016,2016,April,April,15,3
2016-03-24 16:53:49,Kleiner_zuverlaessiger_Flitzer,privat,Offer,400,control,kleinwagen,1997,manuell,60,fiesta,150000,May,Gasoline,ford,No,2016-03-24 00:00:00,45475,2016-04-07 10:17:33,2016,2016,March,March,19,7
2016-04-03 16:42:55,Ford_Fiesta_1.25_Champions_Edition_Klima_Sitzheizung,privat,Offer,4699,control,kleinwagen,2012,manuell,60,fiesta,30000,May,Gasoline,ford,No,2016-04-03 00:00:00,16303,2016-04-03 16:42:55,2016,2016,April,April,4,7
2016-03-06 09:50:26,Bastler_Fahrzeug_ohne_TueV,privat,Offer,325,control,kleinwagen,2000,manuell,60,ka,50000,Jan,,ford,Yes,2016-03-06 00:00:00,79297,2016-03-06 09:50:26,2016,2016,March,March,16,11
2016-03-28 14:54:36,Verkaufe_Ford_Fiesta,privat,Offer,4300,test,kleinwagen,2006,manuell,60,fiesta,50000,Dec,Gasoline,ford,No,2016-03-28 00:00:00,30823,2016-04-06 19:16:33,2016,2016,March,March,10,0
2016-03-17 13:49:13,Ford_Fusion_bj_2003,privat,Offer,1390,control,kleinwagen,2003,manuell,101,fusion,150000,Jun,Gasoline,ford,Yes,2016-03-17 00:00:00,97922,2016-04-06 18:45:25,2016,2016,March,March,13,6
2016-04-01 12:37:32,Ford__Fiesta_Tuev_Neu,privat,Offer,1150,test,kleinwagen,2002,manuell,60,fiesta,150000,Sep,Gasoline,ford,No,2016-04-01 00:00:00,72511,2016-04-07 08:46:00,2016,2016,April,April,14,3
2016-04-02 19:54:18,Ford_Focus,privat,Offer,1500,control,kleinwagen,1998,manuell,120,focus,150000,Aug,Gasoline,ford,Other,2016-04-02 00:00:00,23816,2016-04-06 20:17:27,2016,2016,April,April,18,4
2016-04-01 01:57:17,Ford_Fiesta_75_PS_TÜV_neu_Anfaenger_Auto,privat,Offer,650,control,kleinwagen,1996,manuell,75,fiesta,150000,Jan,Gasoline,ford,No,2016-04-01 00:00:00,59174,2016-04-05 01:17:58,2016,2016,April,April,20,11
2016-03-10 19:42:17,Ford_focus_55_kW,privat,Offer,1450,control,kleinwagen,1999,manuell,75,Other,150000,Jan,,ford,No,2016-03-10 00:00:00,48268,2016-03-25 05:18:46,2016,2016,March,March,17,11
2016-03-22 19:36:25,Kleinwagen_in_liebevolle_Haende_abzugeben,privat,Offer,1000,test,kleinwagen,2003,manuell,60,Other,70000,Dec,,ford,Yes,2016-03-22 00:00:00,78244,2016-03-22 20:40:19,2016,2016,March,March,13,0
2016-03-23 14:38:43,Ford_Fiesta_Style_Sport,privat,Offer,750,test,kleinwagen,1999,manuell,75,fiesta,150000,Apr,Gasoline,ford,No,2016-03-23 00:00:00,51643,2016-03-31 00:17:18,2016,2016,March,March,17,8
2016-03-25 10:55:07,Fiesta_mit_Zetec_Motor__ca.180_km/h_,privat,Offer,390,test,kleinwagen,1997,manuell,72,fiesta,100000,Dec,Gasoline,ford,No,2016-03-25 00:00:00,33100,2016-03-31 17:18:09,2016,2016,March,March,19,0
2016-04-02 21:51:53,Ford_Focus_2_liter_16V,privat,Offer,0,test,kleinwagen,2000,manuell,0,focus,150000,Oct,Gasoline,ford,Yes,2016-04-02 00:00:00,64584,2016-04-02 22:41:29,2016,2016,April,April,16,2
2016-03-19 16:51:47,Ford_Fiesta_1.4_TDCI_Futura_klima__euro_4,privat,Offer,1950,test,kleinwagen,2004,manuell,68,fiesta,150000,Aug,Diesel,ford,No,2016-03-19 00:00:00,45307,2016-03-20 19:16:27,2016,2016,March,March,12,4
2016-03-09 12:50:00,Ford_Fusion_1.6_Aut._Klima,privat,Offer,1000,control,kleinwagen,2005,automatik,101,fusion,40000,Oct,Gasoline,ford,Yes,2016-03-09 00:00:00,59558,2016-03-11 19:18:04,2016,2016,March,March,11,2
2016-03-28 14:28:00,Ford_Fiesta_1.6_TDCI__Sport,privat,Offer,3550,control,kleinwagen,2006,manuell,90,fiesta,150000,Nov,Diesel,ford,No,2016-03-28 00:00:00,57583,2016-04-06 23:15:38,2016,2016,March,March,10,1
2016-03-20 15:25:18,Ford_Ka__Ohne_Tuev_,privat,Offer,150,test,kleinwagen,1997,manuell,50,ka,150000,Mar,Gasoline,ford,Yes,2016-03-20 00:00:00,56235,2016-03-28 19:16:21,2016,2016,March,March,19,9
2016-03-12 16:38:14,Ford_Fiesta_1.3_Ambiente,privat,Offer,2950,control,kleinwagen,2008,manuell,60,fiesta,125000,Jun,Gasoline,ford,Yes,2016-03-12 00:00:00,88696,2016-04-07 05:46:16,2016,2016,March,March,8,6
2016-03-16 21:39:00,Ford_Fiesta,privat,Offer,250,control,kleinwagen,1995,manuell,50,fiesta,50000,Jan,Gasoline,ford,No,2016-03-16 00:00:00,93473,2016-03-29 01:47:03,2016,2016,March,March,21,11
2016-03-12 11:49:33,FORD_Fiesta_ST,privat,Offer,4400,test,kleinwagen,2007,manuell,150,fiesta,150000,Jun,,ford,No,2016-03-12 00:00:00,54498,2016-03-23 23:44:47,2016,2016,March,March,9,6
2016-03-07 20:48:29,Ford_Fiesta__roter_Pink!_Flitzer,privat,Offer,0,test,kleinwagen,2000,manuell,50,fiesta,150000,Nov,Gasoline,ford,Yes,2016-03-07 00:00:00,14612,2016-04-05 17:22:22,2016,2016,March,March,16,1
2016-04-07 03:36:22,Ford_Fiesta,privat,Offer,285,test,kleinwagen,1997,manuell,0,fiesta,150000,Oct,Gasoline,ford,Yes,2016-04-07 00:00:00,27404,2016-04-07 03:36:22,2016,2016,April,April,19,2
2016-03-15 22:53:43,Ford_Fiesta_1.3*60PS*2.Hand*_Top_Gepflegt,privat,Offer,2800,control,kleinwagen,2003,manuell,60,fiesta,90000,Feb,Gasoline,ford,No,2016-03-15 00:00:00,36145,2016-03-23 16:22:23,2016,2016,March,March,13,10
2016-03-24 15:36:58,Bastlerfahrzeug_zu_verkaufen,privat,Offer,0,test,kleinwagen,2005,manuell,0,fiesta,150000,Jan,Gasoline,ford,Other,2016-03-24 00:00:00,91352,2016-03-24 16:42:10,2016,2016,March,March,11,11
2016-04-04 21:52:28,1.3L_HCS_EFI_60PS_,privat,Offer,950,test,kleinwagen,2001,manuell,60,ka,150000,Feb,Gasoline,ford,No,2016-04-04 00:00:00,16225,2016-04-07 00:45:07,2016,2016,April,April,15,10
2016-04-03 12:48:37,Ford_Ka,privat,Offer,790,control,kleinwagen,2004,manuell,69,ka,125000,Mar,Gasoline,ford,No,2016-04-03 00:00:00,79108,2016-04-05 11:17:41,2016,2016,April,April,12,9
2016-03-16 00:49:23,Ford_Fiesta_Klima_ZV_EL_Fensterheber__TÜV_2018,privat,Offer,1299,test,kleinwagen,2001,manuell,0,fiesta,125000,Dec,Gasoline,ford,Other,2016-03-15 00:00:00,24109,2016-03-26 08:46:19,2016,2016,March,March,15,0
2016-03-28 11:58:25,Ford_Fiesta,privat,Offer,850,control,kleinwagen,2000,manuell,60,fiesta,150000,Feb,Gasoline,ford,No,2016-03-28 00:00:00,49479,2016-04-02 15:45:37,2016,2016,March,March,16,10
2016-03-31 14:38:21,Ford_KA_Basis_SERVO/Technisch_Tip_/Top_/Sommer+Winterreifen____,privat,Offer,1025,control,kleinwagen,2005,manuell,60,ka,125000,Dec,Gasoline,ford,No,2016-03-31 00:00:00,45896,2016-03-31 14:38:21,2016,2016,March,March,11,0
2016-04-02 12:50:41,Ford_Ka_Futura,privat,Offer,740,test,kleinwagen,2000,manuell,60,ka,125000,Dec,Gasoline,ford,No,2016-04-02 00:00:00,86609,2016-04-06 10:46:58,2016,2016,April,April,16,0
2016-03-30 18:36:16,Ford_Fiesta_GFJ__Automatik_Fast_Oldtimer_mit_Tuev,privat,Offer,349,test,kleinwagen,1990,automatik,54,fiesta,80000,Mar,Gasoline,ford,Other,2016-03-30 00:00:00,57562,2016-04-04 17:46:21,2016,2016,March,March,26,9
2016-03-09 20:53:37,Ford_Fiesta_1.3_Schwarz_TÜV_Neu_!!!,privat,Offer,1450,test,kleinwagen,2003,manuell,60,fiesta,150000,Jul,Gasoline,ford,No,2016-03-09 00:00:00,47608,2016-03-10 17:45:17,2016,2016,March,March,13,5
2016-04-03 20:55:54,Fiesta_1_3___gute_Technik_fuer_wenig_Geld__zuverlaessig_und_sparsam,privat,Offer,1550,test,kleinwagen,2004,manuell,73,fiesta,150000,Feb,Gasoline,ford,No,2016-04-03 00:00:00,95326,2016-04-05 21:47:21,2016,2016,April,April,12,10
2016-03-11 11:37:53,Schoener_gepflegter_Ka_Fusion_aus_1_Hand,privat,Offer,1150,control,kleinwagen,2000,manuell,60,ka,150000,Mar,Gasoline,ford,No,2016-03-11 00:00:00,45481,2016-03-16 18:19:51,2016,2016,March,March,16,9
2016-03-10 13:46:51,Ford_Fusion_1.4_Ambiente,privat,Offer,1450,test,kleinwagen,2003,manuell,80,fusion,150000,Mar,Gasoline,ford,No,2016-03-10 00:00:00,42275,2016-04-07 09:17:12,2016,2016,March,March,13,9
2016-03-20 13:42:05,Ford_Fusion_1.4_Schiebedach_ZV_Efh,privat,Offer,1650,test,kleinwagen,2003,manuell,80,fusion,125000,Mar,Gasoline,ford,No,2016-03-20 00:00:00,45257,2016-03-21 15:50:11,2016,2016,March,March,13,9
2016-03-08 18:52:39,Ford_Fiesta,privat,Offer,1000,test,kleinwagen,1998,manuell,60,fiesta,100000,Feb,Gasoline,ford,No,2016-03-08 00:00:00,26826,2016-03-29 05:16:52,2016,2016,March,March,18,10
2016-03-22 20:06:22,Ford_focus,privat,Offer,1400,control,kleinwagen,1999,manuell,70,focus,150000,Aug,Gasoline,ford,No,2016-03-22 00:00:00,35041,2016-03-24 14:14:44,2016,2016,March,March,17,4
2016-03-24 23:38:33,Ford_Fiesta_1.3,privat,Offer,2245,test,kleinwagen,2006,manuell,69,fiesta,125000,Aug,Gasoline,ford,No,2016-03-24 00:00:00,71272,2016-03-25 06:44:24,2016,2016,March,March,10,4
2016-03-07 22:58:33,Ford_Fiesta,privat,Offer,1499,test,kleinwagen,1998,manuell,60,fiesta,150000,Aug,Gasoline,ford,No,2016-03-07 00:00:00,97421,2016-04-05 19:16:43,2016,2016,March,March,18,4
2016-03-30 10:53:10,Ford_Ka_zu_verkaufen,privat,Offer,550,test,kleinwagen,1998,manuell,60,Other,125000,Jan,Gasoline,ford,No,2016-03-30 00:00:00,45219,2016-03-30 10:53:10,2016,2016,March,March,18,11
2016-03-23 17:57:21,Ford_Fiesta,privat,Offer,800,control,kleinwagen,2001,manuell,50,fiesta,150000,Feb,Gasoline,ford,No,2016-03-23 00:00:00,48157,2016-04-05 22:18:02,2016,2016,March,March,15,10
2016-03-29 10:50:07,Ford_Fiesta_1.4_Ambiente,privat,Offer,2299,control,kleinwagen,2002,manuell,80,fiesta,150000,Sep,Gasoline,ford,No,2016-03-29 00:00:00,78579,2016-04-03 19:17:21,2016,2016,March,March,14,3
2016-03-16 15:50:43,Ford_Escord,privat,Offer,185,test,kleinwagen,1999,manuell,45,escort,150000,Jul,Gasoline,ford,No,2016-03-16 00:00:00,47559,2016-03-25 15:15:34,2016,2016,March,March,17,5
2016-04-01 20:53:35,Ford_Fiesta_Trendline_in_Weiss,privat,Offer,4950,test,kleinwagen,2009,manuell,82,fiesta,100000,Jun,Gasoline,ford,No,2016-04-01 00:00:00,83569,2016-04-03 18:16:08,2016,2016,April,April,7,6
2016-03-25 17:39:51,Ford_Fiesta_1.3_Trend,privat,Offer,2999,test,kleinwagen,2006,manuell,69,fiesta,125000,May,Gasoline,ford,No,2016-03-25 00:00:00,59556,2016-03-30 08:18:05,2016,2016,March,March,10,7
2016-03-12 22:40:30,Ford_Fiesta_Euro_4_Klimaanlage,privat,Offer,760,control,kleinwagen,2000,manuell,60,fiesta,125000,May,Gasoline,ford,Other,2016-03-12 00:00:00,78224,2016-03-18 02:17:27,2016,2016,March,March,16,7
2016-03-22 17:49:47,Ford_Ka_1.2_Trend,privat,Offer,3890,control,kleinwagen,2010,manuell,69,ka,80000,Jun,Gasoline,ford,No,2016-03-22 00:00:00,57076,2016-03-28 08:45:35,2016,2016,March,March,6,6
2016-03-21 21:56:06,ich_verkaufe_ein_ford_fiesta__baujahr_1997,privat,Offer,250,control,kleinwagen,1997,manuell,45,fiesta,90000,Jun,Gasoline,ford,Yes,2016-03-21 00:00:00,49084,2016-04-04 23:44:25,2016,2016,March,March,19,6
2016-04-02 16:39:42,Ford_Ka_ohne_TÜV,privat,Offer,215,control,kleinwagen,2001,manuell,0,ka,150000,Jan,Gasoline,ford,Other,2016-04-02 00:00:00,28239,2016-04-06 15:17:54,2016,2016,April,April,15,11
2016-04-02 16:59:29,Ford_Fiesta_1.25_Titanium,privat,Offer,5390,control,kleinwagen,2009,manuell,82,fiesta,150000,Feb,Gasoline,ford,No,2016-04-02 00:00:00,54329,2016-04-06 16:16:11,2016,2016,April,April,7,10
2016-03-16 11:45:27,Ford_Fiesta,privat,Offer,700,test,kleinwagen,1999,manuell,60,fiesta,125000,Sep,Gasoline,ford,No,2016-03-16 00:00:00,30161,2016-04-04 03:18:20,2016,2016,March,March,17,3
2016-03-16 17:39:12,Verkaufe_Ford_Ka,privat,Offer,320,control,kleinwagen,2004,manuell,60,ka,150000,Feb,Gasoline,ford,Other,2016-03-16 00:00:00,25782,2016-03-17 15:45:42,2016,2016,March,March,12,10
2016-03-11 18:45:52,Ford__Fiesta_Ghia__TÜV_neu__1250_ccm__75_PS,privat,Offer,800,test,kleinwagen,1999,manuell,75,fiesta,150000,Sep,Gasoline,ford,No,2016-03-11 00:00:00,38387,2016-03-12 08:46:25,2016,2016,March,March,17,3
2016-03-07 23:55:00,Ford_Fiesta_1.3_TÜV_Mai_2016,privat,Offer,590,test,kleinwagen,2003,manuell,60,fiesta,150000,Apr,Gasoline,ford,No,2016-03-07 00:00:00,17034,2016-03-10 16:17:11,2016,2016,March,March,13,8
2016-03-25 10:55:37,Ford_Ka_Typ_RBT,privat,Offer,1290,test,kleinwagen,2005,manuell,70,ka,100000,May,Gasoline,ford,No,2016-03-25 00:00:00,6667,2016-03-28 09:45:55,2016,2016,March,March,11,7
2016-03-26 00:56:50,Ford_Fiesta_Tuev_Neu,privat,Offer,999,test,kleinwagen,2001,manuell,60,fiesta,125000,Aug,Gasoline,ford,No,2016-03-25 00:00:00,84453,2016-03-26 07:49:19,2016,2016,March,March,15,4
2016-03-10 14:52:48,ford_fiesta,privat,Offer,200,test,kleinwagen,1997,manuell,50,fiesta,50000,Jul,Gasoline,ford,Other,2016-03-10 00:00:00,66424,2016-03-11 02:17:46,2016,2016,March,March,19,5
2016-03-30 20:40:28,Ford_ka_zu_verkaufen,privat,Offer,1100,control,kleinwagen,1998,manuell,0,ka,150000,Mar,Gasoline,ford,No,2016-03-30 00:00:00,72488,2016-04-07 12:45:13,2016,2016,March,March,18,9
2016-03-23 22:54:50,Ford_Fiesta,privat,Offer,950,test,kleinwagen,2002,manuell,60,fiesta,150000,Mar,Gasoline,ford,Yes,2016-03-23 00:00:00,59955,2016-04-06 17:46:10,2016,2016,March,March,14,9
2016-03-22 14:45:45,Ford_Escort_reserviert!!,privat,Offer,150,control,kleinwagen,1997,Unspecified,75,escort,60000,Jun,,ford,Other,2016-03-22 00:00:00,48329,2016-03-22 14:45:45,2016,2016,March,March,19,6
2016-03-05 16:58:39,Verkaufe_Ford_Ka,privat,Offer,300,control,kleinwagen,2003,manuell,0,ka,150000,Sep,,ford,Other,2016-03-05 00:00:00,45663,2016-04-06 01:47:04,2016,2016,March,March,13,3
2016-04-04 20:54:28,Ford_Fiesta_Futura,privat,Offer,800,control,kleinwagen,2000,manuell,75,fiesta,150000,Jul,Gasoline,ford,No,2016-04-04 00:00:00,56477,2016-04-05 12:23:28,2016,2016,April,April,16,5
2016-03-21 15:45:03,FORD_KA_MIT_KLIMA_LEDER_UND_2_JAHRE_TÜV,privat,Offer,1050,control,kleinwagen,2002,manuell,60,ka,100000,Nov,Gasoline,ford,Other,2016-03-21 00:00:00,30455,2016-03-21 15:45:03,2016,2016,March,March,14,1
2016-03-09 21:51:51,Ford_Fusion_1.4_TDCI_+,privat,Offer,2300,test,kleinwagen,2005,manuell,68,fusion,150000,Sep,Diesel,ford,No,2016-03-09 00:00:00,33729,2016-04-06 02:17:50,2016,2016,March,March,11,3
2016-03-21 11:45:41,Ford_Ka,privat,Offer,1320,control,kleinwagen,2004,Unspecified,0,ka,150000,Mar,Gasoline,ford,No,2016-03-21 00:00:00,6388,2016-04-06 05:16:46,2016,2016,March,March,12,9
2016-03-22 12:52:03,Ford_Ka_Tuev_Neu,privat,Offer,990,control,kleinwagen,1999,manuell,60,ka,90000,Jun,Gasoline,ford,No,2016-03-22 00:00:00,53604,2016-04-02 03:17:25,2016,2016,March,March,17,6
2016-03-30 16:54:49,Ford_KA_blau,privat,Offer,600,test,kleinwagen,2001,manuell,60,ka,150000,Aug,Gasoline,ford,Other,2016-03-30 00:00:00,46342,2016-04-01 11:47:02,2016,2016,March,March,15,4
2016-03-08 21:54:32,Ford_Fiesta_Florida,privat,Offer,1800,control,kleinwagen,2002,manuell,60,fiesta,70000,Jun,Gasoline,ford,No,2016-03-08 00:00:00,53819,2016-03-20 11:19:09,2016,2016,March,March,14,6
2016-03-30 18:53:50,Verkaufe_einen_Ford_Ka!,privat,Offer,550,test,kleinwagen,2001,manuell,68,ka,150000,Jun,Gasoline,ford,Other,2016-03-30 00:00:00,26954,2016-04-07 10:17:04,2016,2016,March,March,15,6
2016-03-16 01:36:18,Ford_Fusion_1.25_Benzin_12/2007,privat,Offer,2300,test,kleinwagen,2007,manuell,70,fusion,150000,Dec,Gasoline,ford,No,2016-03-16 00:00:00,28277,2016-03-29 15:47:14,2016,2016,March,March,9,0
2016-03-19 17:49:55,FORD_KA_FUTURA_KLIMA_SERVO_Neuteile_KEIN_Rost_am_Tankdeckel_faehrt,privat,Offer,380,control,kleinwagen,2000,manuell,44,ka,150000,Dec,Gasoline,ford,Yes,2016-03-19 00:00:00,46562,2016-03-23 08:43:46,2016,2016,March,March,16,0
2016-03-22 16:55:12,Ford__D___Fiesta_Euro_4,privat,Offer,1000,test,kleinwagen,2001,manuell,50,fiesta,150000,Jan,Gasoline,ford,No,2016-03-22 00:00:00,53859,2016-04-02 09:47:21,2016,2016,March,March,15,11
2016-04-04 14:51:29,FORD_KA_MIT_TÜV,privat,Offer,300,test,kleinwagen,1997,manuell,60,ka,100000,Jul,Gasoline,ford,Other,2016-04-04 00:00:00,10965,2016-04-06 16:17:30,2016,2016,April,April,19,5
2016-03-29 14:51:53,Ford_Fiesta_mit_Nagel_neue_TÜV,privat,Offer,999,test,kleinwagen,1998,manuell,75,fiesta,150000,Sep,Gasoline,ford,Other,2016-03-29 00:00:00,34127,2016-04-06 00:44:29,2016,2016,March,March,18,3
2016-04-01 10:51:27,Ford_Fiesta_CDTi_2007,privat,Offer,1900,control,kleinwagen,2007,manuell,75,fiesta,150000,Apr,Diesel,ford,No,2016-04-01 00:00:00,60435,2016-04-02 20:11:57,2016,2016,April,April,9,8
2016-03-26 14:49:46,Verkauf_von_unserem_Ford_Ka,privat,Offer,1450,control,kleinwagen,1998,manuell,60,ka,50000,Aug,Gasoline,ford,No,2016-03-26 00:00:00,50321,2016-04-04 01:46:32,2016,2016,March,March,18,4
2016-03-07 17:50:00,Ford_Fiesta_1.4,privat,Offer,2990,test,kleinwagen,2006,manuell,80,fiesta,125000,Feb,Gasoline,ford,No,2016-03-07 00:00:00,83317,2016-03-11 09:47:04,2016,2016,March,March,10,10
2016-03-21 01:58:03,Ford_Fiesta,privat,Offer,600,test,kleinwagen,1997,manuell,50,fiesta,60000,Mar,Gasoline,ford,No,2016-03-21 00:00:00,70794,2016-04-05 23:16:40,2016,2016,March,March,19,9
2016-03-28 19:25:21,Ford_KA_Bj._2003_nicht_fahrbereit____HU_02.2018,privat,Offer,300,control,kleinwagen,2003,manuell,60,ka,150000,Sep,Gasoline,ford,No,2016-03-28 00:00:00,57632,2016-04-05 02:16:58,2016,2016,March,March,13,3
2016-03-21 03:03:34,Bastlerfahrzeug,privat,Offer,300,test,kleinwagen,2001,manuell,0,ka,150000,Jan,Gasoline,ford,Yes,2016-03-21 00:00:00,52223,2016-03-31 09:16:44,2016,2016,March,March,15,11
2016-03-05 16:41:08,Ford_Fiesta___Neues_Model/Klima,privat,Offer,2300,control,kleinwagen,2005,manuell,60,fiesta,125000,Mar,Gasoline,ford,No,2016-03-05 00:00:00,1877,2016-03-12 06:17:13,2016,2016,March,March,11,9
2016-03-07 20:43:44,Ford_Fiesta_1_1_50PS_TÜV_Original_44690km,privat,Offer,600,test,kleinwagen,1992,manuell,50,fiesta,50000,Jan,Gasoline,ford,No,2016-03-07 00:00:00,99974,2016-03-07 20:43:44,2016,2016,March,March,24,11
2016-03-12 18:37:55,Ford_Fiesta_1.4,privat,Offer,2790,test,kleinwagen,2005,manuell,80,fiesta,80000,Aug,Gasoline,ford,No,2016-03-12 00:00:00,71067,2016-03-12 18:37:55,2016,2016,March,March,11,4
2016-03-29 13:53:39,Ford_KA_TÜV_03/17,privat,Offer,600,control,kleinwagen,2000,manuell,60,Other,100000,Mar,Gasoline,ford,Yes,2016-03-29 00:00:00,90542,2016-03-29 14:41:05,2016,2016,March,March,16,9
2016-04-01 20:36:43,Ford_fiesta_style,privat,Offer,200,test,kleinwagen,1998,manuell,75,fiesta,150000,Oct,Gasoline,ford,No,2016-04-01 00:00:00,97526,2016-04-01 20:36:43,2016,2016,April,April,18,2
2016-03-10 18:57:45,TÜV_NEU_!!___Ford_Fiesta_1.4,privat,Offer,0,test,kleinwagen,2004,manuell,0,fiesta,125000,Jan,Gasoline,ford,No,2016-03-10 00:00:00,48153,2016-03-21 09:46:25,2016,2016,March,March,12,11
2016-03-30 20:47:40,Ford_Fiesta_2.0_ST_MOTORSCHADEN,privat,Offer,5490,control,kleinwagen,2005,manuell,150,fiesta,150000,May,Gasoline,ford,Yes,2016-03-30 00:00:00,16348,2016-04-07 13:17:36,2016,2016,March,March,11,7
2016-03-24 13:40:26,Ford_Fiesta_Ghia__Klima_72781KM,privat,Offer,999,control,kleinwagen,2001,manuell,75,fiesta,80000,Nov,Gasoline,ford,No,2016-03-24 00:00:00,4425,2016-03-28 22:15:31,2016,2016,March,March,15,1
2016-03-13 17:36:19,Ford_Fiesta_1_4_l_Benziner,privat,Offer,1599,control,kleinwagen,2005,manuell,80,fiesta,150000,Jan,Gasoline,ford,Other,2016-03-13 00:00:00,89522,2016-04-06 17:46:19,2016,2016,March,March,11,11
2016-03-22 18:56:43,Ford_Fiesta,privat,Offer,2400,control,kleinwagen,2006,manuell,69,fiesta,150000,Mar,Gasoline,ford,No,2016-03-22 00:00:00,41540,2016-03-22 19:41:07,2016,2016,March,March,10,9
2016-03-10 20:45:19,!!!_Ford__Fiesta_Flair_!!!,privat,Offer,250,test,kleinwagen,1996,manuell,0,fiesta,150000,Jan,Gasoline,ford,Other,2016-03-10 00:00:00,94161,2016-04-06 06:46:52,2016,2016,March,March,20,11
2016-04-01 16:44:42,Verkaufe_Ford_Ka,privat,Offer,400,control,kleinwagen,1998,manuell,0,Other,40000,Jan,Gasoline,ford,No,2016-04-01 00:00:00,50126,2016-04-05 11:46:01,2016,2016,April,April,18,11
2016-03-22 15:56:59,Ford_Fiesta_1.25_Trend,privat,Offer,5300,control,kleinwagen,2009,manuell,82,fiesta,90000,Sep,Gasoline,ford,No,2016-03-22 00:00:00,53545,2016-03-28 06:15:42,2016,2016,March,March,7,3
2016-03-14 19:52:58,Ford_Fiesta_1.4_TDCI_Viva_X,privat,Offer,4200,control,kleinwagen,2005,manuell,68,fiesta,70000,Jan,Diesel,ford,No,2016-03-14 00:00:00,1979,2016-03-17 09:46:15,2016,2016,March,March,11,11
2016-04-02 12:56:37,Ford_Fiesta_1.4_Ghia,privat,Offer,3700,test,kleinwagen,2006,manuell,80,fiesta,150000,Jun,Gasoline,ford,No,2016-04-02 00:00:00,73249,2016-04-06 11:44:18,2016,2016,April,April,10,6
2016-03-11 00:59:02,Ford_Fiesta_Kool_Tuev/11/2017,privat,Offer,1450,test,kleinwagen,1999,manuell,60,fiesta,150000,Oct,Gasoline,ford,No,2016-03-10 00:00:00,53721,2016-03-13 02:46:09,2016,2016,March,March,17,2
2016-03-19 13:53:59,Ford_Fiesta_50_ps,privat,Offer,850,test,kleinwagen,2000,manuell,50,Other,150000,Dec,Gasoline,ford,Other,2016-03-19 00:00:00,34439,2016-04-06 20:18:37,2016,2016,March,March,16,0
2016-03-25 01:51:17,Ford_Fiesta,privat,Offer,400,test,kleinwagen,1996,manuell,50,fiesta,125000,Jan,,ford,No,2016-03-24 00:00:00,39624,2016-03-28 05:17:07,2016,2016,March,March,20,11
2016-03-19 10:36:21,Ford_Fiesta_Sondermodell_Style_mit_Tuev_bis_Ende_2016_laeuft_prima,privat,Offer,850,test,kleinwagen,1999,manuell,44,fiesta,125000,Sep,Gasoline,ford,No,2016-03-19 00:00:00,24145,2016-03-28 11:16:51,2016,2016,March,March,17,3
2016-04-05 11:56:15,Ford_fiesta_abzugeben,privat,Offer,0,test,kleinwagen,1999,manuell,75,fiesta,150000,Jan,,ford,Other,2016-04-05 00:00:00,66125,2016-04-05 12:41:14,2016,2016,April,April,17,11
2016-03-11 18:00:21,Ford_Ka_Neuer_TÜV__viele_neue_Teile,privat,Offer,1600,control,kleinwagen,2005,manuell,0,ka,100000,Feb,Gasoline,ford,No,2016-03-11 00:00:00,85293,2016-04-05 18:45:43,2016,2016,March,March,11,10
2016-03-12 18:45:09,Ford_Fiesta_1.4,privat,Offer,900,test,kleinwagen,2003,manuell,80,fiesta,125000,Mar,Gasoline,ford,Yes,2016-03-12 00:00:00,71263,2016-03-12 18:45:09,2016,2016,March,March,13,9
2016-03-12 09:54:14,Ford_Ka_1_3_KLIMA_TÜV_01/2018,privat,Offer,888,control,kleinwagen,2004,manuell,70,ka,125000,Mar,Gasoline,ford,No,2016-03-12 00:00:00,37627,2016-03-28 02:16:08,2016,2016,March,March,12,9
2016-03-19 08:53:10,Ford_Fiesta_1.6,privat,Offer,3000,test,kleinwagen,2005,manuell,101,fiesta,150000,Apr,Gasoline,ford,Yes,2016-03-19 00:00:00,94034,2016-03-25 09:45:26,2016,2016,March,March,11,8
2016-03-06 15:48:55,Bastelauto,privat,Offer,60,test,kleinwagen,1996,Unspecified,0,fiesta,20000,Jan,Gasoline,ford,Other,2016-03-06 00:00:00,96524,2016-04-06 20:45:40,2016,2016,March,March,20,11
2016-03-15 18:38:58,Ford_Fiesta_1_4_zu_verkaufen,privat,Offer,1200,control,kleinwagen,2003,manuell,80,fiesta,150000,Jan,Gasoline,ford,Other,2016-03-15 00:00:00,35510,2016-03-16 06:51:23,2016,2016,March,March,13,11
2016-04-03 00:55:44,Ford_Ka__schwarz,privat,Offer,3900,control,kleinwagen,2009,manuell,69,ka,70000,Jan,,ford,No,2016-04-02 00:00:00,26446,2016-04-03 08:42:29,2016,2016,April,April,7,11
2016-03-09 18:43:13,Ford_Fiesta_2004,privat,Offer,2190,test,kleinwagen,2004,manuell,0,fiesta,125000,Jul,Gasoline,ford,No,2016-03-09 00:00:00,84034,2016-03-12 04:16:06,2016,2016,March,March,12,5
2016-03-24 09:46:52,Ford_Fiesta_1.4_Zahnriemen_gerissen,privat,Offer,800,control,kleinwagen,2002,manuell,80,fiesta,150000,Jan,Gasoline,ford,Yes,2016-03-24 00:00:00,72813,2016-03-27 05:44:39,2016,2016,March,March,14,11
2016-03-08 12:53:52,Ford_Fiesta_Kool,privat,Offer,750,test,kleinwagen,1999,manuell,60,fiesta,150000,Oct,Gasoline,ford,No,2016-03-08 00:00:00,70597,2016-03-09 20:18:21,2016,2016,March,March,17,2
2016-03-28 18:57:25,Ford_Fiesta,privat,Offer,1250,control,kleinwagen,1999,manuell,50,fiesta,90000,Dec,Gasoline,ford,Yes,2016-03-28 00:00:00,90542,2016-04-07 01:16:11,2016,2016,March,March,17,0
2016-03-12 13:45:47,Ford_Fiesta,privat,Offer,380,control,kleinwagen,2000,Unspecified,75,fiesta,150000,Jul,,ford,Other,2016-03-12 00:00:00,44149,2016-03-15 18:47:09,2016,2016,March,March,16,5
2016-03-17 16:45:42,Fard_Ka_TÜV_NEU!,privat,Offer,4300,test,kleinwagen,2010,manuell,69,ka,50000,Sep,Gasoline,ford,No,2016-03-17 00:00:00,40764,2016-04-07 01:44:27,2016,2016,March,March,6,3
2016-03-07 21:37:22,Ford_Fiesta_1.3___technisch_TOP!!,privat,Offer,3199,control,kleinwagen,2007,manuell,60,fiesta,90000,Oct,Gasoline,ford,No,2016-03-07 00:00:00,50733,2016-03-10 08:16:57,2016,2016,March,March,9,2
2016-03-31 13:52:50,Ford_Fiesta_Style,privat,Offer,750,control,kleinwagen,1997,manuell,60,fiesta,125000,Jul,Gasoline,ford,No,2016-03-31 00:00:00,53347,2016-04-06 07:15:53,2016,2016,March,March,19,5
2016-03-15 22:41:51,Ford_Fiesta_3tuer_TÜV_08/2017,privat,Offer,250,control,kleinwagen,1998,manuell,75,fiesta,150000,Nov,Gasoline,ford,Yes,2016-03-15 00:00:00,34246,2016-03-16 20:46:56,2016,2016,March,March,18,1
2016-03-05 20:54:23,Ford_Fiesta_1.3_Viva,privat,Offer,1999,control,kleinwagen,2004,manuell,69,fiesta,125000,Jul,Gasoline,ford,No,2016-03-05 00:00:00,86159,2016-03-19 23:47:33,2016,2016,March,March,12,5
2016-03-11 18:57:34,Ford_Fiesta_1.3_Style,privat,Offer,5350,test,kleinwagen,2008,manuell,69,fiesta,50000,May,Gasoline,ford,No,2016-03-11 00:00:00,63674,2016-04-05 21:17:45,2016,2016,March,March,8,7
2016-03-07 15:42:13,Ford_Ka_+_TÜV_NEU_+_KLIMA,privat,Offer,899,control,kleinwagen,2001,manuell,60,ka,125000,Apr,Gasoline,ford,No,2016-03-07 00:00:00,52078,2016-03-12 03:45:01,2016,2016,March,March,15,8
2016-03-21 20:37:19,Ford_Fiesta_1.3_Ambiente,privat,Offer,3699,control,kleinwagen,2006,manuell,69,fiesta,100000,Oct,Gasoline,ford,No,2016-03-21 00:00:00,77784,2016-04-06 23:45:41,2016,2016,March,March,10,2
2016-03-26 16:58:50,Ford_Focus__D_,privat,Offer,1000,control,kleinwagen,2000,manuell,75,focus,125000,Mar,Gasoline,ford,No,2016-03-26 00:00:00,91438,2016-04-06 06:16:12,2016,2016,March,March,16,9
2016-03-17 10:57:44,Ford_Fiesta_Viva_X,privat,Offer,2200,test,kleinwagen,2005,manuell,69,fiesta,100000,May,Gasoline,ford,Other,2016-03-17 00:00:00,1159,2016-04-06 09:15:46,2016,2016,March,March,11,7
2016-03-30 13:52:32,Verkaufe_ein_Ford_fiesta,privat,Offer,200,test,kleinwagen,1997,Unspecified,0,Other,5000,Dec,,ford,Other,2016-03-30 00:00:00,49152,2016-04-05 01:46:29,2016,2016,March,March,19,0
2016-03-21 21:57:14,Roter_Flitzer,privat,Offer,1099,control,kleinwagen,2002,manuell,60,ka,90000,Jun,Gasoline,ford,No,2016-03-21 00:00:00,47533,2016-04-01 06:16:07,2016,2016,March,March,14,6
2016-03-17 18:39:18,Ford_Fiesta_1.4_Futura,privat,Offer,1999,control,kleinwagen,2004,manuell,80,fiesta,100000,Mar,Gasoline,ford,No,2016-03-17 00:00:00,4318,2016-03-17 18:39:18,2016,2016,March,March,12,9
2016-03-25 11:43:39,Ford_Fiesta_1.3_l_TÜV_bis_1/17_Servo__gepflegter_Zustand_,privat,Offer,500,test,kleinwagen,1998,manuell,54,fiesta,150000,Dec,Gasoline,ford,Yes,2016-03-25 00:00:00,26802,2016-03-26 21:15:43,2016,2016,March,March,18,0
2016-03-16 21:54:10,Ford_Ka_1.2_Trend,privat,Offer,3950,control,kleinwagen,2010,manuell,69,ka,70000,Jan,Gasoline,ford,No,2016-03-16 00:00:00,41066,2016-03-19 22:47:52,2016,2016,March,March,6,11
2016-03-11 11:36:59,Ford_Fiesta_1_3_Unfall__EZ2001__83000km,privat,Offer,290,control,kleinwagen,2001,manuell,60,fiesta,90000,Feb,Gasoline,ford,Yes,2016-03-11 00:00:00,10179,2016-04-07 05:44:56,2016,2016,March,March,15,10
2016-03-11 16:46:01,Ford_Fiesta_in_Silber,privat,Offer,1650,test,kleinwagen,2002,manuell,75,fiesta,125000,Nov,Gasoline,ford,No,2016-03-11 00:00:00,23923,2016-03-17 01:46:44,2016,2016,March,March,14,1
2016-03-27 15:43:03,Ford_Fiesta_1.2_16V_JBS_3_Tuerer_ohne_Tuev_viele_Neuteile_Festpreis,privat,Offer,150,control,kleinwagen,1999,manuell,75,fiesta,150000,Jul,Gasoline,ford,No,2016-03-27 00:00:00,24850,2016-03-29 04:44:53,2016,2016,March,March,17,5
2016-03-16 23:56:33,Ford_Fusion_1.6_Fun_top_Zustand_nur_48500_km!,privat,Offer,4700,test,kleinwagen,2006,manuell,101,fusion,50000,Jan,Gasoline,ford,No,2016-03-16 00:00:00,90455,2016-04-06 01:49:51,2016,2016,March,March,10,11
2016-03-22 23:58:39,Ford_KA_TÜV/SEP/2016,privat,Offer,400,test,kleinwagen,1998,manuell,75,ka,125000,Apr,Gasoline,ford,Other,2016-03-22 00:00:00,46354,2016-03-29 22:38:50,2016,2016,March,March,18,8
2016-03-17 21:46:04,Ford_focus_voll_fahrbereit_tauschen_moeglich,privat,Offer,650,test,kleinwagen,1999,manuell,131,focus,150000,Oct,Gasoline,ford,Yes,2016-03-17 00:00:00,44789,2016-03-17 21:46:04,2016,2016,March,March,17,2
2016-03-15 18:43:25,Ford_Fiesta_C_Neu_Tuev,privat,Offer,1250,control,kleinwagen,1991,manuell,50,fiesta,60000,Jun,Gasoline,ford,No,2016-03-15 00:00:00,72764,2016-04-06 19:15:57,2016,2016,March,March,25,6
2016-04-05 11:51:34,Ford_Fiesta_1.4_TDCI_Finesse_100,privat,Offer,1900,test,kleinwagen,2003,automatik,68,fiesta,150000,Jun,Diesel,ford,No,2016-04-05 00:00:00,33332,2016-04-05 11:51:34,2016,2016,April,April,13,6
2016-03-08 12:51:27,Ford_Fiesta_1.4_Trend,privat,Offer,2190,test,kleinwagen,2002,manuell,80,fiesta,125000,Aug,Gasoline,ford,No,2016-03-08 00:00:00,30519,2016-03-09 11:16:00,2016,2016,March,March,14,4
2016-03-23 17:56:22,Ford_Ka_Collection_Karibik_Blau,privat,Offer,1099,control,kleinwagen,1999,manuell,60,ka,90000,Aug,Gasoline,ford,No,2016-03-23 00:00:00,7580,2016-04-03 21:18:54,2016,2016,March,March,17,4
2016-03-14 20:51:43,Ford_Fiesta_1.3,privat,Offer,950,control,kleinwagen,2001,automatik,44,fiesta,150000,Oct,Gasoline,ford,No,2016-03-14 00:00:00,48465,2016-03-31 16:45:00,2016,2016,March,March,15,2
2016-04-02 04:02:50,Ford_Fiesta,privat,Offer,750,test,kleinwagen,2001,manuell,60,fiesta,150000,Jan,Gasoline,ford,Other,2016-04-02 00:00:00,53506,2016-04-06 04:45:21,2016,2016,April,April,15,11
2016-03-07 22:47:05,Ford_Fiesta_1.3,privat,Offer,2100,test,kleinwagen,2004,manuell,60,fiesta,150000,Oct,Gasoline,ford,No,2016-03-07 00:00:00,52525,2016-04-06 21:17:15,2016,2016,March,March,12,2
2016-03-12 16:53:45,Ford_Ka/_nur_79.000_km_mit_Klima_und_gruene_Plakette,privat,Offer,600,control,kleinwagen,2001,manuell,0,ka,80000,Jun,Gasoline,ford,No,2016-03-12 00:00:00,79359,2016-03-15 22:18:25,2016,2016,March,March,15,6
2016-03-07 19:46:19,Ford_Ka_1.2_Trend,privat,Offer,4699,control,kleinwagen,2010,manuell,69,ka,40000,Jan,Gasoline,ford,No,2016-03-07 00:00:00,82256,2016-03-10 04:15:47,2016,2016,March,March,6,11
2016-03-14 22:50:37,Ford_Ka_Royal,privat,Offer,1200,control,kleinwagen,2003,manuell,69,ka,80000,May,Gasoline,ford,No,2016-03-14 00:00:00,73230,2016-04-06 21:17:24,2016,2016,March,March,13,7
2016-04-03 12:56:24,Kleiner_Flitzer__guenstig_im_Unterhalt__Klimaanlage,privat,Offer,750,control,kleinwagen,2002,manuell,0,ka,125000,Jun,,ford,No,2016-04-03 00:00:00,31655,2016-04-05 11:47:11,2016,2016,April,April,14,6
2016-03-19 18:46:46,Ford_Fiesta_Style_1_2_16V__4_Tueren_Tuev_05_/_2017,privat,Offer,890,test,kleinwagen,1998,manuell,75,fiesta,125000,Jun,Gasoline,ford,No,2016-03-19 00:00:00,33102,2016-03-19 18:46:46,2016,2016,March,March,18,6
2016-03-29 17:54:35,Ford_Fiesta,privat,Offer,650,control,kleinwagen,1999,manuell,75,fiesta,70000,Feb,Gasoline,ford,Yes,2016-03-29 00:00:00,39576,2016-04-06 03:45:26,2016,2016,March,March,17,10
2016-03-12 16:47:19,Ford_Fiesta_1.3,privat,Offer,2850,control,kleinwagen,2005,manuell,60,fiesta,125000,Dec,Gasoline,ford,No,2016-03-12 00:00:00,49456,2016-04-07 06:45:29,2016,2016,March,March,11,0
2016-03-27 21:37:05,Ford_KA_2__Gepflegt__Zahnriemen_Neu__TÜV_Neu,privat,Offer,3999,test,kleinwagen,2012,manuell,69,ka,125000,Jan,Gasoline,ford,No,2016-03-27 00:00:00,55218,2016-04-02 03:47:12,2016,2016,March,March,4,11
2016-03-14 17:06:20,Ford_Ka_K2_Snow_Edition,privat,Offer,1000,test,kleinwagen,1999,manuell,60,ka,125000,Dec,Gasoline,ford,No,2016-03-14 00:00:00,55129,2016-03-25 08:17:50,2016,2016,March,March,17,0
2016-03-23 17:38:17,Ford_Fiesta__Rentnerfahrzeug__1._Hand__TÜV_NEU,privat,Offer,990,control,kleinwagen,1997,manuell,50,fiesta,80000,Aug,Gasoline,ford,No,2016-03-23 00:00:00,41515,2016-03-23 17:38:17,2016,2016,March,March,19,4
2016-03-16 21:57:00,Ford_Fiesta_1984_aus_Nachlass__hat_Gebrauchsspuren_in_Jadegruen,privat,Offer,1500,control,kleinwagen,1984,manuell,43,fiesta,125000,Mar,Gasoline,ford,Other,2016-03-16 00:00:00,45138,2016-04-07 13:15:30,2016,2016,March,March,32,9
2016-03-17 12:37:22,Ford_Fiesta,privat,Offer,275,test,kleinwagen,1999,manuell,60,fiesta,150000,Dec,Gasoline,ford,Yes,2016-03-17 00:00:00,24256,2016-03-17 13:42:21,2016,2016,March,March,17,0
2016-03-14 22:53:18,Ford_Fiesta_2.0,privat,Offer,5749,control,kleinwagen,2006,manuell,150,fiesta,125000,Apr,Gasoline,ford,No,2016-03-14 00:00:00,57462,2016-04-06 21:18:42,2016,2016,March,March,10,8
2016-03-15 17:49:15,Kleiner_Flitzer_sucht_neuen_Besitzer_/_Fort_Fiesta,privat,Offer,700,control,kleinwagen,1998,manuell,0,fiesta,125000,Mar,Gasoline,ford,No,2016-03-15 00:00:00,1968,2016-04-06 16:44:25,2016,2016,March,March,18,9
2016-03-14 17:58:09,Ford_Fiesta_1.3_Ambiente,privat,Offer,2200,test,kleinwagen,2006,manuell,60,fiesta,150000,Sep,Gasoline,ford,No,2016-03-14 00:00:00,24977,2016-04-04 00:15:54,2016,2016,March,March,10,3
2016-04-04 02:02:08,Sport_Style_orig._116000_TKM_TÜV_ALU_75PS_5_Tuerer_viele_Neuteile,privat,Offer,1250,control,kleinwagen,1999,manuell,75,fiesta,125000,Sep,Gasoline,ford,Other,2016-04-04 00:00:00,44653,2016-04-06 09:16:29,2016,2016,April,April,17,3
2016-04-02 10:58:28,Ford_Fiesta_mit_Servo&Klima._Tuev_bis_09/2017.Tchnisch_Einwandfrei,privat,Offer,750,test,kleinwagen,1999,manuell,75,fiesta,150000,Jun,Gasoline,ford,No,2016-04-02 00:00:00,58095,2016-04-02 11:44:42,2016,2016,April,April,17,6
2016-03-23 23:54:33,Ford_Fiesta_2004,privat,Offer,1200,control,kleinwagen,2004,manuell,0,fiesta,150000,Oct,Gasoline,ford,Yes,2016-03-23 00:00:00,64521,2016-03-25 14:49:02,2016,2016,March,March,12,2
2016-03-08 21:38:35,Ford_Ka_Fun,privat,Offer,1950,control,kleinwagen,2006,manuell,69,ka,70000,Mar,Gasoline,ford,No,2016-03-08 00:00:00,45879,2016-03-23 20:16:33,2016,2016,March,March,10,9
2016-03-10 21:36:22,Ford_KA_!!!,privat,Offer,250,control,kleinwagen,1998,manuell,0,ka,150000,Jul,Gasoline,ford,No,2016-03-10 00:00:00,66954,2016-03-15 19:47:26,2016,2016,March,March,18,5
2016-03-29 14:47:20,Ford_Fiesta,privat,Offer,149,test,kleinwagen,1995,manuell,60,fiesta,150000,Jun,,ford,Other,2016-03-29 00:00:00,52355,2016-03-29 14:47:20,2016,2016,March,March,21,6
2016-03-27 23:37:42,Ford_Fusion_1.6_Ambiente,privat,Offer,5300,test,kleinwagen,2007,manuell,101,fusion,40000,Jan,Gasoline,ford,No,2016-03-27 00:00:00,30989,2016-04-06 07:45:06,2016,2016,March,March,9,11
2016-03-14 23:55:23,Ford_KA_Titanium_aus_2009,privat,Offer,3999,control,kleinwagen,2009,manuell,69,ka,125000,Feb,Gasoline,ford,Other,2016-03-14 00:00:00,53229,2016-03-18 00:17:25,2016,2016,March,March,7,10
2016-03-25 18:43:47,Ford_Fiesta_1.3_Ambiente,privat,Offer,3100,test,kleinwagen,2006,manuell,69,fiesta,150000,Nov,Gasoline,ford,No,2016-03-25 00:00:00,27243,2016-04-07 00:16:16,2016,2016,March,March,10,1
2016-03-11 20:48:23,Ford_Fiesta_1.4_Ghia,privat,Offer,1500,control,kleinwagen,2004,automatik,80,fiesta,125000,Aug,Gasoline,ford,Yes,2016-03-11 00:00:00,38176,2016-03-11 20:48:23,2016,2016,March,March,12,4
2016-03-31 08:53:54,Ford_Fiesta,privat,Offer,230,control,kleinwagen,1998,manuell,50,fiesta,150000,Dec,Gasoline,ford,Yes,2016-03-31 00:00:00,24799,2016-04-06 03:15:42,2016,2016,March,March,18,0
2016-03-12 10:50:30,Ford_Fiesta,privat,Offer,850,control,kleinwagen,1999,manuell,75,fiesta,150000,Feb,Gasoline,ford,No,2016-03-12 00:00:00,56170,2016-04-06 16:17:09,2016,2016,March,March,17,10
2016-04-03 19:55:33,Ford_ka_8xbereifung_**LEDER**,privat,Offer,499,test,kleinwagen,2002,manuell,75,ka,150000,Aug,,ford,No,2016-04-03 00:00:00,88214,2016-04-05 20:45:33,2016,2016,April,April,14,4
2016-03-17 19:41:20,Ford_Fiesta_1.3,privat,Offer,2750,control,kleinwagen,2007,manuell,60,fiesta,125000,Dec,Gasoline,ford,No,2016-03-17 00:00:00,33100,2016-03-22 01:45:50,2016,2016,March,March,9,0
2016-03-07 12:50:54,Ford_Fiesta_2.0_ST,privat,Offer,4250,test,kleinwagen,2005,manuell,150,fiesta,100000,Oct,Gasoline,ford,No,2016-03-07 00:00:00,63928,2016-03-22 09:18:31,2016,2016,March,March,11,2
2016-03-09 11:36:55,Ford_Ka,privat,Offer,600,test,kleinwagen,1998,manuell,60,ka,80000,Mar,Gasoline,ford,No,2016-03-09 00:00:00,44141,2016-03-11 06:15:29,2016,2016,March,March,18,9
2016-03-26 09:51:50,Ford_Fusion_1.25_Ambiente_Zahnriemen_&_Inspektion_neu,privat,Offer,2500,control,kleinwagen,2006,manuell,75,fusion,150000,Mar,Gasoline,ford,No,2016-03-26 00:00:00,28777,2016-03-27 21:45:38,2016,2016,March,March,10,9
2016-03-12 20:42:50,Ford_Fiesta_gfj,privat,Offer,750,test,kleinwagen,1992,manuell,50,fiesta,150000,Jul,,ford,Other,2016-03-12 00:00:00,31848,2016-04-05 13:45:19,2016,2016,March,March,24,5
2016-03-22 19:56:14,Ford_ka_defekt_mit_Tuev!,privat,Offer,350,test,kleinwagen,2004,Unspecified,60,Other,125000,Feb,Gasoline,ford,Yes,2016-03-22 00:00:00,52066,2016-03-22 19:56:14,2016,2016,March,March,12,10
2016-04-04 14:56:50,Ford_Ka,privat,Offer,600,test,kleinwagen,1998,manuell,60,ka,60000,Sep,Gasoline,ford,No,2016-04-04 00:00:00,25852,2016-04-04 14:56:50,2016,2016,April,April,18,3
2016-03-25 00:55:24,Ford_Ka_Royal_Vollaustattung_KLIMA_LEDER_FUNK_ZV_EFH,privat,Offer,1200,control,kleinwagen,2001,manuell,60,ka,150000,Mar,Gasoline,ford,No,2016-03-25 00:00:00,52064,2016-03-31 13:46:18,2016,2016,March,March,15,9
2016-03-19 11:46:01,Ford_Fiesta_1993__TÜV_11/2016__fahrbereit_und_zugelassen,privat,Offer,490,test,kleinwagen,1993,manuell,44,fiesta,20000,Oct,Gasoline,ford,No,2016-03-19 00:00:00,26689,2016-04-02 15:17:39,2016,2016,March,March,23,2
2016-03-15 10:37:37,Ford_Fiesta_mit_TÜV,privat,Offer,550,control,kleinwagen,1996,manuell,75,fiesta,100000,Jan,,ford,Other,2016-03-15 00:00:00,44265,2016-03-15 10:37:37,2016,2016,March,March,20,11
2016-03-22 10:43:45,Ford_Fiesta_ST,privat,Offer,5499,control,kleinwagen,2007,manuell,150,fiesta,125000,Feb,Gasoline,ford,Other,2016-03-22 00:00:00,84137,2016-04-05 21:48:20,2016,2016,March,March,9,10
2016-03-10 09:38:33,ford_fiesta_bj_97_tuev_08.20016,privat,Offer,399,test,kleinwagen,1997,manuell,60,fiesta,150000,Jun,Gasoline,ford,Other,2016-03-10 00:00:00,12057,2016-03-16 14:15:20,2016,2016,March,March,19,6
2016-03-05 17:59:11,Ford_Fiesta_23_Monate_Tuev,privat,Offer,900,test,kleinwagen,2000,manuell,50,Other,150000,Jan,Gasoline,ford,No,2016-03-05 00:00:00,24257,2016-03-06 04:44:34,2016,2016,March,March,16,11
2016-03-15 19:51:24,Ford_Ka_2_Jahre_TÜV_Anfaengerauto,privat,Offer,800,control,kleinwagen,2003,manuell,60,ka,150000,Feb,Gasoline,ford,No,2016-03-15 00:00:00,53507,2016-03-16 17:50:51,2016,2016,March,March,13,10
2016-04-01 18:58:57,*_Ford_Fiesta_TÜV_NEU_*_8_fach_bereift,privat,Offer,989,control,kleinwagen,2000,manuell,60,fiesta,150000,Dec,Gasoline,ford,Other,2016-04-01 00:00:00,45888,2016-04-05 14:47:24,2016,2016,April,April,16,0
2016-03-29 17:47:29,Ford_Fiesta_Style,privat,Offer,1650,control,kleinwagen,1998,manuell,75,fiesta,125000,Feb,Gasoline,ford,No,2016-03-29 00:00:00,52525,2016-04-06 03:44:50,2016,2016,March,March,18,10
2016-03-12 18:48:29,Ford_Fiesta_Ghia_1.25_16v,privat,Offer,399,test,kleinwagen,1996,manuell,75,fiesta,80000,Jan,Gasoline,ford,Other,2016-03-12 00:00:00,93444,2016-03-27 15:44:34,2016,2016,March,March,20,11
2016-04-04 19:38:14,Ford_Fiesta_sehr_gepflegt_Tuev_2017_Einparkwarner,privat,Offer,2999,test,kleinwagen,2004,manuell,75,fiesta,100000,Nov,Gasoline,ford,No,2016-04-04 00:00:00,39218,2016-04-06 21:45:23,2016,2016,April,April,12,1
2016-03-10 17:45:25,Ford_Fiesta_1_4l_TDCi,privat,Offer,3500,control,kleinwagen,2006,manuell,68,fiesta,90000,Feb,Diesel,ford,No,2016-03-10 00:00:00,33415,2016-03-11 05:44:46,2016,2016,March,March,10,10
2016-04-04 08:52:23,Ford_Fiesta,privat,Offer,3000,control,kleinwagen,2007,manuell,0,fiesta,150000,Oct,Gasoline,ford,Other,2016-04-04 00:00:00,45355,2016-04-06 10:44:55,2016,2016,April,April,9,2
2016-03-08 09:46:01,Ford_Fiesta_mit_wenig_KM_TÜV_frei_bis_01_2018_Klima,privat,Offer,1199,control,kleinwagen,2000,manuell,60,fiesta,125000,Dec,Gasoline,ford,No,2016-03-08 00:00:00,42327,2016-03-13 04:45:19,2016,2016,March,March,16,0
2016-03-07 19:56:20,Ford_Focus_1.8,privat,Offer,2000,control,kleinwagen,2000,manuell,116,focus,150000,May,Gasoline,ford,No,2016-03-07 00:00:00,26817,2016-04-01 15:18:19,2016,2016,March,March,16,7
2016-04-01 00:56:13,Ford_Fiesta_Flair,privat,Offer,1000,test,kleinwagen,1998,manuell,75,fiesta,150000,Feb,Gasoline,ford,No,2016-03-31 00:00:00,40789,2016-04-07 05:15:49,2016,2016,March,April,18,10
2016-03-21 14:57:27,Verkaufe_KA_3_DOOR_SEDAN,privat,Offer,159,control,kleinwagen,1997,manuell,44,ka,150000,Dec,Gasoline,ford,No,2016-03-21 00:00:00,6905,2016-04-06 13:16:47,2016,2016,March,March,19,0
2016-03-17 20:40:35,Ford_Fiesta_TDCI,privat,Offer,2200,control,kleinwagen,2003,manuell,68,fiesta,150000,May,Diesel,ford,No,2016-03-17 00:00:00,86668,2016-03-26 01:46:39,2016,2016,March,March,13,7
2016-03-17 10:48:28,Ford_Fiesta_1_3_Toller_Zustand_viele_Rechnungen...Neuteile!,privat,Offer,2099,test,kleinwagen,2004,manuell,60,fiesta,150000,Jun,Gasoline,ford,No,2016-03-17 00:00:00,71739,2016-03-21 13:45:29,2016,2016,March,March,12,6
2016-03-27 12:57:55,Ford_Fiesta,privat,Offer,600,test,kleinwagen,1998,manuell,60,fiesta,150000,Jun,Gasoline,ford,No,2016-03-27 00:00:00,66115,2016-04-07 09:16:18,2016,2016,March,March,18,6
2016-04-02 13:42:33,Ford_Fiesta_xr2i_8v,privat,Offer,700,test,kleinwagen,1990,manuell,103,fiesta,150000,Jan,,ford,Yes,2016-04-02 00:00:00,38835,2016-04-06 11:45:04,2016,2016,April,April,26,11
2016-03-06 09:48:13,Rostlaube_Zu_Verkaufen_Bastler_Fahrzeug,privat,Offer,199,control,kleinwagen,1999,Unspecified,0,ka,5000,Jan,,ford,Other,2016-03-06 00:00:00,53125,2016-03-10 19:18:17,2016,2016,March,March,17,11
2016-03-05 16:58:38,Fiesta_Chia_4Tuerer_1.25,privat,Offer,599,control,kleinwagen,1998,manuell,75,fiesta,150000,Jul,Gasoline,ford,Other,2016-03-05 00:00:00,42653,2016-03-06 04:16:22,2016,2016,March,March,18,5
2016-03-15 12:57:55,Verkaufe_Ford_Fiesta_KLIMA_,privat,Offer,500,control,kleinwagen,2001,manuell,60,fiesta,150000,Jun,Gasoline,ford,Yes,2016-03-15 00:00:00,4316,2016-03-31 09:18:03,2016,2016,March,March,15,6
2016-03-13 20:41:33,Ford_fiesta,privat,Offer,700,test,kleinwagen,1999,manuell,65,fiesta,150000,Jan,Gasoline,ford,No,2016-03-13 00:00:00,56073,2016-04-06 00:15:52,2016,2016,March,March,17,11
2016-03-06 21:43:55,Ford_Fiesta,privat,Offer,1200,control,kleinwagen,2002,manuell,60,fiesta,150000,Oct,Gasoline,ford,No,2016-03-06 00:00:00,44145,2016-03-30 11:47:50,2016,2016,March,March,14,2
2016-03-19 01:42:17,Ford_Fiesta._250tkm,privat,Offer,0,control,kleinwagen,2003,Unspecified,75,fiesta,150000,Jan,,ford,Other,2016-03-18 00:00:00,41379,2016-03-19 06:41:57,2016,2016,March,March,13,11
2016-04-06 23:25:36,Ford_Fiesta_Ghia,privat,Offer,1250,control,kleinwagen,2001,manuell,75,fiesta,150000,Jan,Gasoline,ford,No,2016-04-06 00:00:00,56412,2016-04-07 00:25:17,2016,2016,April,April,15,11
2016-03-06 08:36:56,Ford_fiesta_sport_wolf_Edition,privat,Offer,2000,test,kleinwagen,2006,manuell,80,Other,125000,Jan,Gasoline,ford,No,2016-03-06 00:00:00,83329,2016-03-06 08:36:56,2016,2016,March,March,10,11
2016-03-14 22:26:30,Ford_Fiesta_1.4_Autom._Titanium,privat,Offer,950,control,kleinwagen,2012,automatik,97,fiesta,40000,May,Gasoline,ford,Yes,2016-03-14 00:00:00,56377,2016-04-06 06:16:20,2016,2016,March,March,4,7
2016-03-29 17:49:13,Bastlerfarzeug,privat,Offer,150,control,kleinwagen,2000,manuell,60,fiesta,5000,May,Gasoline,ford,Yes,2016-03-29 00:00:00,66538,2016-03-29 17:49:13,2016,2016,March,March,16,7
2016-03-05 18:56:42,Ford_Ka_Royal,privat,Offer,800,test,kleinwagen,2002,manuell,60,ka,150000,Sep,Gasoline,ford,No,2016-03-05 00:00:00,26316,2016-03-06 03:17:36,2016,2016,March,March,14,3
2016-03-20 18:41:23,Ford_Fiesta,privat,Offer,500,test,kleinwagen,2001,manuell,60,fiesta,150000,Aug,Gasoline,ford,No,2016-03-20 00:00:00,26127,2016-03-24 11:18:16,2016,2016,March,March,15,4
2016-03-11 15:44:41,Ford_Focus_1.4__2005_guenstig_abzugeben,privat,Offer,2100,test,kleinwagen,2005,manuell,80,focus,150000,Feb,Gasoline,ford,No,2016-03-11 00:00:00,70499,2016-03-22 05:46:21,2016,2016,March,March,11,10
2016-03-16 18:52:08,Ford_Fiesta_1_6_Diesel_Eco,privat,Offer,5200,control,kleinwagen,2009,manuell,90,fiesta,150000,Oct,Diesel,ford,No,2016-03-16 00:00:00,18437,2016-03-23 05:46:25,2016,2016,March,March,7,2
2016-04-02 11:48:35,Ford_KA_Schwarz_8fach_bereift,privat,Offer,400,test,kleinwagen,2000,manuell,60,ka,150000,Apr,Gasoline,ford,Other,2016-04-02 00:00:00,58840,2016-04-06 09:45:57,2016,2016,April,April,16,8
2016-03-09 10:55:09,Ford_tuev_917,privat,Offer,699,control,kleinwagen,1996,manuell,75,fiesta,150000,Dec,Gasoline,ford,Other,2016-03-09 00:00:00,58097,2016-03-09 20:16:22,2016,2016,March,March,20,0
2016-03-07 22:53:58,Ford_Fiesta_1.4_Connection,privat,Offer,3850,test,kleinwagen,2007,manuell,80,fiesta,150000,Apr,Gasoline,ford,No,2016-03-07 00:00:00,85435,2016-04-05 12:15:40,2016,2016,March,March,9,8
2016-03-27 17:51:48,Ford_Ka_Finesse,privat,Offer,650,test,kleinwagen,2001,manuell,60,ka,150000,Aug,Gasoline,ford,Yes,2016-03-27 00:00:00,66701,2016-04-05 14:16:11,2016,2016,March,March,15,4
2016-03-20 12:58:08,Ford_Fiesta_1.3_mit_TÜV_bis_Dezember_2016,privat,Offer,1650,test,kleinwagen,2004,manuell,60,fiesta,125000,May,Gasoline,ford,No,2016-03-20 00:00:00,52070,2016-03-20 12:58:08,2016,2016,March,March,12,7
2016-03-20 19:56:14,Ford_Fiesta_1.4,privat,Offer,2349,test,kleinwagen,2002,manuell,80,fiesta,150000,Feb,Gasoline,ford,No,2016-03-20 00:00:00,91522,2016-04-07 04:17:37,2016,2016,March,March,14,10
2016-03-17 19:25:25,Ford_Fiesta_1.25_Trend__Unfallfrei__Klima__gepflegt_,privat,Offer,5400,control,kleinwagen,2009,manuell,60,fiesta,80000,Mar,Gasoline,ford,No,2016-03-17 00:00:00,65474,2016-04-06 21:17:54,2016,2016,March,March,7,9
2016-03-31 13:39:12,Ford_Fiesta,privat,Offer,350,control,kleinwagen,1989,manuell,55,fiesta,125000,Apr,Gasoline,ford,No,2016-03-31 00:00:00,58840,2016-03-31 13:39:12,2016,2016,March,March,27,8
2016-03-23 21:51:22,Ford_Fiesta_Bj._96_Bastlerfahrzeug,privat,Offer,250,test,kleinwagen,1996,manuell,50,fiesta,125000,Sep,Gasoline,ford,Other,2016-03-23 00:00:00,39124,2016-04-06 03:46:46,2016,2016,March,March,20,3
2016-04-04 16:59:28,Ford_Fiesta__sofort_fahrbereit_mit_neu_TÜV_+_neu_Ganzjahresreifen,privat,Offer,1650,test,kleinwagen,1998,manuell,50,fiesta,150000,Oct,Gasoline,ford,No,2016-04-04 00:00:00,26180,2016-04-06 18:47:09,2016,2016,April,April,18,2
2016-03-09 13:00:01,Ford_Fiesta_1.4_Trend_*TÜV_05/17*_*Klima*_*Sommer/Winterreifen*,privat,Offer,2190,control,kleinwagen,2002,manuell,80,fiesta,150000,Aug,Gasoline,ford,No,2016-03-09 00:00:00,30519,2016-03-09 13:00:01,2016,2016,March,March,14,4
2016-03-09 17:25:20,Ford_KA_mit_Servo,privat,Offer,149,test,kleinwagen,1998,manuell,44,ka,100000,Jan,,ford,Other,2016-03-09 00:00:00,56581,2016-04-07 12:15:20,2016,2016,March,March,18,11
2016-03-12 20:41:28,Ford_Fiesta_1_3_l_Top_Kleinwagen,privat,Offer,990,test,kleinwagen,2001,manuell,50,fiesta,150000,Jan,Gasoline,ford,No,2016-03-12 00:00:00,24534,2016-03-16 02:46:20,2016,2016,March,March,15,11
2016-03-24 20:48:55,Sehr_gepflegter_Ford_Fiesta_1.3_TÜV_02/17,privat,Offer,3199,test,kleinwagen,2004,manuell,75,fiesta,100000,Nov,Gasoline,ford,No,2016-03-24 00:00:00,39218,2016-04-03 14:47:26,2016,2016,March,March,12,1
2016-03-26 10:48:32,Ford_KA___12_Monate_tuev,privat,Offer,300,test,kleinwagen,2001,manuell,60,ka,150000,Aug,Gasoline,ford,Other,2016-03-26 00:00:00,34260,2016-03-29 12:47:55,2016,2016,March,March,15,4
2016-03-09 16:45:13,Ford_Fiesta,privat,Offer,599,test,kleinwagen,2000,manuell,0,Other,150000,Jan,Gasoline,ford,Other,2016-03-09 00:00:00,30851,2016-04-07 05:15:35,2016,2016,March,March,16,11
2016-03-18 14:25:21,Ford_Ka_Mit_TÜV,privat,Offer,550,control,kleinwagen,1997,manuell,73,ka,125000,Jul,Gasoline,ford,Other,2016-03-18 00:00:00,56564,2016-04-05 13:18:53,2016,2016,March,March,19,5
2016-04-03 21:55:25,Ford_Fiesta_1.4_CLX,privat,Offer,400,test,kleinwagen,1989,manuell,75,fiesta,125000,Dec,Gasoline,ford,Other,2016-04-03 00:00:00,22045,2016-04-05 23:44:49,2016,2016,April,April,27,0
2016-03-21 01:53:15,FORD_KA_MIT_SPORT_FAHRWERK,privat,Offer,0,test,kleinwagen,2002,manuell,0,ka,50000,Jan,Gasoline,ford,No,2016-03-21 00:00:00,50181,2016-04-06 00:17:10,2016,2016,March,March,14,11
2016-04-04 21:43:09,Ford_Fiesta_Bj_97,privat,Offer,999,test,kleinwagen,1997,manuell,75,fiesta,70000,Jul,Gasoline,ford,No,2016-04-04 00:00:00,71116,2016-04-07 00:15:46,2016,2016,April,April,19,5
2016-04-05 10:56:54,T?p_top_ales,privat,Offer,2750,control,kleinwagen,2003,manuell,80,fusion,125000,Jan,Gasoline,ford,No,2016-04-05 00:00:00,96361,2016-04-05 11:44:05,2016,2016,April,April,13,11
2016-04-03 12:57:42,Autoberfheim,privat,Offer,450,control,kleinwagen,2000,Unspecified,0,fiesta,125000,Jun,Diesel,ford,No,2016-04-03 00:00:00,50127,2016-04-05 11:47:19,2016,2016,April,April,16,6
2016-03-23 21:54:50,Ford_Ka_Edition_Lufthansa_KLIMA_LEDER_TÜV_nur_799,privat,Offer,799,test,kleinwagen,1998,manuell,60,ka,125000,Feb,Gasoline,ford,No,2016-03-23 00:00:00,80939,2016-03-28 05:46:13,2016,2016,March,March,18,10
2016-03-06 12:38:33,Ford_Ford_KA_06/2003_mit_elektr._Faltdach,privat,Offer,800,test,kleinwagen,2003,manuell,60,ka,100000,Jun,Gasoline,ford,No,2016-03-06 00:00:00,83703,2016-03-13 03:15:23,2016,2016,March,March,13,6
2016-03-23 17:59:22,Zu_verkaufen_Ford_Focus_2.0_l_16v,privat,Offer,350,control,kleinwagen,1999,manuell,0,focus,150000,Jul,Gasoline,ford,Other,2016-03-23 00:00:00,55459,2016-03-27 23:16:05,2016,2016,March,March,17,5
2016-03-28 13:52:00,Ford_Fiesta,privat,Offer,950,test,kleinwagen,2002,manuell,50,fiesta,150000,Jan,Gasoline,ford,No,2016-03-28 00:00:00,23564,2016-03-28 13:52:00,2016,2016,March,March,14,11
2016-03-19 00:53:16,Ford_Fiesta_1.3_Zuverlaessig_&_Sehr_gepflegt_TÜV_NEU,privat,Offer,1099,control,kleinwagen,1999,manuell,60,fiesta,150000,Sep,Gasoline,ford,No,2016-03-18 00:00:00,53840,2016-03-21 11:15:34,2016,2016,March,March,17,3
2016-04-05 00:37:55,Ford_Fiesta_1.3_Erste_Hand__TÜV__Sehr_gepflegt_5_Trg,privat,Offer,2599,control,kleinwagen,2004,manuell,69,fiesta,125000,Jun,Gasoline,ford,No,2016-04-04 00:00:00,52428,2016-04-05 06:47:00,2016,2016,April,April,12,6
2016-03-15 13:48:48,Ford_Fiesta_1.3_44kW,privat,Offer,100,control,kleinwagen,1995,manuell,0,fiesta,150000,Mar,Gasoline,ford,No,2016-03-15 00:00:00,29358,2016-04-06 02:46:41,2016,2016,March,March,21,9
2016-03-13 01:56:37,Ford_Ka_Style,privat,Offer,1399,control,kleinwagen,2007,manuell,60,ka,70000,Sep,Gasoline,ford,No,2016-03-13 00:00:00,49393,2016-03-13 04:59:08,2016,2016,March,March,9,3
2016-03-27 14:51:34,Ford_fiesta_*sport_optik*,privat,Offer,3250,control,kleinwagen,2009,manuell,82,fiesta,150000,Feb,Gasoline,ford,No,2016-03-27 00:00:00,10407,2016-04-07 11:45:07,2016,2016,March,March,7,10
2016-03-05 19:52:19,Ford_Fiesta_Style_Sport,privat,Offer,1199,test,kleinwagen,1999,manuell,75,fiesta,125000,Jan,Gasoline,ford,No,2016-03-05 00:00:00,52070,2016-04-05 18:45:12,2016,2016,March,March,17,11
2016-03-14 15:55:30,Ford_Ka_gebraucht,privat,Offer,250,control,kleinwagen,1997,manuell,60,ka,150000,Feb,Gasoline,ford,Other,2016-03-14 00:00:00,54550,2016-03-29 10:46:40,2016,2016,March,March,19,10
2016-03-11 13:48:45,Ford_Ford_Fiasta_super_Zustand_TÜV01/17_Klima_ZV__AB,privat,Offer,1290,test,kleinwagen,2002,manuell,60,fiesta,90000,Jan,Gasoline,ford,No,2016-03-11 00:00:00,99955,2016-04-07 09:45:52,2016,2016,March,March,14,11
2016-03-12 18:57:52,Ford_Fiesta_1.6_Ambiente,privat,Offer,2250,test,kleinwagen,2003,manuell,101,fiesta,125000,Mar,Gasoline,ford,No,2016-03-12 00:00:00,9376,2016-04-07 12:47:00,2016,2016,March,March,13,9
2016-03-28 00:55:54,FORD_FIESTA_SCHIEBEDACH,privat,Offer,3190,control,kleinwagen,2003,manuell,59,fiesta,80000,Jun,Gasoline,ford,Other,2016-03-27 00:00:00,50825,2016-04-06 09:45:06,2016,2016,March,March,13,6
2016-03-20 13:48:21,Ford__KA__Royal____Klima____T_Ü_V__neu_!!!,privat,Offer,1650,test,kleinwagen,2003,manuell,70,ka,100000,Dec,Gasoline,ford,No,2016-03-20 00:00:00,4932,2016-04-02 16:18:33,2016,2016,March,March,13,0
2016-03-20 16:48:43,Verkaufe_Ford_Fiesta,privat,Offer,1000,test,kleinwagen,2003,manuell,60,fiesta,70000,Mar,Gasoline,ford,Other,2016-03-20 00:00:00,18337,2016-04-01 01:45:28,2016,2016,March,March,13,9
2016-03-30 17:44:29,Ford_Fiesta_2.0_ST,privat,Offer,3999,control,kleinwagen,2006,manuell,150,fiesta,150000,Sep,Gasoline,ford,No,2016-03-30 00:00:00,42859,2016-04-05 05:46:09,2016,2016,March,March,10,3
2016-04-02 21:39:06,Ford_ka__wenig_Kilometer___Leder!_!!!!,privat,Offer,1500,test,kleinwagen,1998,manuell,0,Other,30000,Jan,Gasoline,ford,Other,2016-04-02 00:00:00,79400,2016-04-06 22:16:17,2016,2016,April,April,18,11
2016-03-16 20:47:28,Feinen_Ford_KA,privat,Offer,1100,control,kleinwagen,2001,manuell,44,ka,150000,Dec,Gasoline,ford,No,2016-03-16 00:00:00,17087,2016-04-01 11:16:03,2016,2016,March,March,15,0
2016-03-11 10:53:44,Ford_Fiesta_2.0_ST,privat,Offer,5299,test,kleinwagen,2007,manuell,150,fiesta,125000,Nov,Gasoline,ford,No,2016-03-11 00:00:00,79774,2016-04-07 03:15:32,2016,2016,March,March,9,1
2016-04-06 21:36:18,Ford_Fiesta_5_Tueren__Klimaanlage__AHK__Anfaengerauto_:_,privat,Offer,1111,control,kleinwagen,1999,manuell,60,fiesta,30000,Jul,Gasoline,ford,No,2016-04-06 00:00:00,23936,2016-04-06 21:36:18,2016,2016,April,April,17,5
2016-03-26 18:46:43,Ford_ka_zu_verkaufen,privat,Offer,60,test,kleinwagen,1998,manuell,0,ka,150000,Apr,Gasoline,ford,Yes,2016-03-26 00:00:00,79106,2016-03-31 15:17:54,2016,2016,March,March,18,8
2016-03-29 18:36:24,Ford_Ka_1.2,privat,Offer,4200,control,kleinwagen,2009,manuell,69,ka,50000,Nov,Gasoline,ford,No,2016-03-29 00:00:00,96450,2016-04-06 04:16:07,2016,2016,March,March,7,1
2016-03-05 22:47:53,Ford_Ka_1.3_L_blau_Leder_Alufelgen_Klima_69PS,privat,Offer,1950,control,kleinwagen,2003,manuell,0,ka,125000,Dec,Gasoline,ford,Other,2016-03-05 00:00:00,40882,2016-04-03 18:47:24,2016,2016,March,March,13,0
2016-03-16 20:50:38,Ford_Ka_Lufthansa_Edition,privat,Offer,0,control,kleinwagen,1997,manuell,0,ka,150000,Jan,Gasoline,ford,No,2016-03-16 00:00:00,41468,2016-03-22 02:16:02,2016,2016,March,March,19,11
2016-03-30 18:40:14,Ford_Fiesta_Flair,privat,Offer,850,test,kleinwagen,1997,manuell,60,fiesta,150000,Nov,Gasoline,ford,No,2016-03-30 00:00:00,74635,2016-04-07 09:44:38,2016,2016,March,March,19,1
2016-03-22 14:25:17,Ford_Fiesta_1.4__Schwarz_5_Tuerer__Aux_Anschluss,privat,Offer,3350,control,kleinwagen,2006,manuell,80,fiesta,100000,Jun,Gasoline,ford,No,2016-03-22 00:00:00,35510,2016-04-07 03:16:42,2016,2016,March,March,10,6
2016-04-01 22:46:45,Ford_Fiesta_1.4_TDCI_/_Klima_/_Euro_4,privat,Offer,1700,test,kleinwagen,2005,manuell,68,fiesta,150000,Feb,Diesel,ford,No,2016-04-01 00:00:00,66265,2016-04-05 20:46:12,2016,2016,April,April,11,10
2016-04-01 11:48:14,Ford_Fiesta,privat,Offer,550,test,kleinwagen,2001,manuell,60,fiesta,100000,Feb,Gasoline,ford,Yes,2016-04-01 00:00:00,33098,2016-04-07 08:17:13,2016,2016,April,April,15,10
2016-04-03 21:43:45,Ford_Fiesta_1.25_/_erst_76.500km_/_4_Tuerer_/_Radio_CD,privat,Offer,2200,test,kleinwagen,2003,manuell,69,fiesta,80000,Aug,Gasoline,ford,No,2016-04-03 00:00:00,46414,2016-04-05 22:18:47,2016,2016,April,April,13,4
2016-03-14 18:45:27,Ford_Ka_Klima_TÜV_08/17,privat,Offer,750,test,kleinwagen,2001,manuell,60,ka,150000,Aug,Gasoline,ford,No,2016-03-14 00:00:00,26388,2016-03-26 14:46:42,2016,2016,March,March,15,4
2016-03-28 16:41:53,Ford_Fiesta,privat,Offer,250,test,kleinwagen,1997,manuell,65,fiesta,60000,Jan,Gasoline,ford,No,2016-03-28 00:00:00,73433,2016-03-30 07:45:17,2016,2016,March,March,19,11
2016-03-06 14:36:57,!!!!!!_Ford_Ka_el._Fenster__Alu_felgen__CD__ABS___TÜV!!!!,privat,Offer,800,control,kleinwagen,1999,manuell,60,ka,125000,Apr,Gasoline,ford,No,2016-03-06 00:00:00,26133,2016-03-16 13:46:27,2016,2016,March,March,17,8
2016-03-21 21:36:17,Ford_Fiesta_1.3_*VHB___Innen_wie_Neu*,privat,Offer,2649,control,kleinwagen,2003,manuell,70,fiesta,150000,Jun,Gasoline,ford,No,2016-03-21 00:00:00,66359,2016-03-21 22:39:12,2016,2016,March,March,13,6
2016-04-04 09:49:56,Ford_Ka_Royal,privat,Offer,1450,control,kleinwagen,2002,manuell,60,ka,125000,Jul,Gasoline,ford,No,2016-04-04 00:00:00,53332,2016-04-06 11:17:09,2016,2016,April,April,14,5
2016-03-23 17:51:09,Verkaufe_einen_ford_fiesta,privat,Offer,600,control,kleinwagen,1995,manuell,75,fiesta,80000,Jan,Gasoline,ford,No,2016-03-23 00:00:00,47574,2016-04-05 22:17:46,2016,2016,March,March,21,11
2016-04-01 14:54:17,Fahrtuechtiger_Ford_Fiesta,privat,Offer,250,test,kleinwagen,1993,manuell,51,fiesta,100000,Jan,Gasoline,ford,Other,2016-04-01 00:00:00,6688,2016-04-03 11:16:20,2016,2016,April,April,23,11
2016-03-31 09:57:35,Ford_Fiesta_5_tuerig__TÜV_NEU_03/2018__Servolenkung_Gruene_Plakette,privat,Offer,1150,control,kleinwagen,2000,manuell,50,fiesta,150000,Oct,Gasoline,ford,No,2016-03-31 00:00:00,19246,2016-03-31 10:49:52,2016,2016,March,March,16,2
2016-03-16 11:43:10,Ford_Focus_1_4_2005_TÜV_02.2017_top,privat,Offer,2300,test,kleinwagen,2005,manuell,80,focus,150000,Dec,Gasoline,ford,No,2016-03-16 00:00:00,31162,2016-03-17 08:46:54,2016,2016,March,March,11,0
2016-03-29 23:57:46,Ford_Fusion_1.4,privat,Offer,3990,control,kleinwagen,2011,manuell,80,fusion,80000,Dec,Gasoline,ford,Yes,2016-03-29 00:00:00,52459,2016-03-29 23:57:46,2016,2016,March,March,5,0
2016-03-09 19:36:19,Ford_ka__mit_COC_papiere,privat,Offer,300,test,kleinwagen,1998,manuell,60,ka,150000,Jul,Gasoline,ford,No,2016-03-09 00:00:00,66399,2016-04-01 17:18:13,2016,2016,March,March,18,5
2016-03-14 21:41:29,Ford_Fiesta_1.4_tdci_unfall,privat,Offer,1300,test,kleinwagen,2007,manuell,68,fiesta,150000,Dec,Diesel,ford,Yes,2016-03-14 00:00:00,66839,2016-03-25 11:45:54,2016,2016,March,March,9,0
2016-04-03 22:53:08,"Ford_Fiesta""servo""Klima""8_Fach_bereift""03/17_TÜV/asu",privat,Offer,1500,control,kleinwagen,2003,manuell,68,fiesta,150000,Mar,Diesel,ford,No,2016-04-03 00:00:00,33659,2016-04-06 00:45:58,2016,2016,April,April,13,9
2016-03-25 09:56:42,FORD_KA_3_Door_Sedan_in_Gruen_!!!_Wer_zuerst_kommt_malt_zuerst!!!,privat,Offer,250,test,kleinwagen,1997,manuell,50,ka,150000,Apr,Gasoline,ford,Other,2016-03-25 00:00:00,20355,2016-03-25 10:40:56,2016,2016,March,March,19,8
2016-03-18 20:37:00,Ford_Ka__Cool_1_3_Ltr._44KW__2_Jahre_Tuev__Servo__Klima__Alufelgen,privat,Offer,990,test,kleinwagen,1998,manuell,60,ka,150000,Jan,Gasoline,ford,No,2016-03-18 00:00:00,44623,2016-03-30 14:45:48,2016,2016,March,March,18,11
2016-03-17 19:38:24,Ford_Fiesta_1.3_Silver_Magic_70PS_1Hand_8fach_bereift,privat,Offer,4500,control,kleinwagen,2008,manuell,69,fiesta,70000,Aug,Gasoline,ford,No,2016-03-17 00:00:00,42929,2016-04-05 04:46:33,2016,2016,March,March,8,4
2016-03-25 10:52:47,FORD_FIESTA_1.3L_TÜV_08/2016,privat,Offer,450,test,kleinwagen,1999,manuell,60,fiesta,150000,Dec,Gasoline,ford,No,2016-03-25 00:00:00,24143,2016-03-30 00:16:56,2016,2016,March,March,17,0
2016-03-19 16:41:30,FORD_Fusion_1.4,privat,Offer,2990,test,kleinwagen,2005,manuell,80,fusion,150000,Oct,Gasoline,ford,No,2016-03-19 00:00:00,24229,2016-04-07 01:45:24,2016,2016,March,March,11,2
2016-03-26 16:50:38,Ford_Fiesta_Ghia,privat,Offer,1150,control,kleinwagen,2000,manuell,75,fiesta,125000,Mar,Gasoline,ford,No,2016-03-26 00:00:00,71263,2016-03-26 16:50:38,2016,2016,March,March,16,9
2016-03-08 10:58:17,Ford_Fiesta,privat,Offer,850,test,kleinwagen,2001,manuell,50,fiesta,90000,Oct,Gasoline,ford,Other,2016-03-08 00:00:00,92253,2016-03-14 10:17:26,2016,2016,March,March,15,2
2016-04-04 00:54:33,Ford_Ka,privat,Offer,2400,test,kleinwagen,2006,manuell,69,ka,90000,Apr,Gasoline,ford,No,2016-04-04 00:00:00,73660,2016-04-06 09:16:48,2016,2016,April,April,10,8
2016-03-25 00:55:47,Ford_Andere_Eifel_Typ_C,privat,Offer,2900,control,kleinwagen,1937,manuell,34,andere,40000,Jul,Gasoline,ford,Yes,2016-03-25 00:00:00,33378,2016-04-02 07:16:41,2016,2016,March,March,79,5
2016-03-30 17:51:44,Ford_Fiesta_1_Jahr_TÜV,privat,Offer,600,control,kleinwagen,1998,manuell,45,fiesta,125000,Jul,Gasoline,ford,Other,2016-03-30 00:00:00,46485,2016-04-01 12:18:22,2016,2016,March,March,18,5
2016-03-07 11:25:18,Ford_Ka,privat,Offer,680,test,kleinwagen,1996,manuell,50,ka,150000,Nov,Gasoline,ford,No,2016-03-07 00:00:00,65779,2016-03-09 10:45:11,2016,2016,March,March,20,1
2016-04-04 23:36:53,Ford_Fiesta_1.25_Ambiente,privat,Offer,1000,control,kleinwagen,2003,manuell,69,fiesta,150000,Jul,Gasoline,ford,Yes,2016-04-04 00:00:00,54317,2016-04-05 07:42:10,2016,2016,April,April,13,5
2016-03-08 22:45:28,Ford_Fiesta_1.3,privat,Offer,2400,test,kleinwagen,2003,manuell,60,fiesta,70000,Mar,Gasoline,ford,No,2016-03-08 00:00:00,49740,2016-03-17 11:45:00,2016,2016,March,March,13,9
2016-04-03 12:52:56,Ford_Ka_Royal,privat,Offer,600,control,kleinwagen,2005,manuell,60,ka,90000,Jul,Gasoline,ford,No,2016-04-03 00:00:00,85757,2016-04-03 12:52:56,2016,2016,April,April,11,5
2016-04-05 11:38:52,Ford_Focus_18tdci2004,privat,Offer,890,test,kleinwagen,2004,manuell,74,focus,150000,Jan,Diesel,ford,Yes,2016-04-05 00:00:00,84478,2016-04-05 11:38:52,2016,2016,April,April,12,11
2016-03-12 00:36:56,Ford_Fiesta_1.4,privat,Offer,1200,test,kleinwagen,2002,Unspecified,0,fiesta,90000,Aug,Gasoline,ford,No,2016-03-12 00:00:00,97440,2016-03-12 03:01:12,2016,2016,March,March,14,4
2016-03-25 18:56:53,Auto__Ford_Focus,privat,Offer,220,test,kleinwagen,1995,manuell,1625,escort,150000,Feb,Gasoline,ford,Yes,2016-03-25 00:00:00,16775,2016-04-07 00:46:09,2016,2016,March,March,21,10
2016-03-27 13:37:19,Ford_Ka,privat,Offer,1450,test,kleinwagen,2000,manuell,60,ka,125000,Sep,Gasoline,ford,No,2016-03-27 00:00:00,59387,2016-04-07 09:16:06,2016,2016,March,March,16,3
2016-03-07 11:52:36,Ford_Ka_viel_neu_u_gepflegt,privat,Offer,0,test,kleinwagen,1998,manuell,0,Other,125000,Dec,Gasoline,ford,No,2016-03-07 00:00:00,6901,2016-03-07 11:52:36,2016,2016,March,March,18,0
2016-03-11 10:37:59,Ford_96,privat,Offer,700,test,kleinwagen,1997,manuell,0,fiesta,80000,Jul,Gasoline,ford,No,2016-03-11 00:00:00,76709,2016-03-14 23:45:37,2016,2016,March,March,19,5
2016-03-21 13:45:42,Ford_Fiesta,privat,Offer,550,test,kleinwagen,2000,manuell,60,fiesta,125000,Jan,Gasoline,ford,Yes,2016-03-21 00:00:00,53881,2016-03-21 13:45:42,2016,2016,March,March,16,11
2016-03-23 11:36:23,Ford_Fiesta_mit_Klima._TÜV_03.2017,privat,Offer,700,test,kleinwagen,2000,manuell,60,fiesta,150000,Feb,Gasoline,ford,No,2016-03-23 00:00:00,27612,2016-03-24 19:45:09,2016,2016,March,March,16,10
2016-04-02 03:59:04,!!_TOP_FORD_FIESTA_1.3_!!_Bitte_lesen,privat,Offer,0,test,kleinwagen,2001,manuell,0,fiesta,150000,Jan,Gasoline,ford,No,2016-04-02 00:00:00,59379,2016-04-06 06:17:10,2016,2016,April,April,15,11
2016-04-02 18:54:40,Ford_Fiesta_1_3_Klima__70200_Km_ab_20.04.16_zu_Verkaufen,privat,Offer,700,control,kleinwagen,2001,manuell,60,fiesta,80000,Apr,Gasoline,ford,No,2016-04-02 00:00:00,16227,2016-04-02 18:54:40,2016,2016,April,April,15,8
2016-03-27 23:47:30,2x_Ford_Fiesta_MK_1,privat,Offer,5000,test,kleinwagen,1978,manuell,0,Other,60000,Jan,,ford,No,2016-03-27 00:00:00,26180,2016-04-06 02:15:20,2016,2016,March,March,38,11
2016-03-12 12:49:17,Ford_ka_tuev3/16_an_bastler!nur_dieses_w.ende_150_festpreis!,privat,Offer,150,test,kleinwagen,1999,manuell,60,ka,125000,Jan,,ford,Yes,2016-03-12 00:00:00,24222,2016-03-13 04:16:43,2016,2016,March,March,17,11
2016-03-16 15:55:09,Ford_Fiesta|02.2017TÜV|SERVO|AUTOMATIK,privat,Offer,649,test,kleinwagen,1996,automatik,75,fiesta,150000,Feb,Gasoline,ford,No,2016-03-16 00:00:00,45481,2016-03-16 16:43:08,2016,2016,March,March,20,10
2016-03-26 09:55:50,Ford_Ka_1.3_/_TÜV_Neu_/_Klima_/_Kein_Rost,privat,Offer,950,control,kleinwagen,2002,manuell,0,ka,150000,Aug,Gasoline,ford,No,2016-03-26 00:00:00,30165,2016-04-05 20:44:52,2016,2016,March,March,14,4
2016-04-03 09:49:50,Ford_Fiesta_Ford_FIESTA_96__1.3_zu_verkaufen,privat,Offer,399,control,kleinwagen,1999,manuell,50,fiesta,150000,Sep,Gasoline,ford,No,2016-04-03 00:00:00,4107,2016-04-05 08:16:38,2016,2016,April,April,17,3
2016-03-05 14:29:12,Ford_fiesta_jbs_Bastlerfahrzeug_oder_zum_Ausschlachten,privat,Offer,150,test,kleinwagen,2000,manuell,60,Other,150000,Jan,Gasoline,ford,Yes,2016-03-05 00:00:00,35789,2016-03-07 10:17:56,2016,2016,March,March,16,11
2016-03-08 12:54:43,Ford_Fiesta,privat,Offer,100,test,kleinwagen,1998,manuell,50,fiesta,150000,Mar,Gasoline,ford,No,2016-03-08 00:00:00,41464,2016-03-15 09:15:55,2016,2016,March,March,18,9
2016-03-13 22:37:00,Ford_Fiesta_1.25_Trend,privat,Offer,2600,control,kleinwagen,2011,manuell,60,fiesta,60000,Apr,Gasoline,ford,Yes,2016-03-13 00:00:00,38820,2016-03-15 00:44:38,2016,2016,March,March,5,8
2016-03-22 13:57:39,Ford_Ka_mit_Klima_und_Servo,privat,Offer,550,control,kleinwagen,1999,manuell,60,ka,70000,Jan,Gasoline,ford,Yes,2016-03-22 00:00:00,16727,2016-03-26 14:42:55,2016,2016,March,March,17,11
2016-03-24 14:49:17,Ford_Fiesta_1.3,privat,Offer,3699,test,kleinwagen,2005,manuell,60,fiesta,125000,Mar,Gasoline,ford,No,2016-03-24 00:00:00,47475,2016-04-07 06:45:17,2016,2016,March,March,11,9
2016-03-16 20:58:22,Ford_Fiesta_1.3,privat,Offer,1290,control,kleinwagen,2004,manuell,60,fiesta,150000,Mar,Gasoline,ford,No,2016-03-16 00:00:00,74405,2016-04-07 08:46:30,2016,2016,March,March,12,9
2016-03-26 12:51:48,Ford_Fiesta_1.4_Trend,privat,Offer,3900,control,kleinwagen,2005,manuell,80,fiesta,30000,Jan,Gasoline,ford,No,2016-03-26 00:00:00,10587,2016-04-06 00:44:56,2016,2016,March,March,11,11
2016-04-04 17:50:26,Ford_fiesta_bj_2000,privat,Offer,1299,test,kleinwagen,2000,manuell,0,fiesta,125000,Jul,Gasoline,ford,Other,2016-04-04 00:00:00,79111,2016-04-06 19:48:04,2016,2016,April,April,16,5
2016-03-22 14:57:57,Ford_Fusion_1.4_TDCI_+__DPF._ESP,privat,Offer,3500,control,kleinwagen,2007,manuell,68,fusion,125000,Jul,Diesel,ford,Yes,2016-03-22 00:00:00,21339,2016-04-02 07:18:07,2016,2016,March,March,9,5
2016-03-24 09:57:28,Biete_Ford_Fiesta_1_6_Diesel_Eco,privat,Offer,4500,control,kleinwagen,2009,Unspecified,90,fiesta,150000,Oct,Diesel,ford,No,2016-03-24 00:00:00,18437,2016-03-27 05:46:14,2016,2016,March,March,7,2
2016-03-19 10:49:15,Ford_bestens_gepflegt_und_aus_erster_Hand,privat,Offer,2999,test,kleinwagen,2006,manuell,69,ka,60000,Sep,Gasoline,ford,No,2016-03-19 00:00:00,26123,2016-04-04 10:44:29,2016,2016,March,March,10,3
2016-03-05 18:47:39,Ford_Ford_Ka_60_PS,privat,Offer,900,test,kleinwagen,2007,manuell,60,ka,150000,Sep,Gasoline,ford,Yes,2016-03-05 00:00:00,94051,2016-03-06 04:16:43,2016,2016,March,March,9,3
2016-03-18 10:43:26,Fusion/Fiesta_Tdci_100%_abfahrbereit__Motor_Getriebe_Perfect,privat,Offer,2450,control,kleinwagen,2007,manuell,68,fiesta,150000,Sep,Diesel,ford,No,2016-03-18 00:00:00,10965,2016-03-18 10:43:26,2016,2016,March,March,9,3
2016-03-08 17:43:34,Ford_Fiesta_2.0,privat,Offer,3800,control,kleinwagen,2005,manuell,150,fiesta,150000,Jul,Gasoline,ford,No,2016-03-08 00:00:00,52152,2016-03-12 16:44:51,2016,2016,March,March,11,5
2016-03-18 01:58:20,Ford_KA_EURO_3_1006000km,privat,Offer,400,control,kleinwagen,2001,manuell,58,ka,125000,Mar,Gasoline,ford,Other,2016-03-18 00:00:00,8412,2016-03-25 01:19:41,2016,2016,March,March,15,9
2016-03-11 23:37:00,Ford_***FORD_FIESTA_TÜV_01.2017***2_HAND,privat,Offer,2500,test,kleinwagen,2007,manuell,60,fiesta,150000,Feb,Gasoline,ford,No,2016-03-11 00:00:00,69231,2016-03-18 01:46:46,2016,2016,March,March,9,10
2016-03-19 02:36:46,Ford_Ka_**Motor_Getriebe_TOP**,privat,Offer,290,test,kleinwagen,1999,manuell,60,ka,125000,Apr,Gasoline,ford,No,2016-03-19 00:00:00,45661,2016-03-19 08:45:08,2016,2016,March,March,17,8
2016-04-02 11:52:53,Einen_kleinen_Ford_Ka,privat,Offer,400,test,kleinwagen,2000,manuell,0,ka,125000,Mar,Gasoline,ford,Other,2016-04-02 00:00:00,38640,2016-04-02 12:42:05,2016,2016,April,April,16,9
2016-03-07 19:52:08,Ford_Fiesta_Ghia__wenig_Steuern!!!!,privat,Offer,800,control,kleinwagen,2000,manuell,75,fiesta,150000,Mar,Gasoline,ford,No,2016-03-07 00:00:00,1237,2016-03-10 14:46:55,2016,2016,March,March,16,9
2016-03-08 14:25:24,Puma_zum_Aufbau_oder_Ersatzteilespender,privat,Offer,450,control,kleinwagen,1999,manuell,125,andere,125000,May,Gasoline,ford,Yes,2016-03-08 00:00:00,35463,2016-04-06 23:46:54,2016,2016,March,March,17,7
2016-03-15 23:43:33,Ford_Ka_Colour_Line,privat,Offer,1300,control,kleinwagen,2004,manuell,69,ka,150000,Aug,Lpg,ford,No,2016-03-15 00:00:00,52351,2016-04-07 09:45:33,2016,2016,March,March,12,4
2016-03-24 16:57:23,Ford_Fiesta_1.3_Ambiente,privat,Offer,2750,control,kleinwagen,2006,manuell,60,fiesta,100000,Oct,Gasoline,ford,No,2016-03-24 00:00:00,69207,2016-04-07 10:44:25,2016,2016,March,March,10,2
2016-04-01 09:55:04,Ford_Ka_bj.1999_TÜV_06/16_Bastler,privat,Offer,200,test,kleinwagen,1999,manuell,0,Other,100000,May,Gasoline,ford,Other,2016-04-01 00:00:00,44866,2016-04-05 03:46:38,2016,2016,April,April,17,7
2016-04-01 17:59:02,Ford_Ka_mit_Tuev,privat,Offer,600,test,kleinwagen,2000,manuell,50,ka,100000,Oct,Gasoline,ford,No,2016-04-01 00:00:00,37186,2016-04-01 18:42:09,2016,2016,April,April,16,2
2016-03-09 13:54:12,Ford_Ka,privat,Offer,700,control,kleinwagen,2002,manuell,60,ka,150000,Sep,Gasoline,ford,No,2016-03-09 00:00:00,66787,2016-03-20 11:18:20,2016,2016,March,March,14,3
2016-03-20 20:56:50,Ford_Fiesta_TÜV_04/2017,privat,Offer,750,test,kleinwagen,1999,manuell,75,fiesta,125000,Jun,Gasoline,ford,No,2016-03-20 00:00:00,8118,2016-03-20 20:56:50,2016,2016,March,March,17,6
2016-03-12 21:49:00,Ford_Fiesta__2001__gepflegter_Zustand_,privat,Offer,1899,test,kleinwagen,2001,manuell,60,fiesta,70000,Jan,Gasoline,ford,No,2016-03-12 00:00:00,41517,2016-03-29 09:17:25,2016,2016,March,March,15,11
2016-03-09 17:55:13,Ford_Fiesta_Style,privat,Offer,850,test,kleinwagen,1999,manuell,60,fiesta,150000,Oct,Gasoline,ford,No,2016-03-09 00:00:00,24143,2016-03-24 17:45:19,2016,2016,March,March,17,2
2016-03-26 16:46:47,Osterei___Ford_Ka_Futura_Sonderedition,privat,Offer,800,control,kleinwagen,1998,manuell,60,ka,150000,Dec,Gasoline,ford,No,2016-03-26 00:00:00,15754,2016-03-31 12:45:39,2016,2016,March,March,18,0
2016-04-02 00:49:21,Ford_Fiesta_Gfj_//_Kleinwagen_//_TÜV_09/2017,privat,Offer,650,test,kleinwagen,1995,manuell,60,fiesta,150000,Jan,Gasoline,ford,Other,2016-04-01 00:00:00,40880,2016-04-06 04:16:31,2016,2016,April,April,21,11
2016-03-23 06:36:55,Ford_Ka_K2_Snow_Edition_mit_2_Jahren_TÜV.,privat,Offer,900,test,kleinwagen,1999,manuell,60,ka,125000,Jul,Gasoline,ford,No,2016-03-23 00:00:00,41069,2016-03-29 01:18:18,2016,2016,March,March,17,5
2016-03-09 01:36:44,Ford_Fiesta_Bj_2000_fuer_800VB,privat,Offer,800,control,kleinwagen,2000,manuell,75,fiesta,150000,Jan,Gasoline,ford,No,2016-03-09 00:00:00,48599,2016-03-10 13:16:23,2016,2016,March,March,16,11
2016-03-28 23:37:41,Ford_Fiesta_1.4,privat,Offer,3690,test,kleinwagen,2008,manuell,80,fiesta,125000,Apr,Gasoline,ford,No,2016-03-28 00:00:00,88447,2016-04-01 18:24:46,2016,2016,March,March,8,8
2016-03-31 17:58:10,Ford_Ka,privat,Offer,1652,control,kleinwagen,2003,manuell,60,ka,50000,Nov,Gasoline,ford,No,2016-03-31 00:00:00,2625,2016-04-06 12:16:49,2016,2016,March,March,13,1
2016-03-12 12:51:44,Ford_Focus_1.6_16v,privat,Offer,1200,test,kleinwagen,1999,manuell,101,focus,150000,Sep,Gasoline,ford,No,2016-03-12 00:00:00,42551,2016-03-14 21:15:17,2016,2016,March,March,17,3
2016-03-24 23:48:35,Ford_Fiesta_1.3_Ambiente,privat,Offer,3200,test,kleinwagen,2007,manuell,60,fiesta,90000,Oct,Gasoline,ford,No,2016-03-24 00:00:00,71364,2016-03-31 07:17:49,2016,2016,March,March,9,2
2016-03-12 17:57:21,Ford_Ka__Leder_Servo__ZV__elektr._Fensterheber__MP3_Radio_,privat,Offer,300,test,kleinwagen,2002,manuell,60,ka,100000,Feb,Gasoline,ford,Other,2016-03-12 00:00:00,31199,2016-03-12 17:57:21,2016,2016,March,March,14,10
2016-03-30 14:06:19,Ford_Fiesta_1.4_TDCI_Ambiente,privat,Offer,3650,test,kleinwagen,2006,manuell,68,fiesta,150000,May,Diesel,ford,No,2016-03-30 00:00:00,55130,2016-04-07 07:45:54,2016,2016,March,March,10,7
2016-03-10 08:57:51,Ford_Fiesta_Festival_1.3_Klima_5_tuerig_134tkm,privat,Offer,1700,test,kleinwagen,2005,manuell,60,fiesta,150000,Jan,Gasoline,ford,Other,2016-03-10 00:00:00,97082,2016-03-12 13:16:25,2016,2016,March,March,11,11
2016-03-11 15:55:35,Ford_Fiesta,privat,Offer,500,test,kleinwagen,1994,manuell,50,fiesta,100000,Jan,Gasoline,ford,Yes,2016-03-11 00:00:00,75428,2016-04-05 12:47:25,2016,2016,March,March,22,11
2016-03-12 08:50:59,Ford_Focus_zu_verkaufen,privat,Offer,900,control,kleinwagen,1999,manuell,75,focus,150000,Aug,Gasoline,ford,No,2016-03-12 00:00:00,35452,2016-03-12 13:48:15,2016,2016,March,March,17,4
2016-04-03 05:36:35,Zuverlaessiger_Ford_Ka__ein_super__blauer_Stadtflitzer,privat,Offer,1900,control,kleinwagen,2006,manuell,0,ka,60000,Jul,Gasoline,ford,No,2016-04-03 00:00:00,14163,2016-04-05 07:48:26,2016,2016,April,April,10,5
2016-03-16 14:51:26,Ford_Ka_1.2_Trend,privat,Offer,3190,test,kleinwagen,2009,manuell,69,ka,90000,Jun,Gasoline,ford,No,2016-03-16 00:00:00,45889,2016-03-19 12:15:45,2016,2016,March,March,7,6
2016-03-09 09:37:35,Ford_Fiesta_1.4_Trend_*TÜV_05/17*_*Klima*_*Sommer/Winterreifen*,privat,Offer,2190,test,kleinwagen,2002,manuell,80,fiesta,150000,Aug,Gasoline,ford,No,2016-03-09 00:00:00,30519,2016-03-09 10:43:10,2016,2016,March,March,14,4
2016-03-09 13:50:32,Ford_Fiesta_8_Monate_TÜV,privat,Offer,200,control,kleinwagen,2000,manuell,0,fiesta,150000,Jan,Gasoline,ford,Yes,2016-03-09 00:00:00,24211,2016-03-12 11:46:03,2016,2016,March,March,16,11
2016-03-22 16:50:32,Ford_Ka_Sondermodell_CallYa___Klima__Leder,privat,Offer,400,test,kleinwagen,1999,manuell,60,ka,150000,Oct,Gasoline,ford,Yes,2016-03-22 00:00:00,32105,2016-04-06 07:17:32,2016,2016,March,March,17,2
2016-03-11 17:48:34,Ford_Ka_1.2_167.000_km_Nichtraucher_Fahrzeug,privat,Offer,3000,control,kleinwagen,2009,manuell,69,ka,150000,Sep,Gasoline,ford,No,2016-03-11 00:00:00,41464,2016-04-05 18:45:29,2016,2016,March,March,7,3
2016-03-16 18:43:17,Ford_Fiesta_Bj._1996_als_Bastler_verkaufen_fuer_Anfang_April,privat,Offer,300,control,kleinwagen,1996,manuell,60,fiesta,150000,Feb,Gasoline,ford,No,2016-03-16 00:00:00,33449,2016-03-28 19:46:45,2016,2016,March,March,20,10
2016-03-12 11:49:54,Ford_Ka_09/2009_super_gepflegter_Zustand_Sunrise_Red_69_PS,privat,Offer,2800,test,kleinwagen,2009,manuell,69,ka,150000,Sep,Gasoline,ford,No,2016-03-12 00:00:00,41464,2016-03-19 08:44:39,2016,2016,March,March,7,3
2016-03-25 03:36:42,Ford_Ka,privat,Offer,1300,control,kleinwagen,2002,manuell,60,ka,125000,Jul,Gasoline,ford,No,2016-03-25 00:00:00,41061,2016-03-25 08:47:03,2016,2016,March,March,14,5
2016-03-12 08:53:12,Ford_Focus_1.6_Wenig_Km__Neu_Tuev,privat,Offer,2900,control,kleinwagen,2003,manuell,101,focus,60000,May,Gasoline,ford,No,2016-03-12 00:00:00,67063,2016-03-21 06:17:12,2016,2016,March,March,13,7
2016-04-05 08:53:43,Ford_Fiesta_1_4;_TÜV/AU_01.2018,privat,Offer,4300,test,kleinwagen,2005,manuell,80,fiesta,30000,Jan,Gasoline,ford,No,2016-04-05 00:00:00,10587,2016-04-07 12:17:14,2016,2016,April,April,11,11
2016-03-25 12:39:31,Ford_Fiesta_1.25_Trend,privat,Offer,5299,test,kleinwagen,2009,manuell,82,fiesta,125000,Sep,Gasoline,ford,No,2016-03-25 00:00:00,50937,2016-04-06 13:45:02,2016,2016,March,March,7,3
2016-03-30 21:44:26,Ford_Fusion_Rentnerfahrzeug_viele_Extras_PDC_etc.,privat,Offer,3500,test,kleinwagen,2005,manuell,80,fusion,60000,Jul,Gasoline,ford,No,2016-03-30 00:00:00,18059,2016-04-05 11:46:34,2016,2016,March,March,11,5
2016-03-20 15:54:08,Ford_ka__mit_Klima__elektrische_Fenster___Zentralverriegelung_usw,privat,Offer,1550,control,kleinwagen,2008,manuell,44,ka,80000,Oct,Gasoline,ford,Other,2016-03-20 00:00:00,44628,2016-03-30 06:46:48,2016,2016,March,March,8,2
2016-04-05 23:36:19,Gut_erhaltner_Ford_fiesta,privat,Offer,0,control,kleinwagen,1998,manuell,55,fiesta,150000,Jan,,ford,Yes,2016-04-05 00:00:00,26817,2016-04-05 23:36:19,2016,2016,April,April,18,11
2016-03-13 21:43:02,Ford_Fiesta_Benzin,privat,Offer,850,test,kleinwagen,1998,automatik,0,fiesta,150000,Mar,Gasoline,ford,Other,2016-03-13 00:00:00,63694,2016-04-06 19:16:52,2016,2016,March,March,18,9
2016-03-24 20:44:14,Ford_Fiesta_1.4__TÜV_05/17__80Ps__vieles_Neu__Navi__sehr_gepflegt,privat,Offer,2200,test,kleinwagen,2004,manuell,80,fiesta,150000,Nov,Gasoline,ford,Yes,2016-03-24 00:00:00,70794,2016-04-01 17:49:43,2016,2016,March,March,12,1
2016-03-11 13:28:08,Ford_Fiesta_1_4_TÜV_Neu,privat,Offer,1250,test,kleinwagen,2003,manuell,80,fiesta,150000,Jan,Gasoline,ford,Other,2016-03-10 00:00:00,35510,2016-03-15 17:45:08,2016,2016,March,March,13,11
2016-03-07 21:48:43,Ford_Fieste_Top_Zustand_!,privat,Offer,5500,control,kleinwagen,2009,manuell,90,fiesta,150000,Oct,Diesel,ford,No,2016-03-07 00:00:00,82205,2016-04-06 03:45:05,2016,2016,March,March,7,2
2016-03-12 09:53:48,Ford_Fiesta_Bj_91_an_Bastler,privat,Offer,222,control,kleinwagen,1991,Unspecified,0,fiesta,125000,May,,ford,Yes,2016-03-12 00:00:00,42651,2016-03-12 10:43:19,2016,2016,March,March,25,7
2016-03-24 15:45:40,Zuverlaessiger_Ford_Fieste,privat,Offer,750,test,kleinwagen,1998,manuell,45,fiesta,125000,Jun,Gasoline,ford,No,2016-03-24 00:00:00,66484,2016-04-03 06:51:44,2016,2016,March,March,18,6
2016-04-04 23:38:27,Ford_ka_silber,privat,Offer,550,control,kleinwagen,1996,manuell,0,ka,40000,Jan,Gasoline,ford,Other,2016-04-04 00:00:00,67105,2016-04-07 05:16:27,2016,2016,April,April,20,11
2016-03-23 17:54:41,Ford_Fiesta_Top_Zustand!,privat,Offer,1499,control,kleinwagen,2000,manuell,75,fiesta,150000,Mar,Gasoline,ford,No,2016-03-23 00:00:00,86462,2016-04-05 23:15:53,2016,2016,March,March,16,9
2016-04-04 20:45:17,Ford_Fiesta_ohne_TÜV_vorzugsweise_an_Bastler,privat,Offer,600,control,kleinwagen,2000,manuell,75,fiesta,150000,May,Gasoline,ford,Other,2016-04-04 00:00:00,51145,2016-04-04 20:45:17,2016,2016,April,April,16,7
2016-03-31 09:56:45,Ford_Ka_super_Kleinwagen_Anfaengerauto_ohne_Rost_mit_neuem_TÜV,privat,Offer,1800,control,kleinwagen,1999,manuell,60,ka,90000,Feb,Gasoline,ford,Other,2016-03-31 00:00:00,10117,2016-04-06 03:44:18,2016,2016,March,March,17,10
2016-03-08 19:37:42,Ford_Fiesta_zu_verkaufen,privat,Offer,500,test,kleinwagen,1998,manuell,50,fiesta,60000,Dec,Gasoline,ford,Other,2016-03-08 00:00:00,38855,2016-03-10 15:49:53,2016,2016,March,March,18,0
2016-03-29 11:49:34,FORD_KA_ohne_TÜV,privat,Offer,0,test,kleinwagen,2001,manuell,0,ka,150000,Mar,Gasoline,ford,Other,2016-03-29 00:00:00,28239,2016-03-31 04:16:30,2016,2016,March,March,15,9
2016-03-30 13:57:24,Ford_Fusion_1.4_TDCI,privat,Offer,3800,test,kleinwagen,2008,manuell,68,fusion,150000,Apr,Diesel,ford,No,2016-03-30 00:00:00,28844,2016-04-07 05:15:35,2016,2016,March,March,8,8
2016-04-06 22:06:21,Ford_Ka,privat,Offer,1111,test,kleinwagen,2002,manuell,60,ka,150000,Feb,Gasoline,ford,No,2016-04-06 00:00:00,65385,2016-04-06 22:06:21,2016,2016,April,April,14,10
2016-04-04 15:36:24,Ford_Ka_60Ps_:__anschauen_kommen,privat,Offer,0,test,kleinwagen,1997,manuell,60,ka,150000,Jan,Gasoline,ford,Other,2016-04-04 00:00:00,66359,2016-04-06 16:47:12,2016,2016,April,April,19,11
2016-03-30 16:53:32,Ford_Fiesta__Bastlerfahrzeug_,privat,Offer,400,test,kleinwagen,2000,manuell,75,fiesta,150000,Dec,Gasoline,ford,Yes,2016-03-30 00:00:00,53639,2016-04-07 08:16:42,2016,2016,March,March,16,0
2016-03-29 20:49:44,Ford_Fiesta,privat,Offer,1000,test,kleinwagen,1999,manuell,75,fiesta,150000,Apr,Gasoline,ford,No,2016-03-29 00:00:00,45899,2016-04-06 07:17:10,2016,2016,March,March,17,8
2016-03-07 12:50:46,Ford_Fiesta_1.4_Viva_X_Klimanlage_Radio/CD_LM_Felgen,privat,Offer,1490,test,kleinwagen,2005,manuell,80,fiesta,150000,Feb,Gasoline,ford,No,2016-03-07 00:00:00,79104,2016-03-14 16:16:53,2016,2016,March,March,11,10
2016-03-28 10:54:04,Ford_Fiesta_BJ_2003_in_gutem_Zustand,privat,Offer,1999,control,kleinwagen,2003,manuell,70,fiesta,150000,Mar,Gasoline,ford,No,2016-03-28 00:00:00,9337,2016-04-06 13:44:50,2016,2016,March,March,13,9
2016-04-01 10:56:20,Ford_Fiesta_Futura,privat,Offer,690,control,kleinwagen,2002,manuell,60,fiesta,100000,Mar,Gasoline,ford,Yes,2016-04-01 00:00:00,66822,2016-04-05 05:17:18,2016,2016,April,April,14,9
2016-03-08 19:06:47,Ford_Fiesta_1.3,privat,Offer,950,control,kleinwagen,2004,manuell,60,fiesta,150000,Feb,Gasoline,ford,No,2016-03-08 00:00:00,60386,2016-03-16 03:17:32,2016,2016,March,March,12,10
2016-04-04 00:45:24,Ford_Fiesta_1.3_MK6,privat,Offer,2990,test,kleinwagen,2002,manuell,67,fiesta,80000,Aug,Gasoline,ford,No,2016-04-03 00:00:00,41238,2016-04-06 03:44:27,2016,2016,April,April,14,4
2016-03-21 17:57:13,Ford_Fiesta_Diesel,privat,Offer,1000,control,kleinwagen,2006,manuell,70,fiesta,150000,Jun,Diesel,ford,Yes,2016-03-21 00:00:00,79585,2016-03-27 03:16:37,2016,2016,March,March,10,6
2016-03-16 14:59:10,Ford_ka_1997,privat,Offer,250,test,kleinwagen,1997,Unspecified,0,ka,150000,Jan,Gasoline,ford,No,2016-03-16 00:00:00,27607,2016-03-25 14:15:32,2016,2016,March,March,19,11
2016-03-14 19:55:13,Ford_Fiesta_4_Tuerig_mit_tuev,privat,Offer,380,control,kleinwagen,2000,manuell,60,fiesta,150000,Sep,Gasoline,ford,No,2016-03-14 00:00:00,63743,2016-03-15 15:18:27,2016,2016,March,March,16,3
2016-03-18 21:44:02,Ford_Ka_Guter_zustand_110TKM_1Hand.,privat,Offer,1400,control,kleinwagen,2006,manuell,69,ka,125000,Jun,Gasoline,ford,No,2016-03-18 00:00:00,52066,2016-03-31 06:16:03,2016,2016,March,March,10,6
2016-03-29 14:37:35,Ford_Ka_Kleinwagen,privat,Offer,400,test,kleinwagen,2001,manuell,60,ka,125000,May,Gasoline,ford,No,2016-03-29 00:00:00,76297,2016-03-29 14:37:35,2016,2016,March,March,15,7
2016-03-13 11:38:55,Ford_Ka,privat,Offer,900,control,kleinwagen,2000,manuell,60,ka,150000,Aug,Gasoline,ford,No,2016-03-13 00:00:00,49456,2016-03-13 11:38:55,2016,2016,March,March,16,4
2016-04-04 17:38:34,Ford_fiesta,privat,Offer,700,test,kleinwagen,2000,manuell,54,Other,150000,Jan,Gasoline,ford,Other,2016-04-04 00:00:00,24850,2016-04-06 19:17:14,2016,2016,April,April,16,11
2016-03-29 11:49:05,Ford_Fiesta_5_Tuerer___plus_Winterreifen,privat,Offer,1100,test,kleinwagen,2000,manuell,60,fiesta,100000,Sep,,ford,No,2016-03-29 00:00:00,27305,2016-03-31 04:16:28,2016,2016,March,March,16,3
2016-03-15 01:32:29,FORD_FIESTA_GIHA,privat,Offer,950,test,kleinwagen,1996,manuell,75,fiesta,150000,Jun,Gasoline,ford,No,2016-03-15 00:00:00,55126,2016-04-07 02:16:37,2016,2016,March,March,20,6
2016-04-01 23:37:51,Ford_Fiesta,privat,Offer,590,control,kleinwagen,2002,manuell,0,fiesta,100000,Jun,Gasoline,ford,No,2016-04-01 00:00:00,22399,2016-04-02 07:40:14,2016,2016,April,April,14,6
2016-03-30 12:53:50,Fiesta_Bj.1999_Tuev_07.2016_viele_neu_Teile,privat,Offer,1050,control,kleinwagen,1999,manuell,75,fiesta,150000,Apr,Gasoline,ford,Other,2016-03-30 00:00:00,47445,2016-04-07 03:45:00,2016,2016,March,March,17,8
2016-04-01 22:37:52,Ford_Fiesta_1.4_TDCI_Ghia,privat,Offer,1600,test,kleinwagen,2003,manuell,68,fiesta,150000,Sep,Diesel,ford,No,2016-04-01 00:00:00,35606,2016-04-05 15:16:55,2016,2016,April,April,13,3
2016-03-25 16:50:50,Ford_Escort__Erstzulassung_1995__defekt__nicht_fahrbereit_,privat,Offer,55,control,kleinwagen,1995,Unspecified,0,escort,150000,Feb,Gasoline,ford,Other,2016-03-25 00:00:00,29451,2016-04-06 21:18:32,2016,2016,March,March,21,10
2016-03-12 11:50:54,Ford_Fiesta_*_99_tkm_*_Opas_Auto_*_Tuev_08/2017_*_Sparsam_*,privat,Offer,850,test,kleinwagen,2000,manuell,60,fiesta,100000,Feb,Gasoline,ford,No,2016-03-12 00:00:00,27578,2016-03-13 03:15:45,2016,2016,March,March,16,10
2016-03-10 18:52:36,Ford_Fiesta_1.25_Trend,privat,Offer,4750,test,kleinwagen,2008,manuell,82,fiesta,150000,Sep,Gasoline,ford,No,2016-03-10 00:00:00,52511,2016-03-10 18:52:36,2016,2016,March,March,8,3
2016-03-18 15:46:49,Verkaufe_hier_einen_Ford_Fiesta,privat,Offer,250,control,kleinwagen,1997,manuell,55,fiesta,20000,Oct,Diesel,ford,Yes,2016-03-18 00:00:00,55765,2016-04-05 22:17:46,2016,2016,March,March,19,2
2016-04-04 19:49:39,Ford_Fiesta_Oldtimer_MK_2_Rechtslenker_!,privat,Offer,888,test,kleinwagen,1986,manuell,50,fiesta,90000,Jan,Gasoline,ford,No,2016-04-04 00:00:00,95448,2016-04-06 22:16:47,2016,2016,April,April,30,11
2016-03-25 13:37:53,Ford_fiesta_mk_4_tuev_9.16,privat,Offer,0,test,kleinwagen,1999,manuell,50,fiesta,150000,Jun,Gasoline,ford,No,2016-03-25 00:00:00,15926,2016-04-06 15:44:28,2016,2016,March,March,17,6
2016-03-12 15:48:01,Ford_Fiesta_FUN_1.25_Benzin_Frisch_2_Jahre_TÜV/AU_4.Hand_Servo,privat,Offer,899,control,kleinwagen,1996,manuell,75,fiesta,80000,Jun,Gasoline,ford,No,2016-03-12 00:00:00,42105,2016-03-14 07:46:03,2016,2016,March,March,20,6
2016-03-08 11:47:19,Ford_Fiesta_1_3_l,privat,Offer,1400,control,kleinwagen,1981,manuell,67,fiesta,125000,Jun,Gasoline,ford,Yes,2016-03-08 00:00:00,75438,2016-04-05 13:44:32,2016,2016,March,March,35,6
2016-03-07 20:41:53,Ford_Ka_zu_verkaufen,privat,Offer,500,test,kleinwagen,1999,manuell,60,ka,150000,Jul,Gasoline,ford,No,2016-03-07 00:00:00,26810,2016-03-08 13:15:17,2016,2016,March,March,17,5
2016-03-16 05:36:38,Ford_Fiesta_1_6_16V_Sport___Mod.02_TÜV_neu___196Tkm,privat,Offer,990,control,kleinwagen,2001,manuell,103,fiesta,150000,Oct,Gasoline,ford,No,2016-03-16 00:00:00,32825,2016-03-25 04:45:29,2016,2016,March,March,15,2
2016-03-15 18:54:19,Fiesta_JAS_5_Tuerig_Tuev___Au_03.2017,privat,Offer,650,control,kleinwagen,1998,manuell,50,fiesta,125000,Jan,Gasoline,ford,Yes,2016-03-15 00:00:00,95111,2016-04-02 22:16:35,2016,2016,March,March,18,11
2016-03-12 14:48:48,Ford_ka_als_basler_auto,privat,Offer,400,test,kleinwagen,1997,manuell,45,Other,125000,Mar,Gasoline,ford,Yes,2016-03-12 00:00:00,26639,2016-03-12 14:48:48,2016,2016,March,March,19,9
2016-03-05 16:38:21,Ford_Firsta_4_5_Tuerer,privat,Offer,250,control,kleinwagen,1997,automatik,0,fiesta,150000,May,Gasoline,ford,Yes,2016-03-05 00:00:00,13599,2016-03-07 20:18:18,2016,2016,March,March,19,7
2016-03-12 00:53:46,Ford_Fiesta_*TÜV_04/2016,privat,Offer,850,test,kleinwagen,2000,manuell,50,fiesta,150000,Sep,Gasoline,ford,No,2016-03-11 00:00:00,12169,2016-04-05 17:45:50,2016,2016,March,March,16,3
2016-03-09 18:45:12,Ford_Fiesta_1.3_Ambiente,privat,Offer,3000,test,kleinwagen,2007,manuell,69,fiesta,100000,May,Gasoline,ford,No,2016-03-09 00:00:00,95448,2016-04-07 12:17:44,2016,2016,March,March,9,7
2016-03-27 14:46:30,Ford__fiesta_1.3_tuev_bis_11_/_16,privat,Offer,1699,control,kleinwagen,2004,manuell,0,Other,125000,Jan,Gasoline,ford,Other,2016-03-27 00:00:00,39221,2016-03-30 19:45:38,2016,2016,March,March,12,11
2016-03-15 18:59:07,Ford_Fiesta_1_6_TDCI_TOP_Zustand,privat,Offer,4990,control,kleinwagen,2010,manuell,95,fiesta,150000,Aug,Diesel,ford,No,2016-03-15 00:00:00,1936,2016-03-24 08:45:01,2016,2016,March,March,6,4
2016-03-11 11:52:32,Verkaufe_Ford_K_Tuev__06_/_2016_Schwarz,privat,Offer,400,control,kleinwagen,2002,manuell,60,ka,150000,Sep,Gasoline,ford,Yes,2016-03-11 00:00:00,94327,2016-03-20 20:47:29,2016,2016,March,March,14,3
2016-03-11 14:37:02,Ford_Ka_1.2_FRAUENHAND,privat,Offer,4450,control,kleinwagen,2009,manuell,69,ka,70000,Sep,Gasoline,ford,No,2016-03-11 00:00:00,32584,2016-04-05 11:48:12,2016,2016,March,March,7,3
2016-03-09 20:41:55,Ford__Focus,privat,Offer,450,test,kleinwagen,1999,manuell,75,focus,150000,Mar,,ford,No,2016-03-09 00:00:00,31675,2016-03-18 01:44:55,2016,2016,March,March,17,9
2016-03-14 14:41:52,Ford_Escort__Bastlerfahrzeug_mit_Tuev,privat,Offer,100,control,kleinwagen,1992,manuell,90,escort,150000,Aug,Gasoline,ford,Yes,2016-03-14 00:00:00,28876,2016-03-16 04:17:09,2016,2016,March,March,24,4
2016-03-15 23:47:27,Ford_Ka_Motor_Getriebe_u._Kupplung_TOP,privat,Offer,345,control,kleinwagen,1999,manuell,60,ka,125000,Apr,Gasoline,ford,No,2016-03-15 00:00:00,45661,2016-03-16 02:40:38,2016,2016,March,March,17,8
2016-03-25 13:36:58,Ford_ka_mit_neuem_TÜV,privat,Offer,1180,test,kleinwagen,1996,manuell,60,ka,125000,Oct,Gasoline,ford,No,2016-03-25 00:00:00,53757,2016-04-06 15:44:29,2016,2016,March,March,20,2
2016-03-17 18:39:18,Ford_Fiesta_1.4,privat,Offer,2690,control,kleinwagen,2002,manuell,80,fiesta,150000,Jan,Gasoline,ford,No,2016-03-17 00:00:00,45307,2016-03-24 13:47:26,2016,2016,March,March,14,11
2016-03-20 12:54:18,Ford_Fusion_1.25_Ambiente_2.Hand__Zahnriemen_&_Inspektion_neu,privat,Offer,2700,test,kleinwagen,2006,manuell,75,fusion,150000,Mar,Gasoline,ford,No,2016-03-20 00:00:00,28777,2016-03-20 12:54:18,2016,2016,March,March,10,9
2016-03-17 07:56:27,Ford_Fiesta_Flair__Servo_Tuev_10/2017_original_108000_km_mit_Klima,privat,Offer,800,control,kleinwagen,1997,manuell,60,fiesta,125000,Nov,Gasoline,ford,No,2016-03-17 00:00:00,58099,2016-03-17 09:40:34,2016,2016,March,March,19,1
2016-03-19 20:50:16,Ford_Fiesta_TÜV_Jan/2017_1.Hand_KLIMA,privat,Offer,850,control,kleinwagen,2001,manuell,75,fiesta,150000,Sep,Gasoline,ford,No,2016-03-19 00:00:00,57520,2016-04-06 07:45:46,2016,2016,March,March,15,3
2016-03-16 20:42:44,Ford_Fiesta,privat,Offer,666,control,kleinwagen,1998,manuell,50,fiesta,125000,Nov,Gasoline,ford,No,2016-03-16 00:00:00,23730,2016-03-30 16:16:40,2016,2016,March,March,18,1
2016-04-02 18:49:46,Ford_Fiesta_2._hand_tuev_neu,privat,Offer,1450,test,kleinwagen,2002,manuell,60,fiesta,80000,May,Gasoline,ford,No,2016-04-02 00:00:00,35683,2016-04-04 09:29:53,2016,2016,April,April,14,7
2016-03-14 10:41:13,Top_ford_fiesta_neuer_tuev_ohne_maengel,privat,Offer,1150,control,kleinwagen,1999,manuell,60,Other,125000,Jun,Gasoline,ford,No,2016-03-14 00:00:00,44225,2016-03-15 04:45:02,2016,2016,March,March,17,6
2016-03-05 18:46:26,Ford_Ka_1.2_Titanium,privat,Offer,4250,test,kleinwagen,2009,manuell,69,ka,125000,May,Gasoline,ford,No,2016-03-05 00:00:00,41334,2016-03-06 04:15:21,2016,2016,March,March,7,7
2016-03-09 13:46:23,Gut_gepflegter_Ford_ka__TÜV_bis_08/16,privat,Offer,350,control,kleinwagen,2001,manuell,60,ka,150000,Mar,Gasoline,ford,Other,2016-03-09 00:00:00,6217,2016-03-20 08:48:15,2016,2016,March,March,15,9
2016-04-02 11:38:38,Ford_Fiesta_1_3_Nur_33000km_1_Hand_Rentner_Fahrzeug,privat,Offer,3290,test,kleinwagen,2004,manuell,69,fiesta,40000,Apr,Gasoline,ford,Other,2016-04-02 00:00:00,51145,2016-04-06 09:16:17,2016,2016,April,April,12,8
2016-03-11 14:51:12,Super_Anfaenger_Auto,privat,Offer,1000,control,kleinwagen,1998,Unspecified,60,Other,125000,Jun,Gasoline,ford,Other,2016-03-11 00:00:00,33729,2016-03-17 22:17:40,2016,2016,March,March,18,6
2016-03-15 09:55:58,Ford_Fusion_1.4_Ambiente,privat,Offer,2250,control,kleinwagen,2004,manuell,80,fusion,150000,May,Gasoline,ford,No,2016-03-15 00:00:00,48157,2016-03-18 02:17:12,2016,2016,March,March,12,7
2016-04-02 08:53:48,Ford_Fiesta_1.6_TDCI,privat,Offer,3400,control,kleinwagen,2007,manuell,90,fiesta,125000,Apr,Diesel,ford,No,2016-04-02 00:00:00,42289,2016-04-04 05:52:40,2016,2016,April,April,9,8
2016-03-11 14:38:56,Ford_Fiesta_1.3_Mit_Klima_und_Euro_4,privat,Offer,999,control,kleinwagen,2004,manuell,60,fiesta,150000,Mar,Gasoline,ford,No,2016-03-11 00:00:00,55756,2016-03-11 14:38:56,2016,2016,March,March,12,9
2016-03-21 21:38:02,Ford_Fiesta_1_3___Getriebeschaden__,privat,Offer,100,control,kleinwagen,1996,manuell,75,fiesta,150000,Oct,Gasoline,ford,Yes,2016-03-21 00:00:00,34125,2016-04-07 01:17:21,2016,2016,March,March,20,2
2016-03-11 14:54:32,Ford_Fiesta_1.3_Fun_X_1._Hand_Klima_Unfallfrei,privat,Offer,3500,control,kleinwagen,2007,manuell,69,fiesta,125000,Aug,Gasoline,ford,No,2016-03-11 00:00:00,50737,2016-03-11 15:43:00,2016,2016,March,March,9,4
2016-03-21 14:37:22,Ford_Fiesta_1.4_1._Hand_/_Klima_/_Tuev,privat,Offer,3790,control,kleinwagen,2006,manuell,80,fiesta,50000,Jun,Gasoline,ford,No,2016-03-21 00:00:00,52428,2016-04-06 11:15:36,2016,2016,March,March,10,6
2016-03-17 13:59:13,Ford_Fiesta,privat,Offer,350,control,kleinwagen,1997,manuell,70,fiesta,125000,Dec,Gasoline,ford,No,2016-03-17 00:00:00,10707,2016-03-21 19:16:17,2016,2016,March,March,19,0
2016-04-05 09:55:17,Ford_Ka_Alufelgen_GanzjahresreifenAuspuff_TÜV/AU_Neu,privat,Offer,1000,control,kleinwagen,2001,manuell,60,ka,60000,Sep,Gasoline,ford,No,2016-04-05 00:00:00,27356,2016-04-07 13:16:19,2016,2016,April,April,15,3
2016-03-16 11:41:38,FORD_FOCUS_TDCi_GHIA_MOTOR_SCHADEN_BJ_2002,privat,Offer,250,test,kleinwagen,2002,manuell,116,focus,150000,Apr,Diesel,ford,Yes,2016-03-16 00:00:00,59427,2016-03-16 11:41:38,2016,2016,March,March,14,8
2016-03-11 13:37:21,Ford_Ka_Bj.04/2008_TÜV_bis_05/2017,privat,Offer,1899,test,kleinwagen,2008,manuell,69,ka,60000,Apr,Gasoline,ford,Other,2016-03-11 00:00:00,1129,2016-03-17 20:17:06,2016,2016,March,March,8,8
2016-03-17 20:48:00,Gut_gepflegter_Ford_Fiesta_mit_Frontscheiben_Heizung,privat,Offer,2500,control,kleinwagen,2004,manuell,69,fiesta,100000,Jan,Gasoline,ford,Other,2016-03-16 00:00:00,76764,2016-03-26 17:41:56,2016,2016,March,March,12,11
2016-03-30 15:49:53,Ford_Fiesta_1_3_Klima_60_PS_TÜV_abgelaufen_2´16,privat,Offer,300,test,kleinwagen,1998,manuell,60,fiesta,150000,Mar,Gasoline,ford,Yes,2016-03-30 00:00:00,58638,2016-03-30 15:49:53,2016,2016,March,March,18,9
2016-03-11 18:59:10,Ford_Fiesta_Futura_Bj_2001_Euro_4_Klima_Airbag_Tuev_Neu_02.2018,privat,Offer,1300,test,kleinwagen,2001,manuell,60,fiesta,150000,Jan,Gasoline,ford,No,2016-03-11 00:00:00,49497,2016-04-06 00:16:45,2016,2016,March,March,15,11
2016-04-02 09:51:55,Ford_fiesta,privat,Offer,250,control,kleinwagen,2000,manuell,50,Other,150000,Jan,,ford,No,2016-04-02 00:00:00,56598,2016-04-04 07:17:40,2016,2016,April,April,16,11
2016-04-03 11:54:37,Ford_Fiesta_mit_TÜV._Top_Auto_!!,privat,Offer,750,control,kleinwagen,1999,manuell,75,fiesta,150000,Oct,Gasoline,ford,No,2016-04-03 00:00:00,32756,2016-04-05 10:18:09,2016,2016,April,April,17,2
2016-03-16 17:44:25,Ford_Galaxy_gepflegter_Zustand,privat,Offer,0,control,kleinwagen,1997,manuell,85,galaxy,150000,Jan,Gasoline,ford,Yes,2016-03-16 00:00:00,89129,2016-03-28 17:45:49,2016,2016,March,March,19,11
2016-03-17 19:46:33,Ford_Fusion_1.25_Ambiente_mit_Klima_Schiebedach,privat,Offer,2490,control,kleinwagen,2006,manuell,75,fusion,125000,May,Gasoline,ford,No,2016-03-17 00:00:00,46147,2016-03-20 22:16:38,2016,2016,March,March,10,7
2016-03-14 18:25:25,Ford_KA_98___ohne_TÜV,privat,Offer,300,control,kleinwagen,1998,manuell,0,ka,125000,Jan,Gasoline,ford,Other,2016-03-14 00:00:00,57648,2016-04-06 09:17:48,2016,2016,March,March,18,11
2016-03-21 18:55:14,Ford_Fiesta_1.3_Ambiente,privat,Offer,1950,test,kleinwagen,2004,manuell,60,fiesta,150000,Dec,Gasoline,ford,No,2016-03-21 00:00:00,78050,2016-03-25 16:48:03,2016,2016,March,March,12,0
2016-03-21 00:48:42,Verkaufsanzeige:,privat,Offer,250,test,kleinwagen,1999,manuell,60,fiesta,150000,Jan,Gasoline,ford,No,2016-03-20 00:00:00,86473,2016-04-05 12:45:36,2016,2016,March,March,17,11
2016-03-08 12:57:12,Ford_Fiesta_2006_1.4_1_5_Jahre_TÜV,privat,Offer,1800,test,kleinwagen,2006,Unspecified,0,fiesta,150000,Jan,Gasoline,ford,Yes,2016-03-08 00:00:00,66117,2016-04-05 16:44:37,2016,2016,March,March,10,11
2016-04-02 22:53:43,Ford_fiesta,privat,Offer,2900,test,kleinwagen,2005,manuell,70,fiesta,125000,Aug,Gasoline,ford,No,2016-04-02 00:00:00,21720,2016-04-07 00:46:23,2016,2016,April,April,11,4
2016-03-11 18:53:02,Ford_Fiesta_1.3_Gebrauchtwagen,privat,Offer,2900,test,kleinwagen,2002,manuell,69,fiesta,80000,Jul,Gasoline,ford,No,2016-03-11 00:00:00,88048,2016-03-15 11:45:40,2016,2016,March,March,14,5
2016-03-09 08:56:07,Ford_Fiesta,privat,Offer,400,test,kleinwagen,2001,manuell,0,fiesta,150000,Jan,Gasoline,ford,No,2016-03-09 00:00:00,37124,2016-03-10 02:46:01,2016,2016,March,March,15,11
2016-03-29 00:56:38,Ford_KA___Bilder_folgen__,privat,Offer,999,test,kleinwagen,2003,manuell,60,ka,90000,Apr,,ford,No,2016-03-29 00:00:00,87493,2016-04-05 14:47:36,2016,2016,March,March,13,8
2016-03-11 18:48:06,Ford_Fiesta_1.6_Diesel,privat,Offer,1000,test,kleinwagen,1985,manuell,54,fiesta,80000,Dec,Diesel,ford,Other,2016-03-11 00:00:00,53894,2016-03-20 04:18:26,2016,2016,March,March,31,0
2016-03-07 13:45:25,Stadtflitzer_zum_best_Preis._Unfallfahrzeug!,privat,Offer,650,control,kleinwagen,2001,manuell,0,ka,20000,Sep,Gasoline,ford,Yes,2016-03-07 00:00:00,22115,2016-03-20 10:15:36,2016,2016,March,March,15,3
2016-03-28 08:36:19,Ford_focus_TÜV11_17_,privat,Offer,900,test,kleinwagen,1999,manuell,75,focus,150000,Aug,Gasoline,ford,No,2016-03-28 00:00:00,31275,2016-03-30 00:18:24,2016,2016,March,March,17,4
2016-03-21 15:59:56,"Ford_Fiesta_1.25_""_60PS_""_KLIMA_""_5_TÜRIG",privat,Offer,4500,control,kleinwagen,2009,manuell,60,fiesta,125000,Sep,Gasoline,ford,No,2016-03-21 00:00:00,73240,2016-04-02 16:45:16,2016,2016,March,March,7,3
2016-04-02 20:54:47,Ford_Fiesta_1.3_Ambiente,privat,Offer,2000,test,kleinwagen,2002,manuell,75,fiesta,100000,Jan,Gasoline,ford,Other,2016-04-02 00:00:00,63594,2016-04-02 20:54:47,2016,2016,April,April,14,11
2016-03-11 16:53:34,Ford_Fiesta_1.25_Titanium,privat,Offer,5390,test,kleinwagen,2009,manuell,82,fiesta,125000,May,Gasoline,ford,No,2016-03-11 00:00:00,56659,2016-03-12 06:46:27,2016,2016,March,March,7,7
2016-03-19 14:49:49,Ford_Ka_Fun_X,privat,Offer,1399,test,kleinwagen,2007,manuell,69,ka,60000,Jun,Gasoline,ford,Yes,2016-03-19 00:00:00,91607,2016-03-19 14:49:49,2016,2016,March,March,9,6
2016-03-19 15:48:48,Ford_Fiesta_MK4,privat,Offer,300,control,kleinwagen,1998,manuell,0,Other,90000,Jan,Gasoline,ford,Other,2016-03-19 00:00:00,42399,2016-03-23 02:17:16,2016,2016,March,March,18,11
2016-03-13 21:43:23,ford_KA_met_tuv_bis_2018,privat,Offer,1500,test,kleinwagen,2005,manuell,55,ka,125000,Aug,Gasoline,ford,No,2016-03-13 00:00:00,52249,2016-03-19 13:45:10,2016,2016,March,March,11,4
2016-03-25 21:53:39,Ford_KA_mit_TÜV_bis_05.2017_und_Klima,privat,Offer,350,test,kleinwagen,1997,manuell,60,ka,150000,Mar,Gasoline,ford,No,2016-03-25 00:00:00,31582,2016-03-29 00:46:02,2016,2016,March,March,19,9
2016-03-29 10:58:50,Ford_ka_60_ps,privat,Offer,850,control,kleinwagen,2004,manuell,60,ka,90000,Jan,,ford,Other,2016-03-29 00:00:00,47226,2016-03-29 10:58:50,2016,2016,March,March,12,11
2016-03-21 13:39:13,Ford_Ka_1.2_Titanium,privat,Offer,4900,test,kleinwagen,2009,manuell,69,ka,60000,Sep,Gasoline,ford,No,2016-03-21 00:00:00,66333,2016-04-05 19:18:34,2016,2016,March,March,7,3
2016-03-07 11:55:48,Ford_Fiesta_1.4_TDCI_Trend_Fronscheibenheizung,privat,Offer,1500,test,kleinwagen,2006,manuell,68,fiesta,150000,Mar,Diesel,ford,Yes,2016-03-07 00:00:00,92699,2016-03-18 00:16:09,2016,2016,March,March,10,9
2016-03-31 00:46:21,Ford_Focus_MK1_1.4,privat,Offer,1649,control,kleinwagen,2000,manuell,75,focus,150000,Jan,Gasoline,ford,Other,2016-03-30 00:00:00,6628,2016-04-05 23:17:32,2016,2016,March,March,16,11
2016-03-15 19:45:07,Ford_ka_mit_rest_tuev,privat,Offer,499,control,kleinwagen,2001,manuell,0,ka,100000,Jan,Gasoline,ford,Other,2016-03-15 00:00:00,47166,2016-03-17 15:45:24,2016,2016,March,March,15,11
2016-03-23 15:57:32,gelber_Ford_Fiesta__original_122tkm,privat,Offer,650,test,kleinwagen,1997,manuell,50,Other,125000,Jan,Lpg,ford,No,2016-03-23 00:00:00,33649,2016-04-05 20:16:19,2016,2016,March,March,19,11
2016-03-25 14:45:22,Ford_Fiesta_Bj_2004_Tuev_neu_3/2018,privat,Offer,1850,control,kleinwagen,2004,manuell,60,fiesta,125000,Jan,Gasoline,ford,No,2016-03-25 00:00:00,37197,2016-03-31 22:17:06,2016,2016,March,March,12,11
2016-03-18 20:43:23,Ford_Fiesta_Sport_Silbergrau,privat,Offer,550,test,kleinwagen,2000,manuell,0,fiesta,150000,Jan,Gasoline,ford,Other,2016-03-18 00:00:00,89584,2016-03-20 13:54:15,2016,2016,March,March,16,11
2016-03-30 08:53:47,Ford_Ka_1.3_mit_frischem_TÜV_und_Faltdach,privat,Offer,1350,control,kleinwagen,2000,manuell,0,ka,80000,Jul,Gasoline,ford,No,2016-03-30 00:00:00,58239,2016-04-07 01:15:22,2016,2016,March,March,16,5
2016-03-24 22:44:25,Ford_Ka__1_3_l,privat,Offer,400,control,kleinwagen,2001,manuell,60,ka,150000,Sep,,ford,Other,2016-03-24 00:00:00,46562,2016-03-31 01:16:25,2016,2016,March,March,15,3
2016-04-04 19:40:54,Verkaufe_Ford_fiesta,privat,Offer,200,test,kleinwagen,1998,manuell,0,fiesta,150000,Feb,Gasoline,ford,Other,2016-04-04 00:00:00,89343,2016-04-04 19:40:54,2016,2016,April,April,18,10
2016-03-28 08:56:43,Ford_Ka_k2_Snow_Edition_mit_TUV._Neu_!,privat,Offer,850,test,kleinwagen,1999,manuell,60,ka,125000,Mar,,ford,No,2016-03-28 00:00:00,41061,2016-03-29 23:17:36,2016,2016,March,March,17,9
2016-03-13 00:59:31,Klima/Elektr._Fenst./Servo,privat,Offer,285,control,kleinwagen,1996,manuell,60,ka,150000,Nov,Gasoline,ford,Other,2016-03-12 00:00:00,45699,2016-03-13 06:47:34,2016,2016,March,March,20,1
2016-03-29 15:45:25,TOP_GEPFLEGTER_FORD_FIESTA_KLIMA_Mit_5_Tueren,privat,Offer,2650,control,kleinwagen,2006,manuell,80,fiesta,150000,Feb,Gasoline,ford,No,2016-03-29 00:00:00,50769,2016-04-07 12:15:56,2016,2016,March,March,10,10
2016-03-15 10:49:40,Ford_Fiesta_TÜV_NEU_02.2018_Allwetterreifen_5_tuerer,privat,Offer,999,control,kleinwagen,1997,manuell,50,fiesta,100000,Dec,Gasoline,ford,No,2016-03-15 00:00:00,52525,2016-03-26 09:44:25,2016,2016,March,March,19,0
2016-03-07 20:36:25,Ford_Fiesta_mit_4_Monaten_Tuev,privat,Offer,400,test,kleinwagen,1996,manuell,60,fiesta,125000,Dec,,ford,Yes,2016-03-07 00:00:00,9456,2016-03-12 20:18:30,2016,2016,March,March,20,0
2016-04-03 18:40:28,Gutes_Auto_mit_nur_80tsd_Kilometern,privat,Offer,777,control,kleinwagen,1997,manuell,60,fiesta,80000,May,Gasoline,ford,No,2016-04-03 00:00:00,55543,2016-04-03 18:40:28,2016,2016,April,April,19,7
2016-03-28 15:49:53,Ford_Fiesta_1.3_Style,privat,Offer,4500,control,kleinwagen,2008,manuell,60,fiesta,60000,Feb,Gasoline,ford,No,2016-03-28 00:00:00,81739,2016-04-06 20:46:21,2016,2016,March,March,8,10
2016-03-24 07:25:24,Ford_Fiesta,privat,Offer,999,test,kleinwagen,2002,manuell,75,fiesta,150000,Apr,Gasoline,ford,No,2016-03-24 00:00:00,60488,2016-03-25 23:12:03,2016,2016,March,March,14,8
2016-03-17 15:37:28,Ford_Fiesta_1.3_Ambiente,privat,Offer,2800,test,kleinwagen,2006,manuell,60,fiesta,125000,Aug,Gasoline,ford,No,2016-03-17 00:00:00,50259,2016-03-30 08:17:48,2016,2016,March,March,10,4
2016-03-15 08:54:27,Guenstiges_Fahrzeug__Automatik_,privat,Offer,500,test,kleinwagen,1992,automatik,0,fiesta,150000,Jan,Gasoline,ford,Other,2016-03-15 00:00:00,42107,2016-04-05 16:15:30,2016,2016,March,March,24,11
2016-03-31 21:59:11,Ford_ka_zu_verkaufen,privat,Offer,250,test,kleinwagen,1998,Unspecified,60,ka,100000,Aug,Gasoline,ford,Other,2016-03-31 00:00:00,49504,2016-04-04 16:15:33,2016,2016,March,March,18,4
2016-03-26 14:44:48,Fiesta_Trend___1.6_i__original_89500_KM;_Scheckheftgepflegt,privat,Offer,3600,control,kleinwagen,2003,manuell,100,fiesta,100000,Sep,Gasoline,ford,No,2016-03-26 00:00:00,65719,2016-04-06 13:16:28,2016,2016,March,March,13,3
2016-03-15 20:39:30,Ford_Fiesta_1.3,privat,Offer,700,test,kleinwagen,2004,manuell,0,fiesta,150000,Jun,Gasoline,ford,Yes,2016-03-15 00:00:00,51107,2016-03-21 21:48:25,2016,2016,March,March,12,6
2016-03-30 16:56:08,Verkaufe_Ford_KA,privat,Offer,350,test,kleinwagen,1998,manuell,0,ka,150000,Apr,Gasoline,ford,Other,2016-03-30 00:00:00,12627,2016-03-30 16:56:08,2016,2016,March,March,18,8
2016-03-10 12:39:23,Ford_Focus_zum_ausschlachten,privat,Offer,350,test,kleinwagen,1999,manuell,75,focus,150000,Jan,Gasoline,ford,Yes,2016-03-10 00:00:00,31634,2016-03-19 18:16:03,2016,2016,March,March,17,11
2016-03-17 11:55:33,Ford_Ka_2_Jahre_TÜV_technisch_gut,privat,Offer,999,control,kleinwagen,1998,manuell,60,ka,150000,Nov,Gasoline,ford,No,2016-03-17 00:00:00,51491,2016-03-24 05:16:51,2016,2016,March,March,18,1
2016-03-30 10:47:00,Ford_KA__Klima__Sportfahrwerk__Aluraeder__Winterraeder_Baujahr_2002,privat,Offer,285,test,kleinwagen,2002,manuell,60,ka,125000,Nov,Gasoline,ford,No,2016-03-30 00:00:00,63505,2016-03-30 10:47:00,2016,2016,March,March,14,1
2016-03-27 13:39:12,Ford_Fiesta_mit_TÜV_April_2017,privat,Offer,490,test,kleinwagen,2000,manuell,60,fiesta,70000,Apr,Gasoline,ford,Other,2016-03-27 00:00:00,4155,2016-03-29 02:16:02,2016,2016,March,March,16,8
2016-03-10 15:57:12,FORD_FIESTA,privat,Offer,2100,test,kleinwagen,2005,manuell,60,Other,80000,Jan,Gasoline,ford,No,2016-03-10 00:00:00,89312,2016-04-05 13:17:20,2016,2016,March,March,11,11
2016-03-05 20:53:08,Ford_Ka_Capri,privat,Offer,500,control,kleinwagen,2001,manuell,60,ka,60000,Feb,Gasoline,ford,No,2016-03-05 00:00:00,49610,2016-03-08 17:48:49,2016,2016,March,March,15,10
2016-03-08 12:36:58,Lufthansa_Edition_Leder,privat,Offer,99,test,kleinwagen,1997,manuell,60,ka,150000,Oct,Gasoline,ford,Yes,2016-03-08 00:00:00,88690,2016-04-05 16:44:43,2016,2016,March,March,19,2
2016-03-15 22:36:20,Ford_Fiesta_Klima_zv_el_fensterheber,privat,Offer,1299,control,kleinwagen,2001,manuell,0,fiesta,125000,Dec,Gasoline,ford,Other,2016-03-15 00:00:00,24109,2016-03-26 02:16:02,2016,2016,March,March,15,0
2016-03-26 21:36:56,Ford_Fiesta_MK1_X_Motorsport_Gruppe_N,privat,Offer,4990,control,kleinwagen,1977,manuell,95,fiesta,20000,Dec,Gasoline,ford,No,2016-03-26 00:00:00,52525,2016-03-28 12:46:51,2016,2016,March,March,39,0
2016-03-16 23:57:11,Ford_Fiesta_1.3_Ambiente,privat,Offer,2400,test,kleinwagen,2007,manuell,75,fiesta,125000,Apr,Gasoline,ford,No,2016-03-16 00:00:00,90439,2016-04-06 01:50:02,2016,2016,March,March,9,8
2016-03-08 09:38:11,Gepflegter_Ford_Ka,privat,Offer,550,control,kleinwagen,2005,Unspecified,60,ka,100000,Aug,Gasoline,ford,No,2016-03-08 00:00:00,96279,2016-03-08 09:38:11,2016,2016,March,March,11,4
2016-03-27 18:53:07,biete_ford_ka_tech_und_optisch_ok.650handy_015775147637,privat,Offer,650,control,kleinwagen,1999,manuell,60,ka,150000,Nov,Gasoline,ford,No,2016-03-27 00:00:00,30539,2016-03-31 01:15:58,2016,2016,March,March,17,1
2016-03-21 20:51:36,Ford_Fiesta_Ideales_Anfaengerauto,privat,Offer,700,control,kleinwagen,1997,manuell,75,fiesta,90000,Oct,Gasoline,ford,No,2016-03-21 00:00:00,48249,2016-03-24 10:45:26,2016,2016,March,March,19,2
2016-03-16 11:58:31,Ford_Puma_Tuev_bis_6/16_125_PS_fahrbereit,privat,Offer,399,test,kleinwagen,1998,manuell,125,andere,150000,Dec,Gasoline,ford,Other,2016-03-16 00:00:00,52068,2016-03-20 10:44:56,2016,2016,March,March,18,0
2016-03-21 20:40:13,___Ford_Ka___,privat,Offer,199,control,kleinwagen,1999,manuell,0,ka,150000,Mar,Gasoline,ford,Other,2016-03-21 00:00:00,67304,2016-04-06 23:45:44,2016,2016,March,March,17,9
2016-03-19 20:37:01,Ford_fiesta,privat,Offer,50,control,kleinwagen,1994,manuell,0,fiesta,150000,Jul,,ford,Yes,2016-03-19 00:00:00,15345,2016-03-24 17:44:33,2016,2016,March,March,22,5
2016-03-07 05:36:55,Ford_Fiesta_1_3__Benziner_festpreis,privat,Offer,229,test,kleinwagen,1997,manuell,60,fiesta,150000,Feb,Gasoline,ford,Yes,2016-03-07 00:00:00,59065,2016-03-08 12:17:53,2016,2016,March,March,19,10
2016-03-07 14:53:40,Ford_KA_Bastlerfahrzeug,privat,Offer,350,control,kleinwagen,1998,manuell,0,ka,150000,Jan,Gasoline,ford,Other,2016-03-07 00:00:00,47198,2016-03-08 06:17:45,2016,2016,March,March,18,11
2016-03-06 13:26:17,Ford_Ka_Mustang_Edition_TÜV_Neu_Klimaanlage,privat,Offer,1690,control,kleinwagen,2000,manuell,60,ka,100000,Apr,Gasoline,ford,No,2016-03-06 00:00:00,65606,2016-03-28 09:44:44,2016,2016,March,March,16,8
2016-03-30 21:39:33,Ford__fiesta1.3,privat,Offer,1750,test,kleinwagen,2007,manuell,0,fiesta,150000,Apr,,ford,No,2016-03-30 00:00:00,95111,2016-04-05 11:45:40,2016,2016,March,March,9,8
2016-03-20 15:51:10,Ford_Ka_TÜV_11/2017._SEVRO_KLIMA_ABS_Elektr.,privat,Offer,1200,control,kleinwagen,2000,manuell,60,ka,90000,Nov,,ford,Other,2016-03-20 00:00:00,40225,2016-03-27 03:45:27,2016,2016,March,March,16,1
2016-04-02 18:53:21,Fiesta_fast_neuer_TÜV_ohne_Rost_und_Loecher_sauber__ehrlich,privat,Offer,990,control,kleinwagen,1997,manuell,50,fiesta,90000,Jun,Gasoline,ford,No,2016-04-02 00:00:00,12309,2016-04-02 19:41:06,2016,2016,April,April,19,6
2016-03-21 18:55:54,Auto_zu_verkaufen_Festpreis_!,privat,Offer,200,test,kleinwagen,1998,Unspecified,0,ka,150000,Dec,Gasoline,ford,Other,2016-03-21 00:00:00,45663,2016-03-23 00:15:56,2016,2016,March,March,18,0
2016-03-27 03:02:00,Ford_Fiesta_2.0_ST,privat,Offer,4200,test,kleinwagen,2005,manuell,150,fiesta,150000,Jul,Gasoline,ford,No,2016-03-27 00:00:00,79848,2016-04-07 05:17:17,2016,2016,March,March,11,5
2016-03-08 17:41:20,Ford_Fiesta,privat,Offer,950,control,kleinwagen,2001,manuell,69,fiesta,150000,Mar,Gasoline,ford,Other,2016-03-08 00:00:00,66424,2016-03-10 12:46:47,2016,2016,March,March,15,9
2016-03-19 21:36:42,Ford_Fiesta_60_PS__normale_Ausstattung_TÜV_02/2016_abgelaufen,privat,Offer,150,control,kleinwagen,2002,manuell,60,fiesta,150000,Feb,Gasoline,ford,No,2016-03-19 00:00:00,6721,2016-04-05 13:18:57,2016,2016,March,March,14,10
2016-03-30 22:53:29,Ford_Fiesta_1.25,privat,Offer,4750,control,kleinwagen,2012,manuell,60,fiesta,150000,Mar,Gasoline,ford,No,2016-03-30 00:00:00,60529,2016-04-05 14:47:27,2016,2016,March,March,4,9
2016-03-14 02:42:31,Ford_Fiesta,privat,Offer,1290,test,kleinwagen,2005,manuell,60,fiesta,150000,May,Gasoline,ford,No,2016-03-13 00:00:00,89522,2016-03-20 17:48:02,2016,2016,March,March,11,7
2016-03-11 14:54:51,Ford_Fiesta_1.3_l_Servo_HU/AU_1/17__gepflegter_Zustand_,privat,Offer,690,control,kleinwagen,1998,manuell,50,fiesta,150000,Dec,Gasoline,ford,No,2016-03-11 00:00:00,26802,2016-03-21 12:47:43,2016,2016,March,March,18,0
2016-03-19 14:56:06,Ford_Fiesta_mit_Klimmanlage_Diesel,privat,Offer,1490,test,kleinwagen,2003,manuell,0,fiesta,150000,Apr,Diesel,ford,Other,2016-03-19 00:00:00,41812,2016-03-19 14:56:06,2016,2016,March,March,13,8
2016-03-09 17:59:05,Ford_Ka_1.2_Start_Stopp_System_Trend,privat,Offer,4650,test,kleinwagen,2013,manuell,69,ka,20000,May,Gasoline,ford,No,2016-03-09 00:00:00,75181,2016-03-10 14:16:37,2016,2016,March,March,3,7
2016-04-01 09:54:46,Ford_KA_zum_Aufbereiten_oder_Teilespender,privat,Offer,500,test,kleinwagen,2007,manuell,60,ka,100000,Jan,Gasoline,ford,Yes,2016-04-01 00:00:00,41541,2016-04-01 09:54:46,2016,2016,April,April,9,11
2016-03-07 00:53:09,Ford_Fiesta_1.6_Trend_65000km_TÜV_NEU,privat,Offer,2800,test,kleinwagen,2003,manuell,101,fiesta,70000,Jan,Gasoline,ford,No,2016-03-06 00:00:00,45355,2016-03-08 00:16:25,2016,2016,March,March,13,11
2016-03-10 23:53:48,Ford_Fiesta_Jas__Klima_Schiebedach__TÜV_IST_neu_bis_3/3/2018_D4,privat,Offer,1650,test,kleinwagen,2002,manuell,60,fiesta,150000,Jul,Gasoline,ford,No,2016-03-10 00:00:00,10969,2016-03-22 15:16:48,2016,2016,March,March,14,5
2016-03-21 10:48:32,Ford_Fiesta_1.4_Ghia_Klimaanlage,privat,Offer,2100,test,kleinwagen,2003,manuell,80,fiesta,150000,Jun,,ford,No,2016-03-21 00:00:00,47441,2016-04-06 04:16:00,2016,2016,March,March,13,6
2016-03-06 18:06:18,Ford_Fiesta_1.3_Ambiente,privat,Offer,1799,control,kleinwagen,2003,manuell,60,fiesta,150000,Apr,Gasoline,ford,No,2016-03-06 00:00:00,63263,2016-03-13 03:44:23,2016,2016,March,March,13,8
2016-03-24 13:37:00,Ford_Fiesta_Bj_2000,privat,Offer,0,control,kleinwagen,2000,manuell,60,fiesta,150000,Jul,Gasoline,ford,Yes,2016-03-24 00:00:00,87480,2016-04-01 09:45:27,2016,2016,March,March,16,5
2016-03-12 13:44:26,Ford_Fiesta_1.4_TDCI_Durashift_EST_Connection,privat,Offer,4200,control,kleinwagen,2007,automatik,68,fiesta,150000,Oct,Diesel,ford,No,2016-03-12 00:00:00,40789,2016-03-16 14:44:48,2016,2016,March,March,9,2
2016-03-07 07:36:17,Ford_ka_mit_Klima_abgemeldet_fuer_Ersatzteile_oder_Bastler,privat,Offer,50,test,kleinwagen,1997,manuell,0,ka,150000,Aug,,ford,Yes,2016-03-07 00:00:00,14476,2016-03-15 03:45:38,2016,2016,March,March,19,4
2016-03-25 17:44:23,Ford_Ka_K2_Snow_Edition_wenig_KM_Kupplung_neu,privat,Offer,700,test,kleinwagen,2000,manuell,60,ka,100000,Jan,Gasoline,ford,No,2016-03-25 00:00:00,52525,2016-04-04 20:17:34,2016,2016,March,March,16,11
2016-03-25 15:50:16,Ford_Ka,privat,Offer,800,test,kleinwagen,2005,manuell,60,ka,125000,Apr,Gasoline,ford,Yes,2016-03-25 00:00:00,22087,2016-04-06 19:47:40,2016,2016,March,March,11,8
2016-04-04 00:56:44,Ford_Fiesta__Tuev_bis_05/2017!_,privat,Offer,380,test,kleinwagen,1997,manuell,50,fiesta,150000,Dec,Gasoline,ford,No,2016-04-04 00:00:00,42799,2016-04-04 08:41:10,2016,2016,April,April,19,0
2016-03-11 17:59:49,Ford_Fiesta_Flair_1_3_TÜV_01/18,privat,Offer,650,control,kleinwagen,1997,manuell,0,fiesta,100000,Mar,Gasoline,ford,No,2016-03-11 00:00:00,19348,2016-03-12 08:16:00,2016,2016,March,March,19,9
2016-03-11 20:37:36,Ford_Ka_Ez_2005_Tuev_bis_03.2018,privat,Offer,1290,control,kleinwagen,2007,manuell,70,ka,100000,Jun,,ford,No,2016-03-11 00:00:00,33613,2016-03-21 10:16:30,2016,2016,March,March,9,6
2016-03-22 19:51:22,Ford_Fiesta_Style_Bj.98__violett_,privat,Offer,180,test,kleinwagen,1998,manuell,75,fiesta,150000,Nov,Gasoline,ford,Yes,2016-03-22 00:00:00,91719,2016-04-06 13:16:17,2016,2016,March,March,18,1
2016-04-02 19:54:55,Ford_Fiesta_1_3_l,privat,Offer,888,control,kleinwagen,1998,automatik,75,fiesta,100000,May,Gasoline,ford,No,2016-04-02 00:00:00,73329,2016-04-02 19:54:55,2016,2016,April,April,18,7
2016-03-23 10:49:22,FORD_KA_fool_Leder_450_Euro_V.B.,privat,Offer,350,control,kleinwagen,1998,manuell,60,ka,125000,Jan,Gasoline,ford,No,2016-03-23 00:00:00,86633,2016-04-03 10:23:53,2016,2016,March,March,18,11
2016-03-28 14:50:34,Kleiner_Sparsamer_wagen__2Hand__Erst_!!!,privat,Offer,149,test,kleinwagen,1991,manuell,54,fiesta,50000,Jul,Gasoline,ford,No,2016-03-28 00:00:00,30851,2016-04-06 19:16:24,2016,2016,March,March,25,5
2016-03-10 15:52:24,FORD_FIESTA_KLIMA_99500KM_5_TÜRER_TOP_ZUSTAND_!,privat,Offer,1100,test,kleinwagen,1999,manuell,60,fiesta,100000,Aug,Gasoline,ford,No,2016-03-10 00:00:00,73527,2016-03-20 17:46:37,2016,2016,March,March,17,4
2016-03-07 19:50:35,Ford_Fiesta_1.4_TDCI,privat,Offer,1750,control,kleinwagen,2006,manuell,68,fiesta,150000,Oct,Diesel,ford,No,2016-03-07 00:00:00,35606,2016-03-16 20:25:37,2016,2016,March,March,10,2
2016-03-15 10:42:50,Ford_Fiesta_Focus,privat,Offer,700,control,kleinwagen,1996,manuell,50,fiesta,60000,Aug,Gasoline,ford,No,2016-03-15 00:00:00,70437,2016-03-18 02:46:11,2016,2016,March,March,20,4
2016-03-12 13:57:07,Ford_fiesta_**1_HAND_**,privat,Offer,3250,control,kleinwagen,2006,manuell,69,fiesta,90000,Apr,Gasoline,ford,No,2016-03-12 00:00:00,49082,2016-03-17 15:46:11,2016,2016,March,March,10,8
2016-03-23 20:48:56,Ford_Fiesta,privat,Offer,420,test,kleinwagen,1998,manuell,60,fiesta,50000,Nov,Gasoline,ford,Yes,2016-03-23 00:00:00,16761,2016-03-23 20:48:56,2016,2016,March,March,18,1
2016-03-15 17:49:34,Ford_Ka_TÜV_04.2016,privat,Offer,190,control,kleinwagen,1997,manuell,50,Other,150000,Jan,Gasoline,ford,Other,2016-03-15 00:00:00,27638,2016-03-24 06:15:58,2016,2016,March,March,19,11
2016-03-15 17:51:34,Super_schoener_Kleinwagen,privat,Offer,750,control,kleinwagen,1998,manuell,62,fiesta,150000,Mar,Gasoline,ford,No,2016-03-15 00:00:00,6484,2016-03-19 12:45:41,2016,2016,March,March,18,9
2016-04-04 09:49:58,Ford_KA_mit_neu_TÜV_und_super_Ausstattung_so_wie_neuer_Kupplung.,privat,Offer,997,control,kleinwagen,2001,manuell,60,ka,150000,Apr,Gasoline,ford,No,2016-04-04 00:00:00,22417,2016-04-04 10:42:26,2016,2016,April,April,15,8
2016-03-06 11:25:42,Ford_Fiesta,privat,Offer,2900,test,kleinwagen,2006,manuell,60,fiesta,125000,Aug,Gasoline,ford,No,2016-03-06 00:00:00,65719,2016-03-24 16:46:17,2016,2016,March,March,10,4
2016-03-07 00:37:18,Ford_Fiesta_1.3,privat,Offer,2450,test,kleinwagen,2002,manuell,69,fiesta,125000,Jan,Gasoline,ford,No,2016-03-06 00:00:00,44801,2016-03-09 17:16:15,2016,2016,March,March,14,11
2016-03-08 17:56:29,Schoener_Ford_Fiesta,privat,Offer,800,control,kleinwagen,2002,manuell,60,fiesta,150000,Jan,Gasoline,ford,Other,2016-03-08 00:00:00,48336,2016-03-11 13:44:58,2016,2016,March,March,14,11
2016-04-03 17:25:20,FIESTA_GFJ__sehr_sparsamm,privat,Offer,222,test,kleinwagen,1995,manuell,52,fiesta,125000,Mar,Gasoline,ford,No,2016-04-03 00:00:00,57290,2016-04-07 01:16:18,2016,2016,April,April,21,9
2016-03-25 06:36:24,Ford_Ka_1_3L_D3_Norm__Klima__Servo_Angemeldet_Voll_Fahrbereit,privat,Offer,400,test,kleinwagen,1998,manuell,60,ka,150000,Sep,Gasoline,ford,No,2016-03-25 00:00:00,6844,2016-03-25 09:43:14,2016,2016,March,March,18,3
2016-03-28 11:58:39,Ford_Fiesta_Baujahr_99,privat,Offer,599,control,kleinwagen,1999,manuell,60,fiesta,150000,Jan,Gasoline,ford,No,2016-03-28 00:00:00,59755,2016-03-30 02:17:08,2016,2016,March,March,17,11
2016-03-29 22:53:36,Ford_Ka_10_Monate_tuev,privat,Offer,750,test,kleinwagen,1998,manuell,50,ka,80000,Mar,Gasoline,ford,No,2016-03-29 00:00:00,58511,2016-04-06 16:16:18,2016,2016,March,March,18,9
2016-03-27 18:46:07,Ford_Fiesta_Klima,privat,Offer,1999,control,kleinwagen,2003,manuell,69,fiesta,125000,Sep,Gasoline,ford,Other,2016-03-27 00:00:00,31789,2016-03-27 18:46:07,2016,2016,March,March,13,3
2016-03-15 13:50:58,Ford_KA___gepflegtes_Fahrzeug,privat,Offer,379,control,kleinwagen,1998,Unspecified,0,ka,150000,Jan,Gasoline,ford,No,2016-03-15 00:00:00,3130,2016-03-19 07:16:27,2016,2016,March,March,18,11
2016-03-28 13:42:38,Fiesta_TURBO_DIESEL_75PS,privat,Offer,299,test,kleinwagen,2001,manuell,75,fiesta,5000,Jan,,ford,No,2016-03-28 00:00:00,38228,2016-03-30 04:15:39,2016,2016,March,March,15,11
2016-03-25 13:43:55,Ford_Ka,privat,Offer,900,test,kleinwagen,2000,Unspecified,0,ka,125000,Dec,Gasoline,ford,No,2016-03-25 00:00:00,22955,2016-03-25 13:43:55,2016,2016,March,March,16,0
2016-03-14 17:52:35,Ford_Focus_1_6,privat,Offer,860,test,kleinwagen,2001,manuell,101,focus,150000,May,,ford,Yes,2016-03-14 00:00:00,99310,2016-03-16 08:45:16,2016,2016,March,March,15,7
2016-04-01 14:36:34,Ford_Fiesta_1_Jahr_TÜV_8_fach_bereift,privat,Offer,500,test,kleinwagen,1998,manuell,45,fiesta,125000,Jan,,ford,Other,2016-04-01 00:00:00,46485,2016-04-01 15:43:04,2016,2016,April,April,18,11
2016-04-04 15:50:28,Ford_sehr_schoener_sportlicher_Ford_Fiesta_1.3_mit_lpg,privat,Offer,2500,test,kleinwagen,2005,manuell,69,fiesta,150000,Mar,Gasoline,ford,No,2016-04-04 00:00:00,48527,2016-04-06 17:44:40,2016,2016,April,April,11,9
2016-03-10 14:46:04,Ford_Ka_Tuev_bis_2018,privat,Offer,1350,test,kleinwagen,2004,manuell,60,ka,125000,May,Gasoline,ford,No,2016-03-10 00:00:00,77767,2016-03-12 18:46:23,2016,2016,March,March,12,7
2016-03-23 12:55:54,Ford_Fiesta_Tuev_bis_07.2017...FAHRBEREIT,privat,Offer,500,control,kleinwagen,1994,manuell,60,fiesta,60000,Mar,,ford,Yes,2016-03-23 00:00:00,27637,2016-03-26 05:44:50,2016,2016,March,March,22,9
2016-03-19 15:57:04,Ford_Ka_Finesse_Bj.2003_116Tkm._HU/AU_03.2018,privat,Offer,1199,control,kleinwagen,2003,manuell,60,Other,125000,Mar,Gasoline,ford,No,2016-03-19 00:00:00,28790,2016-03-23 02:49:29,2016,2016,March,March,13,9
2016-03-14 15:52:17,Ford_Fiesta_1.4_Ghia,privat,Offer,1200,control,kleinwagen,2004,Unspecified,80,fiesta,50000,Feb,Gasoline,ford,No,2016-03-14 00:00:00,80997,2016-03-22 09:16:30,2016,2016,March,March,12,10
2016-03-25 22:55:29,Ford_Fiesta_Style_*TÜV_10.2017*,privat,Offer,800,control,kleinwagen,1998,manuell,75,fiesta,150000,Sep,Gasoline,ford,No,2016-03-25 00:00:00,29389,2016-04-05 16:44:19,2016,2016,March,March,18,3
2016-03-08 21:46:26,Ford_Fiesta_Kool__Tuev_1/2017_Klimaanlage_+elekt.Fensterheber,privat,Offer,750,control,kleinwagen,1999,manuell,60,fiesta,150000,Oct,Gasoline,ford,No,2016-03-08 00:00:00,70597,2016-03-09 13:45:26,2016,2016,March,March,17,2
2016-03-07 22:48:20,Ford_Focus_1.6_Super_Ausstattung_Rueckfahrkamera_Ghia_Klima_etc..,privat,Offer,1650,test,kleinwagen,2000,manuell,0,focus,150000,Apr,Gasoline,ford,No,2016-03-07 00:00:00,67063,2016-03-09 08:15:37,2016,2016,March,March,16,8
2016-03-25 10:52:27,Ford_Fusion_1.25_Ambiente_Zahnriemen_&_Inspektion_neu,privat,Offer,2600,test,kleinwagen,2006,manuell,75,fusion,150000,Mar,Gasoline,ford,No,2016-03-25 00:00:00,28777,2016-03-25 10:52:27,2016,2016,March,March,10,9
2016-03-15 22:51:23,KA_ohne_Maengeln_und_Rost!_Auf_Wunsch_neue_TÜV!,privat,Offer,1150,control,kleinwagen,1998,manuell,0,ka,100000,Jun,Gasoline,ford,Other,2016-03-15 00:00:00,79713,2016-04-07 11:45:28,2016,2016,March,March,18,6
2016-04-04 15:45:55,Ford_Fiesta,privat,Offer,590,test,kleinwagen,1999,manuell,75,fiesta,150000,Dec,Gasoline,ford,No,2016-04-04 00:00:00,27753,2016-04-04 15:45:55,2016,2016,April,April,17,0
2016-03-20 18:39:13,Ford_Fiesta_1.3,privat,Offer,3490,test,kleinwagen,2006,manuell,69,fiesta,125000,Feb,Gasoline,ford,No,2016-03-20 00:00:00,48145,2016-04-07 01:45:13,2016,2016,March,March,10,10
2016-03-26 17:59:00,FORD_Fiesta_Bj_94,privat,Offer,250,control,kleinwagen,1994,manuell,50,fiesta,100000,Jul,Gasoline,ford,No,2016-03-26 00:00:00,85293,2016-03-31 14:17:32,2016,2016,March,March,22,5
2016-04-01 15:55:08,Ford_Ka___K2_Snow_Edition,privat,Offer,800,test,kleinwagen,1999,manuell,60,ka,70000,May,Gasoline,ford,No,2016-04-01 00:00:00,47139,2016-04-01 15:55:08,2016,2016,April,April,17,7
2016-03-28 23:50:57,Ford_Ka_TÜV_bis_07/2017,privat,Offer,1199,test,kleinwagen,2002,manuell,60,ka,90000,Feb,Gasoline,ford,No,2016-03-28 00:00:00,92237,2016-04-05 14:16:29,2016,2016,March,March,14,10
2016-03-15 10:54:09,Motorgetriebe_o._k.,privat,Offer,199,control,kleinwagen,1997,manuell,50,fiesta,150000,Feb,Gasoline,ford,Other,2016-03-15 00:00:00,58119,2016-03-16 07:15:16,2016,2016,March,March,19,10
2016-03-22 09:47:22,Ford_Fiesta_1_3_Super_Zustand_viele_Rechnungen...Neuteile!,privat,Offer,2499,test,kleinwagen,2004,manuell,60,fiesta,150000,Jun,Gasoline,ford,No,2016-03-22 00:00:00,71739,2016-04-05 20:46:52,2016,2016,March,March,12,6
2016-03-22 16:48:05,Ford_fiesta.mit_tuv.alu,privat,Offer,699,test,kleinwagen,2000,manuell,0,fiesta,150000,Jul,,ford,Other,2016-03-22 00:00:00,50969,2016-03-28 07:15:52,2016,2016,March,March,16,5
2016-03-31 17:47:44,Ford_Ka_1.2_Trend_Topzustand!!!___Klima___TÜV_neu!!!,privat,Offer,3750,control,kleinwagen,2009,manuell,69,ka,50000,Sep,Gasoline,ford,No,2016-03-31 00:00:00,16928,2016-03-31 17:47:44,2016,2016,March,March,7,3
2016-03-29 21:55:39,Ford_Fiesta_1.3,privat,Offer,2100,test,kleinwagen,2003,manuell,69,fiesta,150000,Nov,Gasoline,ford,No,2016-03-29 00:00:00,21423,2016-04-06 08:45:37,2016,2016,March,March,13,1
2016-03-15 15:51:55,Ford_Fiesta_1.3_Style,privat,Offer,3650,control,kleinwagen,2007,Unspecified,0,fiesta,80000,Dec,Gasoline,ford,No,2016-03-15 00:00:00,75223,2016-04-06 08:16:06,2016,2016,March,March,9,0
2016-03-09 19:06:19,Ford_Ka__Unfallauto__zum_basteln,privat,Offer,450,test,kleinwagen,2004,manuell,0,ka,100000,Jan,Gasoline,ford,Yes,2016-03-09 00:00:00,60529,2016-03-17 06:15:15,2016,2016,March,March,12,11
2016-03-19 12:06:36,Ford_Fiesta_1.4_Ambiente,privat,Offer,1500,test,kleinwagen,2002,manuell,80,fiesta,150000,Nov,Gasoline,ford,Other,2016-03-19 00:00:00,56414,2016-04-07 01:17:02,2016,2016,March,March,14,1
2016-04-03 23:54:22,Ford_ka_160.000km_gelaufen,privat,Offer,180,control,kleinwagen,1998,manuell,60,ka,150000,Jan,Gasoline,ford,No,2016-04-03 00:00:00,27809,2016-04-06 08:16:24,2016,2016,April,April,18,11
2016-04-02 20:47:13,Ford_Fiesta_1.3,privat,Offer,3390,test,kleinwagen,2005,manuell,69,fiesta,150000,Nov,Gasoline,ford,No,2016-04-02 00:00:00,70794,2016-04-06 21:17:43,2016,2016,April,April,11,1
2016-03-07 16:57:26,Ford_Fiesta_1.3_Blues,privat,Offer,1699,control,kleinwagen,2006,manuell,69,fiesta,150000,Jan,Gasoline,ford,No,2016-03-07 00:00:00,31535,2016-03-11 06:46:38,2016,2016,March,March,10,11
2016-03-24 13:37:36,Ford_Ka,privat,Offer,1450,control,kleinwagen,2008,manuell,69,ka,100000,May,Gasoline,ford,No,2016-03-24 00:00:00,36088,2016-03-25 21:47:41,2016,2016,March,March,8,7
2016-03-29 11:53:51,***FORD_KA_MIT_ÜBER_1_JAHR_TÜV***,privat,Offer,699,test,kleinwagen,1997,manuell,0,ka,100000,Dec,,ford,No,2016-03-29 00:00:00,38644,2016-04-05 21:45:31,2016,2016,March,March,19,0
2016-04-04 07:54:57,Ford_Fiesta_cooler_Kleinwagen_top_in_Schuss,privat,Offer,180,test,kleinwagen,1995,manuell,50,Other,125000,Jan,Gasoline,ford,No,2016-04-04 00:00:00,6464,2016-04-04 09:43:27,2016,2016,April,April,21,11
2016-04-02 17:53:57,Ford_Fiesta_/_Klima_/_Zv_/_8_Fach_bereift,privat,Offer,550,control,kleinwagen,2001,manuell,75,fiesta,125000,Mar,Gasoline,ford,No,2016-04-02 00:00:00,8262,2016-04-06 17:17:57,2016,2016,April,April,15,9
2016-03-10 14:58:00,Ford_Fiesta_1.3_Fun,privat,Offer,2150,test,kleinwagen,2006,manuell,60,fiesta,150000,Feb,Gasoline,ford,No,2016-03-10 00:00:00,59439,2016-03-17 00:16:26,2016,2016,March,March,10,10
2016-03-28 00:54:57,Gut_erhaltener_ford,privat,Offer,0,control,kleinwagen,1998,manuell,55,fiesta,125000,Jan,Gasoline,ford,Yes,2016-03-28 00:00:00,26817,2016-04-04 09:45:25,2016,2016,March,March,18,11
2016-03-29 20:36:24,Ford_Ka_Bj._2002,privat,Offer,450,test,kleinwagen,2002,manuell,60,ka,80000,Sep,Gasoline,ford,Other,2016-03-29 00:00:00,26203,2016-04-06 06:45:20,2016,2016,March,March,14,3
2016-04-03 18:40:34,Ford_Fiesta_1.4_TDCI_Fun,privat,Offer,2900,control,kleinwagen,2006,Unspecified,68,fiesta,150000,Dec,Diesel,ford,No,2016-04-03 00:00:00,55232,2016-04-03 18:40:34,2016,2016,April,April,10,0
2016-03-29 18:46:03,Ford_Fiesta_2.0_ST,privat,Offer,3500,control,kleinwagen,2005,manuell,150,fiesta,150000,May,Gasoline,ford,No,2016-03-29 00:00:00,85229,2016-04-06 04:44:31,2016,2016,March,March,11,7
2016-03-22 08:50:43,Ford_Fiesta_Futura_75ps_77000km_anhaengerkuplung_abnehnmbar_klimaa,privat,Offer,999,control,kleinwagen,2000,manuell,75,fiesta,80000,Oct,Gasoline,ford,No,2016-03-22 00:00:00,13591,2016-03-26 09:16:05,2016,2016,March,March,16,2
2016-03-05 17:38:44,Ford_Ka_Bastlerfahrzeug,privat,Offer,200,test,kleinwagen,2000,manuell,60,ka,150000,Feb,Gasoline,ford,Other,2016-03-05 00:00:00,4158,2016-03-06 03:16:32,2016,2016,March,March,16,10
2016-04-03 21:39:58,Ford_Fiesta_1.25_Trend,privat,Offer,4400,test,kleinwagen,2009,manuell,82,fiesta,150000,Apr,Gasoline,ford,No,2016-04-03 00:00:00,85110,2016-04-05 22:18:31,2016,2016,April,April,7,8
2016-03-10 20:06:29,Ford_Ka_Euro_4,privat,Offer,1300,control,kleinwagen,2001,manuell,60,ka,90000,Jan,Gasoline,ford,No,2016-03-10 00:00:00,56070,2016-03-15 02:17:57,2016,2016,March,March,15,11
2016-03-22 20:47:44,Roter_Ford_Ka_zu_verkaufen!_Winterauto,privat,Offer,400,control,kleinwagen,1998,manuell,60,ka,150000,May,,ford,Other,2016-03-22 00:00:00,78609,2016-04-06 14:44:41,2016,2016,March,March,18,7
2016-03-17 11:36:19,Biete_Ford_KA_in_gutem_Zustand,privat,Offer,450,control,kleinwagen,1997,manuell,0,ka,90000,Jul,Gasoline,ford,No,2016-03-17 00:00:00,56589,2016-03-27 23:45:51,2016,2016,March,March,19,5
2016-03-23 14:36:20,Ford_ka_klima,privat,Offer,250,test,kleinwagen,2001,manuell,60,ka,150000,May,Gasoline,ford,No,2016-03-23 00:00:00,44575,2016-03-23 14:36:20,2016,2016,March,March,15,7
2016-03-23 18:59:25,Ford_Fiesta_Sport_1_6_TDCI,privat,Offer,3400,test,kleinwagen,2005,manuell,90,fiesta,150000,Jan,Diesel,ford,Other,2016-03-23 00:00:00,86529,2016-04-05 23:45:59,2016,2016,March,March,11,11
2016-03-12 02:01:20,Ford_Ka_1.3__TÜV_Neu_02.2018_Gruene_Plakette_Euro_4_Viele_Extras,privat,Offer,900,test,kleinwagen,2002,manuell,60,ka,150000,Jun,Gasoline,ford,No,2016-03-12 00:00:00,45326,2016-03-15 07:45:17,2016,2016,March,March,14,6
2016-03-28 17:55:02,Ford_Ka_Student,privat,Offer,800,test,kleinwagen,2006,manuell,60,ka,125000,Mar,Gasoline,ford,No,2016-03-28 00:00:00,95615,2016-04-06 23:46:07,2016,2016,March,March,10,9
2016-03-07 15:56:49,!!!!ACHTUNG_FORD_ESCORT_TÜV_NEU_!!!!!!,privat,Offer,1080,control,kleinwagen,1997,manuell,75,escort,150000,Jun,Gasoline,ford,No,2016-03-07 00:00:00,39130,2016-03-09 11:46:33,2016,2016,March,March,19,6
2016-03-05 19:50:44,An_bastler,privat,Offer,150,test,kleinwagen,1999,Unspecified,60,ka,150000,Mar,,ford,Other,2016-03-05 00:00:00,51381,2016-03-17 22:44:35,2016,2016,March,March,17,9
2016-03-25 15:58:06,Ford_Fiesta_Ghia,privat,Offer,1200,test,kleinwagen,2000,manuell,75,fiesta,150000,Jul,Gasoline,ford,No,2016-03-25 00:00:00,47169,2016-04-02 19:48:26,2016,2016,March,March,16,5
2016-03-09 12:48:18,Ford_Ka,privat,Offer,800,control,kleinwagen,2003,manuell,60,ka,150000,Feb,Gasoline,ford,No,2016-03-09 00:00:00,30989,2016-04-05 23:45:09,2016,2016,March,March,13,10
2016-03-11 21:47:41,Ford_Fiest_Bj_2001_mit_TÜV_und_klima,privat,Offer,650,test,kleinwagen,2001,manuell,0,fiesta,150000,May,Gasoline,ford,No,2016-03-11 00:00:00,37081,2016-03-22 17:18:37,2016,2016,March,March,15,7
2016-03-20 00:56:15,Ford_Fiesta_1.3_Style_Klima_Tuev_Juni_2017,privat,Offer,3199,control,kleinwagen,2008,manuell,69,fiesta,150000,Jan,Gasoline,ford,No,2016-03-20 00:00:00,12157,2016-04-06 03:15:19,2016,2016,March,March,8,11
2016-03-18 20:38:55,Ford_Fiesta_44KW_Anhaengerkupplung_SD_fuer_Bastler,privat,Offer,50,test,kleinwagen,2001,manuell,60,fiesta,150000,Mar,Gasoline,ford,Other,2016-03-18 00:00:00,88138,2016-03-22 11:16:54,2016,2016,March,March,15,9
2016-03-16 16:54:29,Ford_Fiesta,privat,Offer,350,control,kleinwagen,2001,manuell,60,fiesta,150000,Sep,Gasoline,ford,No,2016-03-16 00:00:00,94065,2016-04-06 21:46:56,2016,2016,March,March,15,3
2016-04-01 11:44:16,Ford_Fiesta__erster_Hand__Rentnerfahrzeug,privat,Offer,690,test,kleinwagen,1995,manuell,50,fiesta,125000,Jun,Gasoline,ford,No,2016-04-01 00:00:00,97340,2016-04-01 11:44:16,2016,2016,April,April,21,6
2016-03-29 14:38:36,Ford_Ka_1_3i_Klima__Euro4_Hat__Tuev_07/2017_Sv__Zv__ABS_8x_Bereift,privat,Offer,1300,test,kleinwagen,2006,manuell,72,ka,150000,Feb,Gasoline,ford,No,2016-03-29 00:00:00,4654,2016-04-05 23:46:58,2016,2016,March,March,10,10
2016-03-08 21:44:44,Ford_Fiesta_5Tuerer_Tuev/AU_neu_3/2018_EFH_/ZV_Funk,privat,Offer,1299,control,kleinwagen,2001,manuell,60,fiesta,150000,Jun,Gasoline,ford,No,2016-03-08 00:00:00,85622,2016-03-10 19:18:04,2016,2016,March,March,15,6
2016-03-19 16:57:12,Ford_Fiesta_1.4_TDCI,privat,Offer,2400,test,kleinwagen,2005,manuell,68,fiesta,150000,Jan,Diesel,ford,Other,2016-03-19 00:00:00,65614,2016-03-31 07:18:05,2016,2016,March,March,11,11
2016-03-27 15:50:36,Ford_Fiesta,privat,Offer,180,control,kleinwagen,1990,automatik,54,fiesta,90000,Nov,Gasoline,ford,No,2016-03-27 00:00:00,8606,2016-03-27 15:50:36,2016,2016,March,March,26,1
2016-03-06 14:52:28,Ford_Ka_Baujahr_2001_/_44Kw,privat,Offer,350,control,kleinwagen,2001,manuell,68,ka,150000,May,Gasoline,ford,Yes,2016-03-06 00:00:00,33034,2016-03-06 14:52:28,2016,2016,March,March,15,7
2016-03-12 18:55:56,Fort_Fiesta_1.6_mit_101_ps,privat,Offer,1450,test,kleinwagen,2004,manuell,101,fiesta,150000,May,Gasoline,ford,Other,2016-03-12 00:00:00,50827,2016-03-14 11:44:31,2016,2016,March,March,12,7
2016-03-22 11:57:49,Ford_Ka_dunkel_blau,privat,Offer,320,control,kleinwagen,2004,manuell,0,ka,5000,Jun,Gasoline,ford,Yes,2016-03-22 00:00:00,24109,2016-04-02 01:47:21,2016,2016,March,March,12,6
2016-04-02 12:49:25,Ford_Fiesta_MK2,privat,Offer,250,test,kleinwagen,1997,manuell,60,fiesta,125000,Jan,Gasoline,ford,Other,2016-04-02 00:00:00,45896,2016-04-04 10:16:14,2016,2016,April,April,19,11
2016-03-20 11:50:06,Ford_Ka_Bj._2009,privat,Offer,3200,test,kleinwagen,2009,manuell,69,ka,100000,Jun,,ford,No,2016-03-20 00:00:00,14774,2016-03-21 14:16:17,2016,2016,March,March,7,6
2016-03-14 17:57:48,Ford_KA__noch_zugelassen_wegen_Fahrzeugwechsel,privat,Offer,450,test,kleinwagen,2001,manuell,44,ka,125000,Jun,Gasoline,ford,Other,2016-03-14 00:00:00,45239,2016-03-15 13:15:29,2016,2016,March,March,15,6
2016-03-08 15:45:53,Ford_Fiesta_Baujahr_1999,privat,Offer,700,test,kleinwagen,1999,manuell,75,fiesta,150000,Jan,Gasoline,ford,No,2016-03-08 00:00:00,30453,2016-03-09 23:45:48,2016,2016,March,March,17,11
2016-04-05 12:36:18,Ford_Escort,privat,Offer,400,test,kleinwagen,1992,manuell,75,Other,90000,Feb,Gasoline,ford,Yes,2016-04-05 00:00:00,52078,2016-04-05 12:36:18,2016,2016,April,April,24,10
2016-04-04 10:46:19,Ford_Fiesta_Fun_Bj._94_gfj_auf_Euro2_umgeruestet,privat,Offer,190,control,kleinwagen,1994,manuell,60,fiesta,125000,Dec,,ford,Yes,2016-04-04 00:00:00,29389,2016-04-04 10:46:19,2016,2016,April,April,22,0
2016-04-03 20:37:15,Ford_Fiesta,privat,Offer,999,test,kleinwagen,1997,Unspecified,0,fiesta,60000,Sep,Gasoline,ford,No,2016-04-03 00:00:00,67269,2016-04-05 21:16:49,2016,2016,April,April,19,3
2016-03-12 17:36:23,Ford_Fiesta_1.6_TDCI_Sport,privat,Offer,4250,test,kleinwagen,2006,manuell,90,fiesta,150000,May,Diesel,ford,No,2016-03-12 00:00:00,26219,2016-03-26 01:17:54,2016,2016,March,March,10,7
2016-03-19 06:57:00,Optimales_Anfaenger_oder_StadtAuto/_guenstige_Steuer_85_im_Jahr,privat,Offer,449,control,kleinwagen,1996,manuell,50,andere,150000,Nov,Gasoline,ford,No,2016-03-19 00:00:00,42859,2016-03-20 09:48:20,2016,2016,March,March,20,1
2016-03-20 17:44:21,ANFÄNGER_Fahrzeug_klimaanlage.TÜV_neu..,privat,Offer,1000,test,kleinwagen,1998,Unspecified,0,ka,125000,Sep,Gasoline,ford,No,2016-03-20 00:00:00,40599,2016-04-06 23:46:52,2016,2016,March,March,18,3
2016-03-06 19:46:56,FORD_Fiesta,privat,Offer,250,control,kleinwagen,1998,Unspecified,0,Other,150000,Oct,,ford,Other,2016-03-06 00:00:00,44536,2016-03-08 04:45:07,2016,2016,March,March,18,2
2016-03-31 14:36:59,Ford_KA_1_3_mit_Alufelgen,privat,Offer,450,control,kleinwagen,2001,manuell,60,ka,80000,Dec,Gasoline,ford,No,2016-03-31 00:00:00,83607,2016-04-02 10:45:23,2016,2016,March,March,15,0
2016-03-12 15:53:30,Ford_Fiesta_1.4,privat,Offer,4300,control,kleinwagen,2008,manuell,80,fiesta,90000,Feb,Gasoline,ford,No,2016-03-12 00:00:00,90431,2016-04-03 03:16:39,2016,2016,March,March,8,10
2016-04-04 17:41:02,Ford_Fiesta_1.3,privat,Offer,1150,test,kleinwagen,2003,manuell,69,fiesta,150000,Nov,Gasoline,ford,No,2016-04-04 00:00:00,44628,2016-04-06 19:17:25,2016,2016,April,April,13,1
2016-03-12 09:58:26,FIESTA_TECHNISCH_GUT_TÜV_BIS_03_/2018_GANZ_NEU,privat,Offer,899,control,kleinwagen,1994,manuell,60,fiesta,150000,Jan,Gasoline,ford,Other,2016-03-12 00:00:00,56470,2016-04-06 17:16:38,2016,2016,March,March,22,11
2016-04-04 18:54:12,FAHRANFÄNGER_Auto__Ford_Fiesta_nit_NEU_Tuev,privat,Offer,750,test,kleinwagen,1998,manuell,75,fiesta,100000,Dec,Gasoline,ford,Yes,2016-04-04 00:00:00,86381,2016-04-06 21:16:16,2016,2016,April,April,18,0
2016-03-07 15:53:19,Verkaufe_Ford_Ka_3_Tuerer,privat,Offer,600,control,kleinwagen,1998,manuell,0,ka,125000,Jun,Gasoline,ford,No,2016-03-07 00:00:00,30916,2016-03-22 05:47:18,2016,2016,March,March,18,6
2016-04-03 12:41:47,FOD_KA_1.3L___**_TÜV_BIS_04/2018_**,privat,Offer,849,control,kleinwagen,1999,manuell,60,ka,50000,Oct,Gasoline,ford,No,2016-04-03 00:00:00,45355,2016-04-05 11:15:54,2016,2016,April,April,17,2
2016-03-31 12:56:15,Ford_Ka_neue_kupplung,privat,Offer,675,test,kleinwagen,2003,manuell,60,ka,150000,Sep,Gasoline,ford,Other,2016-03-31 00:00:00,53175,2016-04-06 05:46:50,2016,2016,March,March,13,3
2016-04-04 22:58:36,Ford_Ka,privat,Offer,599,test,kleinwagen,1997,manuell,50,ka,150000,Apr,Gasoline,ford,No,2016-04-04 00:00:00,30823,2016-04-07 03:17:08,2016,2016,April,April,19,8
2016-03-23 13:56:11,Fort_Ka_mit_TÜV_bis_06.2017,privat,Offer,200,test,kleinwagen,1997,Unspecified,45,ka,10000,Dec,Gasoline,ford,Other,2016-03-23 00:00:00,51645,2016-03-23 13:56:11,2016,2016,March,March,19,0
2016-03-21 13:57:45,Ford_Fiesta_1.3_Ambiente__Klima__Tuev_2017__Allwetter.,privat,Offer,3499,test,kleinwagen,2006,manuell,60,fiesta,100000,Oct,Gasoline,ford,No,2016-03-21 00:00:00,52428,2016-03-28 09:46:49,2016,2016,March,March,10,2
2016-03-09 14:50:38,Ford_Fiesta_1.4_Trend,privat,Offer,2190,test,kleinwagen,2002,manuell,80,fiesta,150000,Aug,Gasoline,ford,No,2016-03-09 00:00:00,30519,2016-03-09 14:50:38,2016,2016,March,March,14,4
2016-03-15 14:54:18,Ford_Ka_d2_callya_Edition_Leder_Klima_servo,privat,Offer,1200,control,kleinwagen,1999,manuell,60,ka,150000,Jul,Gasoline,ford,No,2016-03-15 00:00:00,49762,2016-04-06 06:45:47,2016,2016,March,March,17,5
2016-03-15 21:56:44,Ford_Fiesta_1.4_TDCI_Style,privat,Offer,5500,control,kleinwagen,2010,manuell,68,fiesta,80000,Feb,Diesel,ford,No,2016-03-15 00:00:00,54536,2016-03-19 19:46:33,2016,2016,March,March,6,10
2016-03-17 18:53:15,Ford_Fiesta_Tuev_bis_2017,privat,Offer,600,control,kleinwagen,2001,manuell,60,fiesta,125000,Jan,Gasoline,ford,No,2016-03-17 00:00:00,26532,2016-03-20 21:18:57,2016,2016,March,March,15,11
2016-03-08 12:52:02,Ford_Ka_76.400_km.__EZ_2004_mit_Lenkgetriebeschaden,privat,Offer,0,test,kleinwagen,2004,manuell,65,ka,80000,Dec,Gasoline,ford,Yes,2016-03-08 00:00:00,49716,2016-03-12 20:20:28,2016,2016,March,March,12,0
2016-03-24 13:46:46,Ford_Fiesta_Euro_4_Klimaanlage,privat,Offer,550,control,kleinwagen,2000,manuell,60,fiesta,125000,May,Gasoline,ford,Other,2016-03-24 00:00:00,78224,2016-03-25 22:18:53,2016,2016,March,March,16,7
2016-03-30 16:52:49,Ford_Fiesta___perfektes_Stadt__oder_Anfaengerauto,privat,Offer,4250,test,kleinwagen,2007,manuell,69,fiesta,50000,May,Gasoline,ford,No,2016-03-30 00:00:00,21614,2016-04-07 08:16:44,2016,2016,March,March,9,7
2016-03-14 00:42:57,Ford_Ka_Futura,privat,Offer,800,control,kleinwagen,2003,manuell,69,ka,150000,Sep,Gasoline,ford,No,2016-03-13 00:00:00,30159,2016-03-15 18:45:49,2016,2016,March,March,13,3
2016-03-14 09:52:06,Ford_Fiesta_1.3_Fun_X__Sehr_gepflegt_!,privat,Offer,2300,control,kleinwagen,2007,manuell,60,fiesta,150000,May,Gasoline,ford,No,2016-03-14 00:00:00,40668,2016-04-07 09:16:58,2016,2016,March,March,9,7
2016-04-03 19:48:22,Ford_Ka_Futura,privat,Offer,1250,test,kleinwagen,2000,manuell,60,ka,80000,Oct,Gasoline,ford,No,2016-04-03 00:00:00,53639,2016-04-05 20:45:00,2016,2016,April,April,16,2
2016-03-23 15:47:23,Ford_Ka,privat,Offer,3850,test,kleinwagen,2009,manuell,69,ka,125000,Feb,Gasoline,ford,No,2016-03-23 00:00:00,64747,2016-04-03 18:17:05,2016,2016,March,March,7,10
2016-03-27 00:38:36,Ford_Fiesta_*steuerkette*tuev*8fachbereift*1.Hand*,privat,Offer,650,test,kleinwagen,1999,manuell,60,fiesta,150000,Aug,Gasoline,ford,No,2016-03-26 00:00:00,45127,2016-03-27 08:44:28,2016,2016,March,March,17,4
2016-03-21 18:46:05,Ford_Fiesta_1.25,privat,Offer,4499,test,kleinwagen,2009,manuell,60,fiesta,50000,Nov,Gasoline,ford,No,2016-03-21 00:00:00,10553,2016-04-06 20:19:19,2016,2016,March,March,7,1
2016-04-02 20:54:09,Ford_Fiesta_mit_TÜV_bis_2017,privat,Offer,350,test,kleinwagen,1989,manuell,50,fiesta,100000,Mar,Gasoline,ford,No,2016-04-02 00:00:00,97421,2016-04-04 19:18:15,2016,2016,April,April,27,9
2016-03-29 12:36:59,Ford_Fiesta_1.3,privat,Offer,1370,test,kleinwagen,2005,manuell,60,fiesta,100000,Mar,Gasoline,ford,No,2016-03-29 00:00:00,74348,2016-03-29 13:40:34,2016,2016,March,March,11,9
2016-03-15 23:42:28,Ford_Fiesta_IV_1_6_16V_Sport__Mod.02___TÜV_neu___196Tkm_top_Zust.,privat,Offer,990,control,kleinwagen,2001,manuell,103,fiesta,150000,Oct,Gasoline,ford,No,2016-03-15 00:00:00,32825,2016-03-25 21:45:31,2016,2016,March,March,15,2
2016-03-21 15:38:53,Ford_Fiesta_Baujahr_97__Inkl._Klima__Winterreifen__Audiosystem_,privat,Offer,800,control,kleinwagen,1997,manuell,60,fiesta,150000,Jul,Gasoline,ford,No,2016-03-21 00:00:00,33803,2016-03-28 11:17:32,2016,2016,March,March,19,5
2016-03-23 14:38:40,Ford_Fiesta_1.4_TDCI,privat,Offer,1599,test,kleinwagen,2004,manuell,75,fiesta,150000,Jun,Diesel,ford,No,2016-03-23 00:00:00,49393,2016-04-05 15:18:21,2016,2016,March,March,12,6
2016-03-21 19:51:06,Ideales_anfaengerauto,privat,Offer,1500,test,kleinwagen,2002,manuell,60,fiesta,125000,Nov,,ford,No,2016-03-21 00:00:00,83088,2016-03-23 01:16:44,2016,2016,March,March,14,1
2016-03-14 15:44:34,Ford_Fiesta_Ghia,privat,Offer,1300,control,kleinwagen,1996,manuell,75,fiesta,150000,Feb,Gasoline,ford,No,2016-03-14 00:00:00,21629,2016-04-05 18:45:28,2016,2016,March,March,20,10
2016-03-15 10:53:35,Ford_Fiesta_Bj._2002,privat,Offer,400,control,kleinwagen,2002,manuell,50,fiesta,150000,Mar,Gasoline,ford,No,2016-03-15 00:00:00,79346,2016-03-20 12:54:21,2016,2016,March,March,14,9
2016-03-31 11:49:35,Ford_Fiesta_TÜV_NEU,privat,Offer,2800,control,kleinwagen,2003,manuell,69,fiesta,150000,May,Gasoline,ford,No,2016-03-31 00:00:00,69469,2016-04-06 04:17:45,2016,2016,March,March,13,7
2016-03-13 12:51:32,Ford_Ka,privat,Offer,1290,test,kleinwagen,2000,manuell,60,ka,150000,Sep,Gasoline,ford,No,2016-03-13 00:00:00,48308,2016-04-04 14:16:53,2016,2016,March,March,16,3
2016-03-17 01:57:32,Ford_Fiesta_in_Blau_Guter_Zustand_Technisch_TOP_2002_Fahranfaenger,privat,Offer,1059,test,kleinwagen,2002,manuell,50,fiesta,150000,Mar,Gasoline,ford,No,2016-03-17 00:00:00,45731,2016-03-17 07:51:38,2016,2016,March,March,14,9
2016-03-28 19:54:08,Ford_Fiesta,privat,Offer,650,control,kleinwagen,1999,manuell,60,fiesta,125000,Jan,Gasoline,ford,No,2016-03-28 00:00:00,53937,2016-04-07 02:17:51,2016,2016,March,March,17,11
2016-03-11 20:56:55,Ford_fiesta_2011,privat,Offer,5300,control,kleinwagen,2000,manuell,0,fiesta,60000,Jun,,ford,No,2016-03-11 00:00:00,51377,2016-04-06 05:46:33,2016,2016,March,March,16,6
2016-03-13 13:42:23,Ford_KA_Trend,privat,Offer,4700,test,kleinwagen,2012,manuell,69,ka,70000,Jan,Gasoline,ford,No,2016-03-13 00:00:00,33659,2016-03-20 08:44:23,2016,2016,March,March,4,11
2016-03-21 14:36:25,Ford_Fiesta_TÜV_NEU,privat,Offer,750,control,kleinwagen,1996,manuell,50,fiesta,150000,Aug,Gasoline,ford,No,2016-03-21 00:00:00,73054,2016-04-06 13:16:42,2016,2016,March,March,20,4
2016-03-20 19:55:38,Ford_Ka_Royal,privat,Offer,1380,test,kleinwagen,2006,manuell,69,ka,80000,Apr,Gasoline,ford,No,2016-03-20 00:00:00,76694,2016-03-21 23:44:16,2016,2016,March,March,10,8
2016-03-06 00:51:10,Ford_Ka___ENDURA_____BJ_2003__Scheckheft__81.000_Km_TÜV_03/2017,privat,Offer,1200,control,kleinwagen,2003,manuell,60,ka,90000,Mar,Gasoline,ford,No,2016-03-05 00:00:00,35039,2016-03-10 10:47:02,2016,2016,March,March,13,9
2016-04-03 10:50:14,Ford_ka_70ps_2hand_top_zustand,privat,Offer,3899,control,kleinwagen,2009,manuell,70,ka,100000,Dec,Gasoline,ford,Other,2016-04-03 00:00:00,32839,2016-04-07 11:46:22,2016,2016,April,April,7,0
2016-03-29 16:38:53,Ford_Fiesta,privat,Offer,1550,control,kleinwagen,2000,manuell,50,fiesta,100000,May,Gasoline,ford,No,2016-03-29 00:00:00,95349,2016-04-06 02:15:40,2016,2016,March,March,16,7
2016-04-02 12:39:15,Ford_Fiesta_2.0,privat,Offer,3999,test,kleinwagen,2006,manuell,150,fiesta,150000,Apr,Gasoline,ford,No,2016-04-02 00:00:00,53909,2016-04-06 10:17:29,2016,2016,April,April,10,8
2016-03-26 19:51:30,Ford_Fiesta,privat,Offer,5500,control,kleinwagen,2010,manuell,82,fiesta,150000,Sep,Gasoline,ford,No,2016-03-26 00:00:00,32339,2016-04-02 12:16:32,2016,2016,March,March,6,3
2016-03-16 12:37:55,Gut_gepflegter_Ford_Fiesta,privat,Offer,2200,test,kleinwagen,2004,manuell,69,fiesta,100000,Jan,Gasoline,ford,Other,2016-03-16 00:00:00,76764,2016-03-25 16:18:47,2016,2016,March,March,12,11
2016-03-05 18:38:13,Ford_Focus,privat,Offer,4500,test,kleinwagen,2002,automatik,133,focus,40000,Apr,Gasoline,ford,No,2016-03-05 00:00:00,53842,2016-04-05 02:16:35,2016,2016,March,March,14,8
2016-03-31 20:54:15,Top_Ford_Fusion!,privat,Offer,2200,test,kleinwagen,2004,manuell,80,fusion,125000,Jan,Gasoline,ford,No,2016-03-31 00:00:00,24159,2016-03-31 20:54:15,2016,2016,March,March,12,11
2016-03-10 20:36:24,Ford_Fiesta_2.0_ST150_Tuev_bis_01/2018,privat,Offer,4500,test,kleinwagen,2006,manuell,150,fiesta,150000,Apr,,ford,No,2016-03-10 00:00:00,53909,2016-04-02 08:18:07,2016,2016,March,March,10,8
2016-03-25 14:52:00,Anfaenger_Auto,privat,Offer,1700,control,kleinwagen,2002,manuell,0,fiesta,90000,Dec,Gasoline,ford,Other,2016-03-25 00:00:00,39118,2016-04-06 18:18:27,2016,2016,March,March,14,0
2016-03-21 00:57:39,Ford_Fiesta_1.3_Fun,privat,Offer,1950,test,kleinwagen,2006,manuell,69,fiesta,100000,Jan,Gasoline,ford,Yes,2016-03-21 00:00:00,83620,2016-04-05 22:45:40,2016,2016,March,March,10,11
2016-03-05 17:51:10,Ford_an_Bastler,privat,Offer,200,test,kleinwagen,1997,Unspecified,0,fiesta,90000,Dec,Gasoline,ford,Yes,2016-03-05 00:00:00,47574,2016-04-05 13:46:24,2016,2016,March,March,19,0
2016-03-12 18:57:56,Ford_Fiesta__ohne_Tuev__fahrtauglich_und_8fach_bereift,privat,Offer,300,test,kleinwagen,1998,manuell,50,fiesta,150000,Mar,Gasoline,ford,Other,2016-03-12 00:00:00,85435,2016-04-07 12:47:01,2016,2016,March,March,18,9
2016-03-22 21:37:38,sparsamer_fiesta_mit_reichlich_hu_anzubieten,privat,Offer,499,control,kleinwagen,1992,manuell,60,fiesta,90000,Apr,Gasoline,ford,No,2016-03-22 00:00:00,8060,2016-04-06 16:16:40,2016,2016,March,March,24,8
2016-03-05 14:25:23,Ford_Fiesta_1.25_Trend,privat,Offer,4900,test,kleinwagen,2008,manuell,82,fiesta,125000,Sep,Gasoline,ford,No,2016-03-04 00:00:00,56072,2016-03-10 08:46:44,2016,2016,March,March,8,3
2016-03-21 04:36:22,Auto_hat_neue_TÜV_neue_vorne_Scheibe_neuer_Reifen,privat,Offer,1100,test,kleinwagen,2002,Unspecified,0,ka,125000,Feb,,ford,No,2016-03-21 00:00:00,24143,2016-03-23 20:46:01,2016,2016,March,March,14,10
2016-03-12 11:38:52,Ford_ka_Bj_o5_mit_E_Faltdach_8_fach_bereift_Farbe_Grau,privat,Offer,1499,test,kleinwagen,2005,manuell,60,ka,150000,Aug,Gasoline,ford,Other,2016-03-12 00:00:00,23845,2016-04-04 02:46:48,2016,2016,March,March,11,4
2016-03-05 17:44:30,Ford_KA_TITANUIM_Sonderausstattung,privat,Offer,4290,test,kleinwagen,2008,manuell,69,ka,70000,Dec,Gasoline,ford,No,2016-03-05 00:00:00,74653,2016-04-07 07:17:07,2016,2016,March,March,8,0
2016-03-30 08:50:55,verkaufe_Ford_Fiesta,privat,Offer,800,control,kleinwagen,2002,manuell,50,fiesta,100000,Feb,Gasoline,ford,No,2016-03-30 00:00:00,37115,2016-04-07 00:16:40,2016,2016,March,March,14,10
2016-03-30 09:37:14,Ford_kA__laeuft_ohne_Probleme,privat,Offer,0,control,kleinwagen,2003,manuell,60,ka,100000,Feb,Gasoline,ford,Other,2016-03-30 00:00:00,74211,2016-04-06 23:46:15,2016,2016,March,March,13,10
2016-03-07 09:57:27,Ford_Focus_top_Zustand_mit_TÜV,privat,Offer,1250,control,kleinwagen,2001,manuell,95,focus,150000,Jan,Gasoline,ford,No,2016-03-07 00:00:00,42369,2016-03-08 09:44:17,2016,2016,March,March,15,11
2016-04-03 22:55:44,Ford_Fiesta_1.4_Ghia,privat,Offer,2600,control,kleinwagen,2007,manuell,80,fiesta,125000,Nov,Gasoline,ford,No,2016-04-03 00:00:00,66773,2016-04-06 01:45:11,2016,2016,April,April,9,1
2016-03-09 18:56:48,Ford_Focus_Trend_TÜV_bis_Maerz_2018,privat,Offer,1599,test,kleinwagen,1998,manuell,116,focus,150000,Aug,Gasoline,ford,No,2016-03-09 00:00:00,34127,2016-04-05 12:45:56,2016,2016,March,March,18,4
2016-03-28 22:38:56,Verkaufe_Ford_Ka,privat,Offer,250,control,kleinwagen,1997,manuell,60,ka,100000,Jan,Gasoline,ford,Yes,2016-03-28 00:00:00,16306,2016-04-07 06:16:30,2016,2016,March,March,19,11
2016-04-02 20:44:14,Ford_Ka_1.3_TÜV_Neu_/_Top_gepflegt_/_1_Hand_/_47300km,privat,Offer,1190,test,kleinwagen,1997,manuell,60,ka,50000,Dec,Gasoline,ford,No,2016-04-02 00:00:00,67661,2016-04-06 20:47:44,2016,2016,April,April,19,0
2016-03-07 19:46:41,Ford_Fiesta,privat,Offer,599,control,kleinwagen,1993,manuell,50,fiesta,125000,Dec,Gasoline,ford,No,2016-03-07 00:00:00,34128,2016-03-12 18:45:09,2016,2016,March,March,23,0
2016-03-24 17:47:28,Ford_Fiesta_TÜV_Neu_!!!!,privat,Offer,4999,control,kleinwagen,2009,manuell,67,fiesta,70000,Mar,Gasoline,ford,No,2016-03-24 00:00:00,22049,2016-04-07 11:15:52,2016,2016,March,March,7,9
2016-03-05 14:57:22,Ford_Fiesta_von_97_in_rot_zu_verkaufen,privat,Offer,450,control,kleinwagen,1997,manuell,45,fiesta,150000,Feb,,ford,Other,2016-03-05 00:00:00,48599,2016-04-07 05:45:01,2016,2016,March,March,19,10
2016-03-20 15:55:00,Verkaufe_Ford_Ka_Bj.2003_TÜV_bis_Maerz_2018_!!!!!,privat,Offer,1400,control,kleinwagen,2003,manuell,0,ka,150000,Mar,Gasoline,ford,Other,2016-03-20 00:00:00,73525,2016-03-21 18:47:26,2016,2016,March,March,13,9
2016-03-11 10:56:38,Ford_Fiesta_Flair,privat,Offer,799,test,kleinwagen,1997,manuell,50,fiesta,125000,Dec,Gasoline,ford,No,2016-03-11 00:00:00,4277,2016-04-06 23:46:53,2016,2016,March,March,19,0
2016-04-01 20:52:47,Zum_verkauf_ford_fiesta_75_ps_klima_tuev_3.2017_super_kleinwagen,privat,Offer,520,test,kleinwagen,1999,manuell,75,fiesta,150000,Sep,,ford,No,2016-04-01 00:00:00,50739,2016-04-05 18:18:56,2016,2016,April,April,17,3
2016-03-25 13:52:34,Ford_Fiesta_mkr_3,privat,Offer,2500,test,kleinwagen,1989,manuell,50,fiesta,30000,Nov,Gasoline,ford,No,2016-03-25 00:00:00,70825,2016-04-06 16:44:37,2016,2016,March,March,27,1
2016-04-04 11:46:36,Ford_Fiesta_75ps_Servo_Klima_2_Jahre_TÜV/AU,privat,Offer,850,control,kleinwagen,1999,manuell,75,fiesta,150000,Jan,Gasoline,ford,No,2016-04-04 00:00:00,44628,2016-04-04 11:46:36,2016,2016,April,April,17,11
2016-03-16 20:47:35,Ford_Ka,privat,Offer,1100,control,kleinwagen,2000,manuell,60,ka,150000,Aug,Gasoline,ford,No,2016-03-16 00:00:00,49377,2016-03-26 00:18:13,2016,2016,March,March,16,4
2016-03-29 22:36:22,Ford_Fiesta_80.000KM_TOP!,privat,Offer,999,test,kleinwagen,2000,manuell,60,fiesta,80000,Apr,Gasoline,ford,No,2016-03-29 00:00:00,26826,2016-04-04 18:16:24,2016,2016,March,March,16,8
2016-03-07 16:58:59,Ford_Fiesta_1.3,privat,Offer,900,control,kleinwagen,1999,manuell,60,fiesta,150000,Oct,Gasoline,ford,No,2016-03-07 00:00:00,50127,2016-04-06 05:15:42,2016,2016,March,March,17,2
2016-03-10 15:56:36,Ford_Ka_1_3_Luxus_Austattung__Mit_neuen_TÜV_und_einen_Top_Zustand,privat,Offer,1550,test,kleinwagen,2001,manuell,60,ka,150000,Nov,Gasoline,ford,No,2016-03-10 00:00:00,45968,2016-03-24 21:18:52,2016,2016,March,March,15,1
2016-03-22 21:51:25,Ford_Fiesta_1.1L_50_PS_BJ.95_mit_neuen_Winterreifen_etc.,privat,Offer,200,control,kleinwagen,1995,manuell,50,fiesta,150000,Mar,Gasoline,ford,No,2016-03-22 00:00:00,33818,2016-04-06 06:15:59,2016,2016,March,March,21,9
2016-03-12 09:25:23,Zuverlaessiges_klein_wagen,privat,Offer,649,test,kleinwagen,2002,manuell,0,ka,150000,Jan,Gasoline,ford,Other,2016-03-12 00:00:00,56564,2016-03-30 04:16:25,2016,2016,March,March,14,11
2016-03-31 16:50:43,Ford_Fiesta_1.4_TDCI_Ambiente_Euro_4_TÜV/AU_NEU,privat,Offer,3250,control,kleinwagen,2008,manuell,68,fiesta,150000,May,Diesel,ford,No,2016-03-31 00:00:00,45357,2016-04-06 10:15:58,2016,2016,March,March,8,7
2016-03-22 00:36:20,Ford_Focus_1.8_tddi_top_zustand,privat,Offer,2500,control,kleinwagen,2004,manuell,0,focus,150000,May,Diesel,ford,Other,2016-03-22 00:00:00,6295,2016-04-05 18:15:46,2016,2016,March,March,12,7
2016-03-29 09:55:59,Ford_galaxy_19._Tdi.,privat,Offer,3850,test,kleinwagen,2005,manuell,116,galaxy,150000,Dec,Diesel,ford,No,2016-03-29 00:00:00,55566,2016-04-05 19:45:02,2016,2016,March,March,11,0
2016-03-18 11:46:11,Ford_Ka_bis_11/2017_TÜV,privat,Offer,400,control,kleinwagen,1996,manuell,60,ka,150000,Nov,Gasoline,ford,Other,2016-03-18 00:00:00,40885,2016-03-18 11:46:11,2016,2016,March,March,20,1
2016-03-30 13:50:54,Ford_Ka_1.2_Trend_Scheckheft__Unfallfrei__1_Hand,privat,Offer,4200,test,kleinwagen,2009,manuell,69,ka,70000,Aug,Gasoline,ford,No,2016-03-30 00:00:00,50171,2016-04-07 04:44:50,2016,2016,March,March,7,4
2016-03-31 09:52:22,Ford_fiesta_1.3_Ersatzteile_Traeger,privat,Offer,100,control,kleinwagen,2001,manuell,60,fiesta,150000,Mar,,ford,No,2016-03-31 00:00:00,36381,2016-04-02 04:45:12,2016,2016,March,March,15,9
2016-04-04 16:53:21,Ford_Fiesta_75_PS_Zahnriemen_gemacht,privat,Offer,450,test,kleinwagen,1998,manuell,75,fiesta,150000,Jan,,ford,No,2016-04-04 00:00:00,27211,2016-04-04 16:53:21,2016,2016,April,April,18,11
2016-04-01 21:47:40,Ford_Fiesta_1.3_Ambiente,privat,Offer,900,test,kleinwagen,2006,manuell,60,fiesta,150000,Sep,Gasoline,ford,Yes,2016-04-01 00:00:00,80636,2016-04-01 21:47:40,2016,2016,April,April,10,3
2016-03-26 12:56:07,Ford_Ka_1.2_Trend,privat,Offer,4200,control,kleinwagen,2010,manuell,69,ka,80000,Jan,Gasoline,ford,No,2016-03-26 00:00:00,6792,2016-04-06 00:45:03,2016,2016,March,March,6,11
2016-03-05 16:44:01,Ford_fiesta_1_2_liter,privat,Offer,100,control,kleinwagen,1991,manuell,0,fiesta,80000,Mar,,ford,No,2016-03-05 00:00:00,30926,2016-03-06 04:45:01,2016,2016,March,March,25,9
2016-03-10 15:52:50,Verkaufe_meinen_Ford_Ka,privat,Offer,150,test,kleinwagen,1999,manuell,60,ka,80000,Aug,,ford,Other,2016-03-10 00:00:00,4838,2016-03-15 07:44:22,2016,2016,March,March,17,4
2016-03-23 20:44:15,Ford_Fiesta_1_2_4_tuerig_Servo___Klima,privat,Offer,400,test,kleinwagen,1999,manuell,75,fiesta,150000,May,Gasoline,ford,No,2016-03-23 00:00:00,47807,2016-04-06 01:45:48,2016,2016,March,March,17,7
2016-03-14 10:41:16,Ford_Fiesta,privat,Offer,600,control,kleinwagen,1996,manuell,60,fiesta,150000,Oct,,ford,No,2016-03-14 00:00:00,33659,2016-03-30 19:16:51,2016,2016,March,March,20,2
2016-03-28 16:50:23,Ford_Ka_Royal,privat,Offer,1899,test,kleinwagen,2005,manuell,69,ka,150000,Mar,Gasoline,ford,No,2016-03-28 00:00:00,95145,2016-04-02 21:45:42,2016,2016,March,March,11,9
2016-03-25 13:58:45,Ford_fiesta,privat,Offer,2666,test,kleinwagen,2004,manuell,60,fusion,125000,Feb,Gasoline,ford,Other,2016-03-25 00:00:00,93092,2016-04-06 16:44:46,2016,2016,March,March,12,10
2016-03-21 15:48:38,Ford_Fiesta,privat,Offer,890,control,kleinwagen,1998,manuell,0,fiesta,80000,Jan,Gasoline,ford,Other,2016-03-21 00:00:00,21337,2016-04-06 13:46:28,2016,2016,March,March,18,11
2016-03-13 18:47:52,Ford_Fiesta_1.6_TDCi_ST_Ausstattung,privat,Offer,3950,test,kleinwagen,2007,manuell,90,fiesta,150000,Sep,Diesel,ford,No,2016-03-13 00:00:00,33729,2016-04-04 16:18:00,2016,2016,March,March,9,3
2016-03-09 15:56:09,Ford_Fiesta_1.25_Trend,privat,Offer,4995,control,kleinwagen,2009,manuell,63,fiesta,80000,Apr,Gasoline,ford,No,2016-03-09 00:00:00,96528,2016-03-27 09:18:03,2016,2016,March,March,7,8
2016-03-24 18:38:35,Ford_Ka__1_Hand__Klima_,privat,Offer,1799,test,kleinwagen,2005,manuell,60,ka,80000,May,Gasoline,ford,No,2016-03-24 00:00:00,34117,2016-04-07 12:16:31,2016,2016,March,March,11,7
2016-03-20 22:53:43,Ford_Fiesta__Farbe_anthrazit_grau,privat,Offer,2600,test,kleinwagen,2004,manuell,69,fiesta,150000,Oct,Gasoline,ford,No,2016-03-20 00:00:00,40882,2016-03-30 20:17:15,2016,2016,March,March,12,2
2016-03-24 18:06:24,Ford_Fiesta_ein_Besitzer_!!!,privat,Offer,2900,test,kleinwagen,2005,manuell,68,fiesta,125000,Nov,Diesel,ford,Other,2016-03-24 00:00:00,56203,2016-03-29 18:47:17,2016,2016,March,March,11,1
2016-03-08 16:46:33,Ford_Tuev_Neu._86.200Km,privat,Offer,2699,test,kleinwagen,2005,manuell,60,fiesta,90000,Jan,Gasoline,ford,No,2016-03-08 00:00:00,59229,2016-03-12 15:15:34,2016,2016,March,March,11,11
2016-03-30 14:38:12,Ford_Fusion,privat,Offer,1700,control,kleinwagen,2003,manuell,101,fusion,150000,Jun,Gasoline,ford,No,2016-03-30 00:00:00,41464,2016-03-30 14:38:12,2016,2016,March,March,13,6
2016-03-22 19:55:17,Ford_Fiesta_muss_heut_noch_Weck,privat,Offer,150,test,kleinwagen,1993,manuell,0,fiesta,125000,Apr,Gasoline,ford,Other,2016-03-22 00:00:00,4425,2016-03-22 19:55:17,2016,2016,March,March,23,8
2016-03-17 10:47:48,Ford_Fiesta___einsteigen_und_losfahren_:_,privat,Offer,1200,test,kleinwagen,1998,Unspecified,0,fiesta,125000,Jan,,ford,Other,2016-03-17 00:00:00,89192,2016-03-24 01:47:03,2016,2016,March,March,18,11
2016-03-11 18:48:51,Ford_Fiesta_1.25_Trend,privat,Offer,5050,test,kleinwagen,2010,manuell,82,fiesta,125000,Apr,Gasoline,ford,No,2016-03-11 00:00:00,88410,2016-03-31 04:17:11,2016,2016,March,March,6,8
2016-03-23 18:55:10,Ford_Ka_bj2005_an_bastler,privat,Offer,235,test,kleinwagen,2005,manuell,60,Other,150000,Jan,Gasoline,ford,Yes,2016-03-23 00:00:00,59229,2016-04-05 23:45:52,2016,2016,March,March,11,11
2016-03-28 00:55:30,Ford_Fiesta__TÜV_bis_3/2017,privat,Offer,850,control,kleinwagen,2001,manuell,50,fiesta,20000,Aug,Gasoline,ford,Other,2016-03-28 00:00:00,51061,2016-03-28 08:46:39,2016,2016,March,March,15,4
2016-03-16 19:57:21,Ford_Ka_mit_TÜV,privat,Offer,400,test,kleinwagen,2001,manuell,60,ka,150000,Sep,Gasoline,ford,No,2016-03-16 00:00:00,32369,2016-03-16 19:57:21,2016,2016,March,March,15,3
2016-03-08 17:58:24,Ford_Fiesta_1.4_Viva__Standheizung_,privat,Offer,2540,control,kleinwagen,2004,manuell,80,fiesta,100000,Apr,Gasoline,ford,No,2016-03-08 00:00:00,78176,2016-03-19 20:47:19,2016,2016,March,March,12,8
2016-03-23 22:57:27,Ford_Fiesta_Ghia,privat,Offer,950,test,kleinwagen,1996,manuell,75,fiesta,150000,Feb,Gasoline,ford,No,2016-03-23 00:00:00,51061,2016-04-06 17:16:19,2016,2016,March,March,20,10
2016-03-06 13:48:29,Ford_Focus_80ps_1.Hand_Top_Zustand,privat,Offer,4999,test,kleinwagen,2007,manuell,80,focus,100000,Oct,Gasoline,ford,No,2016-03-06 00:00:00,22946,2016-03-22 16:17:01,2016,2016,March,March,9,2
2016-03-19 15:49:33,Sparsames_Anfaengerauto,privat,Offer,1650,control,kleinwagen,2003,manuell,69,ka,70000,Aug,Gasoline,ford,No,2016-03-19 00:00:00,48599,2016-03-24 10:45:50,2016,2016,March,March,13,4
2016-03-31 10:53:06,Fiesta_Ford,privat,Offer,450,control,kleinwagen,2001,manuell,44,fiesta,100000,Jul,Gasoline,ford,No,2016-03-31 00:00:00,1445,2016-04-06 03:46:53,2016,2016,March,March,15,5
2016-04-05 08:53:32,Ford_Fiesta_TÜV_07._2016,privat,Offer,490,test,kleinwagen,1997,manuell,750,fiesta,125000,Jul,,ford,Other,2016-04-05 00:00:00,32457,2016-04-07 11:44:53,2016,2016,April,April,19,5
2016-03-11 18:43:55,Ford_Fiesta,privat,Offer,1750,test,kleinwagen,2004,manuell,60,fiesta,150000,Nov,Gasoline,ford,No,2016-03-11 00:00:00,51061,2016-03-16 14:40:57,2016,2016,March,March,12,1
2016-03-05 14:38:32,Ford_Focus,privat,Offer,470,control,kleinwagen,2000,manuell,116,focus,150000,Nov,Gasoline,ford,No,2016-03-05 00:00:00,84489,2016-03-07 19:17:31,2016,2016,March,March,16,1
2016-03-15 17:53:08,Ford_fiesta_5_tuerig_Tuev_neu_Klima,privat,Offer,900,control,kleinwagen,1999,manuell,60,fiesta,150000,May,,ford,No,2016-03-15 00:00:00,45699,2016-04-06 16:45:11,2016,2016,March,March,17,7
2016-04-01 19:38:33,Ford_Fiesta_Focus,privat,Offer,600,control,kleinwagen,1998,manuell,60,fiesta,100000,Mar,Gasoline,ford,No,2016-04-01 00:00:00,66126,2016-04-03 16:17:42,2016,2016,April,April,18,9
2016-04-04 16:46:30,Ford_Fiesta_1.4_Ghia,privat,Offer,2900,test,kleinwagen,2002,manuell,80,fiesta,125000,Sep,Gasoline,ford,No,2016-04-04 00:00:00,70435,2016-04-06 18:19:30,2016,2016,April,April,14,3
2016-03-07 16:36:18,Ford_Fiesta_1_3_60_PS_D3_Benzin_Bastlerfahrzeug,privat,Offer,120,control,kleinwagen,1998,manuell,60,fiesta,150000,Dec,,ford,Yes,2016-03-07 00:00:00,35619,2016-03-09 13:30:29,2016,2016,March,March,18,0
2016-03-19 17:47:37,Ford_Fiesta_Chia_1_2_Liter_75_PS,privat,Offer,450,control,kleinwagen,1998,manuell,75,fiesta,150000,Jan,Gasoline,ford,No,2016-03-19 00:00:00,27313,2016-04-07 04:44:31,2016,2016,March,March,18,11
2016-03-08 21:50:19,Ford_Fiesta_1.4,privat,Offer,1250,control,kleinwagen,2001,manuell,80,fiesta,150000,Nov,Gasoline,ford,No,2016-03-08 00:00:00,31683,2016-04-06 04:16:51,2016,2016,March,March,15,1
2016-03-14 22:52:53,Ford_Fiesta_FUN_1.25_Benzin_Frisch_2_Jahre_TÜV/AU_4.Hand_Servo,privat,Offer,850,control,kleinwagen,1996,manuell,75,fiesta,80000,Jun,Gasoline,ford,No,2016-03-14 00:00:00,42105,2016-03-15 19:47:18,2016,2016,March,March,20,6
2016-03-21 18:55:12,Ford_Fiesta_1.3_Fun_X,privat,Offer,4100,test,kleinwagen,2007,manuell,60,fiesta,70000,Feb,Gasoline,ford,No,2016-03-21 00:00:00,57489,2016-03-21 18:55:12,2016,2016,March,March,9,10
2016-03-28 09:53:23,Ford_Fiesta_1.4_Trend,privat,Offer,1600,control,kleinwagen,2002,manuell,80,fiesta,150000,Jun,Gasoline,ford,No,2016-03-28 00:00:00,48691,2016-04-06 12:44:38,2016,2016,March,March,14,6
2016-03-13 13:42:11,Ford_Fiesta_Winterauto,privat,Offer,550,test,kleinwagen,1998,manuell,50,fiesta,150000,Feb,Gasoline,ford,No,2016-03-13 00:00:00,57639,2016-03-18 03:15:46,2016,2016,March,March,18,10
2016-03-28 16:57:30,Ford_Fiesta,privat,Offer,650,test,kleinwagen,1995,manuell,50,fiesta,125000,Nov,Gasoline,ford,No,2016-03-28 00:00:00,63872,2016-03-28 16:57:30,2016,2016,March,March,21,1
2016-03-22 20:57:38,Ford_KA_2006_2_Jahre_Tuev_wenig_Gelaufen_Klima+8Fach_Bereift,privat,Offer,1450,control,kleinwagen,2006,manuell,0,ka,90000,Aug,Gasoline,ford,No,2016-03-22 00:00:00,45721,2016-03-22 21:44:42,2016,2016,March,March,10,4
2016-04-07 13:25:25,zetec_maschine_mit_H&R_fahrwerk,privat,Offer,1299,control,kleinwagen,1999,manuell,131,focus,150000,Jun,Gasoline,ford,No,2016-04-07 00:00:00,56235,2016-04-07 13:25:25,2016,2016,April,April,17,6
2016-04-01 04:02:24,Ford_Fiesta_Style,privat,Offer,500,control,kleinwagen,1998,manuell,75,fiesta,150000,Nov,Gasoline,ford,No,2016-04-01 00:00:00,42579,2016-04-07 06:15:22,2016,2016,April,April,18,1
2016-03-07 19:51:46,Ford_Ka,privat,Offer,800,control,kleinwagen,2003,manuell,60,ka,125000,Mar,Gasoline,ford,No,2016-03-07 00:00:00,75173,2016-03-07 19:51:46,2016,2016,March,March,13,9
2016-03-17 13:55:42,Ford_Fiesta_an_Bastler__hobbyschrauber_Reifen_NEU,privat,Offer,350,control,kleinwagen,2001,manuell,44,fiesta,150000,Apr,Gasoline,ford,Other,2016-03-17 00:00:00,47798,2016-03-17 13:55:42,2016,2016,March,March,15,8
2016-03-11 09:52:13,Ford_Fusion_1.4_von_Privat_sehr_sauber_Polar_Silber,privat,Offer,4300,control,kleinwagen,2008,manuell,80,fusion,100000,Nov,Gasoline,ford,No,2016-03-11 00:00:00,70329,2016-04-06 13:17:08,2016,2016,March,March,8,1
2016-04-03 17:41:17,Ford_Ka_schoener_City_Flitzer,privat,Offer,699,test,kleinwagen,2001,manuell,0,ka,150000,Aug,Gasoline,ford,No,2016-04-03 00:00:00,27570,2016-04-05 17:26:41,2016,2016,April,April,15,4
2016-03-31 16:54:08,FORD_KA_2.JAHRE_TÜV!!,privat,Offer,1050,control,kleinwagen,2001,manuell,60,ka,80000,May,Gasoline,ford,Other,2016-03-31 00:00:00,50354,2016-04-04 10:15:23,2016,2016,March,March,15,7
2016-03-22 21:49:12,Ford_fiesta_nur_37000_gelaufen,privat,Offer,2500,control,kleinwagen,2001,manuell,0,Other,40000,Apr,Gasoline,ford,No,2016-03-22 00:00:00,25548,2016-03-24 06:17:12,2016,2016,March,March,15,8
2016-03-24 09:56:52,Fokrd_Focus,privat,Offer,1199,control,kleinwagen,1999,manuell,130,focus,150000,May,Gasoline,ford,Other,2016-03-24 00:00:00,34128,2016-03-25 18:48:02,2016,2016,March,March,17,7
2016-03-09 14:45:20,Ford_Focus,privat,Offer,1000,test,kleinwagen,1998,manuell,0,focus,125000,Jan,,ford,No,2016-03-09 00:00:00,6493,2016-03-22 17:46:23,2016,2016,March,March,18,11
2016-03-19 23:59:19,Verkaufe_Ford_escord_fahrbereit,privat,Offer,300,control,kleinwagen,1990,manuell,90,Other,150000,Jan,Gasoline,ford,Yes,2016-03-19 00:00:00,29525,2016-03-21 10:16:48,2016,2016,March,March,26,11
2016-03-16 15:55:47,Ford_KA_zum_Ausschlachten/Bastler,privat,Offer,100,test,kleinwagen,2001,manuell,59,ka,150000,May,Gasoline,ford,Yes,2016-03-16 00:00:00,25774,2016-03-16 15:55:47,2016,2016,March,March,15,7
2016-03-28 19:48:00,Ford_Ka_Futura,privat,Offer,650,control,kleinwagen,2001,manuell,60,ka,125000,Dec,Gasoline,ford,No,2016-03-28 00:00:00,41236,2016-03-28 19:48:00,2016,2016,March,March,15,0
2016-03-05 19:55:25,Ford_Fiesta_1.3_mit_Hagelschaden,privat,Offer,1700,test,kleinwagen,2004,manuell,69,fiesta,90000,Dec,Gasoline,ford,No,2016-03-05 00:00:00,72585,2016-03-06 04:46:03,2016,2016,March,March,12,0
2016-04-02 17:37:41,Verkaufe_Ford_Fiesta_Trend_1.25_mit_82_PS,privat,Offer,5500,control,kleinwagen,2009,manuell,82,fiesta,70000,Jun,Gasoline,ford,No,2016-04-02 00:00:00,16798,2016-04-06 16:45:53,2016,2016,April,April,7,6
2016-03-25 11:43:42,Ford_Fiesta,privat,Offer,1499,test,kleinwagen,2004,manuell,60,fiesta,150000,Sep,Gasoline,ford,Other,2016-03-25 00:00:00,17252,2016-03-30 00:17:07,2016,2016,March,March,12,3
2016-03-17 21:47:43,Ford_Fiesta__Klima_und_Tuev,privat,Offer,350,test,kleinwagen,1997,automatik,0,fiesta,80000,Jan,Gasoline,ford,Other,2016-03-17 00:00:00,19077,2016-03-21 00:46:28,2016,2016,March,March,19,11
2016-04-01 22:50:58,Ford_Fiesta_1.3_Viva_X,privat,Offer,2150,test,kleinwagen,2005,manuell,60,fiesta,150000,Jun,Gasoline,ford,No,2016-04-01 00:00:00,28844,2016-04-05 21:44:58,2016,2016,April,April,11,6
2016-03-20 15:48:21,Ford_Fiesta,privat,Offer,550,control,kleinwagen,2000,manuell,50,fiesta,150000,Jun,Gasoline,ford,No,2016-03-20 00:00:00,56598,2016-04-01 00:16:12,2016,2016,March,March,16,6
2016-03-18 15:49:17,Ford_fiesta_servo_klima_e_fenster_mit_tuev,privat,Offer,399,control,kleinwagen,1996,manuell,0,fiesta,150000,Dec,Gasoline,ford,Yes,2016-03-18 00:00:00,10823,2016-03-20 05:18:44,2016,2016,March,March,20,0
2016-03-28 09:55:21,Ford_Fiesta__2001_,privat,Offer,200,control,kleinwagen,2001,manuell,45,fiesta,150000,Mar,Gasoline,ford,Yes,2016-03-28 00:00:00,45881,2016-03-31 18:45:01,2016,2016,March,March,15,9
2016-03-21 00:57:47,Verkaufe_Ford_K,privat,Offer,0,test,kleinwagen,2006,manuell,69,ka,150000,Jun,Gasoline,ford,Yes,2016-03-21 00:00:00,73441,2016-03-29 13:44:22,2016,2016,March,March,10,6
2016-03-06 16:43:22,Ford_Fiesta_1.25_Trend,privat,Offer,5200,test,kleinwagen,2011,manuell,60,fiesta,100000,Jun,Gasoline,ford,No,2016-03-06 00:00:00,74564,2016-04-04 19:16:08,2016,2016,March,March,5,6
2016-03-20 14:51:59,Ford_Fiesta,privat,Offer,950,test,kleinwagen,2001,manuell,55,fiesta,125000,Jan,Gasoline,ford,Other,2016-03-20 00:00:00,66773,2016-04-04 16:46:57,2016,2016,March,March,15,11
2016-03-24 09:51:01,Ford_Fiesta_1.3,privat,Offer,2700,control,kleinwagen,2004,manuell,69,fiesta,90000,Nov,Gasoline,ford,Yes,2016-03-24 00:00:00,30880,2016-04-07 00:17:07,2016,2016,March,March,12,1
2016-03-09 16:49:11,Ford__Ka_Futura,privat,Offer,1650,test,kleinwagen,2003,manuell,60,ka,150000,Oct,Gasoline,ford,No,2016-03-09 00:00:00,41836,2016-04-03 05:44:41,2016,2016,March,March,13,2
2016-03-16 19:48:29,Ford_Fiesta_Bj._97_fuer_Bastler,privat,Offer,100,test,kleinwagen,1997,manuell,45,fiesta,125000,Jan,Gasoline,ford,No,2016-03-16 00:00:00,47638,2016-04-07 04:46:46,2016,2016,March,March,19,11
2016-03-25 11:36:40,Ford___Focus___1.8_mit_Sitzheizung,privat,Offer,1850,test,kleinwagen,2004,manuell,116,focus,150000,Sep,Gasoline,ford,No,2016-03-25 00:00:00,71332,2016-03-31 17:48:00,2016,2016,March,March,12,3
2016-03-17 07:57:43,Verkaufe_Ford_Ka_Bj.2003_TÜV_bis_Maerz_2018_!!!!!!,privat,Offer,1300,control,kleinwagen,2003,manuell,0,ka,150000,Mar,Gasoline,ford,Other,2016-03-17 00:00:00,73525,2016-03-20 09:47:13,2016,2016,March,March,13,9
2016-03-14 20:53:56,Super_kleiner_Flitzer_mit_TÜV_11.2016,privat,Offer,0,control,kleinwagen,1998,manuell,0,fiesta,150000,Aug,Gasoline,ford,Other,2016-03-14 00:00:00,47533,2016-03-15 16:19:55,2016,2016,March,March,18,4
2016-03-19 16:50:14,Ford_Fiesta_zum_ausschlachten_oder_an_Hobbybastler,privat,Offer,200,test,kleinwagen,1998,manuell,0,fiesta,150000,Jan,Gasoline,ford,Yes,2016-03-19 00:00:00,86653,2016-04-07 02:46:06,2016,2016,March,March,18,11
2016-03-24 01:36:43,Ford_Fiesta,privat,Offer,735,test,kleinwagen,1995,manuell,50,fiesta,70000,Apr,Gasoline,ford,No,2016-03-24 00:00:00,52385,2016-04-06 16:17:01,2016,2016,March,March,21,8
2016-03-05 14:23:53,Ford_Fiesta_1.25_Trend,privat,Offer,4250,test,kleinwagen,2009,manuell,82,fiesta,125000,May,Gasoline,ford,No,2016-03-04 00:00:00,63069,2016-03-12 10:47:39,2016,2016,March,March,7,7
2016-03-09 10:49:33,ansehen_anmelden_losfahren,privat,Offer,700,control,kleinwagen,1992,manuell,50,fiesta,80000,Mar,Gasoline,ford,Other,2016-03-09 00:00:00,15834,2016-03-20 01:17:28,2016,2016,March,March,24,9
2016-04-03 17:44:50,Ford_Ka_1.3__Royal__Klima__Schwarz,privat,Offer,100,test,kleinwagen,2000,manuell,60,ka,100000,Dec,Gasoline,ford,Yes,2016-04-03 00:00:00,81476,2016-04-05 17:44:39,2016,2016,April,April,16,0
2016-03-27 21:56:24,Ford_ka_2004_Tuev_20_Monat,privat,Offer,0,test,kleinwagen,2004,manuell,60,ka,150000,Jun,Gasoline,ford,No,2016-03-27 00:00:00,58452,2016-04-03 20:47:55,2016,2016,March,March,12,6
2016-04-05 00:37:20,***_ACHTUNG_FORD_KA_MIT_NEU_TÜV_BIS_04/2018_ZU_VERKAUFEN_***,privat,Offer,1350,control,kleinwagen,2002,manuell,60,ka,150000,Aug,Gasoline,ford,Other,2016-04-04 00:00:00,28199,2016-04-07 03:17:03,2016,2016,April,April,14,4
2016-03-31 16:55:58,Verkaufe_Ka,privat,Offer,300,control,kleinwagen,1998,manuell,0,ka,100000,Oct,Gasoline,ford,No,2016-03-31 00:00:00,32689,2016-03-31 17:41:56,2016,2016,March,March,18,2
2016-03-29 11:48:44,Bilder_auf_anfrage,privat,Offer,500,test,kleinwagen,2001,manuell,60,Other,50000,Jan,,ford,Yes,2016-03-29 00:00:00,26427,2016-03-29 11:48:44,2016,2016,March,March,15,11
2016-03-25 12:39:34,Ford_ka_mit_TÜV_an_bastler,privat,Offer,0,test,kleinwagen,2002,Unspecified,0,ka,150000,Jan,Gasoline,ford,Other,2016-03-25 00:00:00,54595,2016-03-30 01:45:41,2016,2016,March,March,14,11
2016-03-22 13:51:03,Ford_Ka_Royal___Lederausstattung,privat,Offer,1100,test,kleinwagen,2003,manuell,69,ka,60000,Nov,Gasoline,ford,No,2016-03-22 00:00:00,65388,2016-03-25 19:17:06,2016,2016,March,March,13,1
2016-04-04 00:56:17,Verkaufe_meinen_schoenen_Ford_Ka_wegen_Neuanschaffung.,privat,Offer,790,test,kleinwagen,2000,manuell,60,ka,150000,Feb,,ford,Other,2016-04-04 00:00:00,31535,2016-04-06 09:16:40,2016,2016,April,April,16,10
2016-03-20 17:38:41,Ford_Fiesta__Klima_4/5_Tuerer_Zahnriem.,privat,Offer,300,test,kleinwagen,2000,manuell,75,fiesta,150000,Mar,Gasoline,ford,Other,2016-03-20 00:00:00,54294,2016-03-27 05:47:36,2016,2016,March,March,16,9
2016-04-01 19:42:44,Gepflegter_Ford_Ka_TÜV_bis_06/2017,privat,Offer,1300,control,kleinwagen,2002,manuell,60,ka,150000,Jul,Gasoline,ford,No,2016-04-01 00:00:00,26409,2016-04-03 16:17:58,2016,2016,April,April,14,5
2016-04-01 17:52:36,Ford_ka_mit_faltdach,privat,Offer,1400,test,kleinwagen,2002,manuell,0,ka,60000,Jul,Gasoline,ford,Other,2016-04-01 00:00:00,51373,2016-04-05 13:17:43,2016,2016,April,April,14,5
2016-04-03 23:52:36,Ford_ka_schwarz_elek_Fen_servo_Klima_cdmp3_,privat,Offer,1325,control,kleinwagen,2000,manuell,60,ka,90000,Mar,Gasoline,ford,No,2016-04-03 00:00:00,45657,2016-04-06 07:16:31,2016,2016,April,April,16,9
2016-03-18 01:47:25,Ford_Fiesta_5trg_1_4_Diesel,privat,Offer,4250,control,kleinwagen,2010,manuell,69,fiesta,150000,Apr,Diesel,ford,No,2016-03-17 00:00:00,73054,2016-03-29 12:17:55,2016,2016,March,March,6,8
2016-03-09 08:56:32,Ford_Fiesta_Style,privat,Offer,549,test,kleinwagen,1999,manuell,50,fiesta,125000,Sep,Gasoline,ford,No,2016-03-09 00:00:00,4758,2016-03-14 09:49:03,2016,2016,March,March,17,3
2016-03-15 17:52:14,Ford_Fiesta_1.4_TDCI_Ghia,privat,Offer,1699,control,kleinwagen,2002,manuell,68,fiesta,150000,May,Diesel,ford,No,2016-03-15 00:00:00,51145,2016-03-15 17:52:14,2016,2016,March,March,14,7
2016-03-21 19:39:42,Ford_Ka,privat,Offer,880,test,kleinwagen,1997,manuell,50,ka,125000,Jan,Gasoline,ford,No,2016-03-21 00:00:00,41469,2016-04-06 21:47:14,2016,2016,March,March,19,11
2016-03-15 12:55:48,Ford_Fiesta_rot_BJ_2002,privat,Offer,485,control,kleinwagen,2002,Unspecified,90,fiesta,125000,Mar,Gasoline,ford,Other,2016-03-15 00:00:00,23556,2016-03-20 07:17:16,2016,2016,March,March,14,9
2016-03-08 20:38:01,FORD_Fiesta_TÜV_11/2016_Euro_4__Kennzeichen_gueltig_noch_1_Monat!!,privat,Offer,799,control,kleinwagen,2000,manuell,0,fiesta,125000,Nov,Gasoline,ford,Other,2016-03-08 00:00:00,90461,2016-03-09 12:16:25,2016,2016,March,March,16,1
2016-03-23 17:30:03,Ford_KA_ideal_fuer_Fahranfaenger,privat,Offer,820,test,kleinwagen,2001,manuell,60,ka,150000,Feb,Gasoline,ford,No,2016-03-23 00:00:00,55128,2016-04-05 21:18:48,2016,2016,March,March,15,10
2016-03-15 21:37:00,Ford_fiesta_1.3,privat,Offer,2500,control,kleinwagen,2005,manuell,69,fiesta,150000,Jan,Gasoline,ford,Other,2016-03-15 00:00:00,35576,2016-03-21 23:44:59,2016,2016,March,March,11,11
2016-03-30 22:38:33,Ford_Fiesta_1.3,privat,Offer,3890,control,kleinwagen,2007,manuell,69,fiesta,100000,Mar,Gasoline,ford,No,2016-03-30 00:00:00,72285,2016-04-03 15:17:54,2016,2016,March,March,9,9
2016-03-25 16:48:58,Ford_Fiesta_1.25_Trend,privat,Offer,4999,control,kleinwagen,2009,manuell,82,fiesta,90000,Apr,Gasoline,ford,No,2016-03-25 00:00:00,93109,2016-04-02 20:46:30,2016,2016,March,March,7,8
2016-03-15 12:54:45,Ford_Ka_Royal/_Klima/_kein_Rost/_TÜV_NEU,privat,Offer,1650,control,kleinwagen,2005,manuell,69,ka,100000,Mar,Gasoline,ford,No,2016-03-15 00:00:00,49088,2016-03-17 06:47:15,2016,2016,March,March,11,9
2016-03-20 22:36:24,Ford_Fiesta_1.25_Trend,privat,Offer,5390,test,kleinwagen,2010,manuell,60,fiesta,80000,Dec,Gasoline,ford,No,2016-03-20 00:00:00,39218,2016-03-30 19:46:38,2016,2016,March,March,6,0
2016-03-18 20:48:08,Ford_Fiesta_Ghia,privat,Offer,200,test,kleinwagen,2000,manuell,60,fiesta,150000,Jun,Gasoline,ford,Other,2016-03-18 00:00:00,51147,2016-03-18 20:48:08,2016,2016,March,March,16,6
2016-03-12 10:49:24,Ford_fiesta,privat,Offer,400,control,kleinwagen,2005,manuell,60,fiesta,70000,Jan,,ford,Yes,2016-03-12 00:00:00,41372,2016-04-06 02:46:11,2016,2016,March,March,11,11
2016-03-26 14:37:41,Ford_Fusion_Viva_1.4i,privat,Offer,2390,control,kleinwagen,2004,manuell,0,fusion,150000,Sep,,ford,No,2016-03-26 00:00:00,26133,2016-04-06 02:17:01,2016,2016,March,March,12,3
2016-03-10 17:44:14,Ford_Ka_Tiefer_E_Fenster_Klima_Leder_Servo,privat,Offer,600,control,kleinwagen,2001,manuell,60,ka,150000,Sep,Gasoline,ford,No,2016-03-10 00:00:00,48249,2016-03-12 22:18:59,2016,2016,March,March,15,3
2016-03-12 23:57:34,Ford_Fiesta_zu_verkaufen,privat,Offer,500,control,kleinwagen,2000,manuell,45,fiesta,60000,Mar,Gasoline,ford,Yes,2016-03-12 00:00:00,59556,2016-04-06 13:46:22,2016,2016,March,March,16,9
2016-03-15 19:48:41,Ford_Fiesta,privat,Offer,100,control,kleinwagen,1995,manuell,52,fiesta,90000,Mar,Gasoline,ford,No,2016-03-15 00:00:00,59955,2016-04-07 00:17:21,2016,2016,March,March,21,9
2016-03-10 21:52:35,Ford_Fiesta_1.3_Servo_Tuev_Au_neu,privat,Offer,1750,control,kleinwagen,2001,manuell,0,fiesta,125000,Oct,Gasoline,ford,No,2016-03-10 00:00:00,44536,2016-03-27 06:44:27,2016,2016,March,March,15,2
2016-03-12 19:38:35,Ford_Fiesta_1.25_Trend,privat,Offer,4950,test,kleinwagen,2009,manuell,82,fiesta,50000,May,Gasoline,ford,No,2016-03-12 00:00:00,56858,2016-04-07 14:57:46,2016,2016,March,March,7,7
2016-04-06 10:36:16,Ford_Fiesta_1.3,privat,Offer,2899,test,kleinwagen,2006,manuell,69,fiesta,70000,Jan,Gasoline,ford,No,2016-04-06 00:00:00,13587,2016-04-06 10:36:16,2016,2016,April,April,10,11
2016-03-22 13:52:21,Ford_Fiesta,privat,Offer,1150,control,kleinwagen,1999,manuell,0,fiesta,150000,Jul,Gasoline,ford,No,2016-03-22 00:00:00,53560,2016-04-06 02:46:14,2016,2016,March,March,17,5
2016-03-05 20:59:32,Ford_Focus_1.6_16V_Sport__116000km__Tuev_02/2018__Top_Zustand!!!,privat,Offer,5400,control,kleinwagen,2010,manuell,100,focus,125000,Jan,Gasoline,ford,No,2016-02-23 00:00:00,21629,2016-03-09 15:52:23,2016,2016,February,March,6,11
2016-03-15 00:57:51,Ford_Fiesta,privat,Offer,1469,test,kleinwagen,2002,manuell,50,fiesta,100000,Dec,Gasoline,ford,No,2016-03-15 00:00:00,44652,2016-04-05 15:17:08,2016,2016,March,March,14,0
2016-03-08 15:36:24,Ford_Focus_top_Zustand_mit_TÜV,privat,Offer,1150,test,kleinwagen,2001,manuell,95,focus,150000,Jan,Gasoline,ford,No,2016-03-08 00:00:00,42369,2016-03-10 11:44:48,2016,2016,March,March,15,11
2016-03-07 21:42:11,FORD_Fiesta_1_3_VIVA_Klima__Sitzheizung,privat,Offer,1999,control,kleinwagen,2004,manuell,69,fiesta,125000,Jul,Gasoline,ford,No,2016-03-07 00:00:00,86159,2016-03-20 06:18:07,2016,2016,March,March,12,5
2016-03-06 12:46:37,FORD_FIESTA___FÜR_BASTLER,privat,Offer,150,test,kleinwagen,2001,manuell,50,fiesta,150000,Jan,Gasoline,ford,Other,2016-03-06 00:00:00,21709,2016-04-06 05:45:26,2016,2016,March,March,15,11
2016-03-09 14:36:56,Ford_Fiesta_1.4_TDCI_Connection,privat,Offer,5500,test,kleinwagen,2006,automatik,68,fiesta,80000,Nov,Diesel,ford,No,2016-03-09 00:00:00,80469,2016-04-06 23:16:04,2016,2016,March,March,10,1
2016-04-04 21:56:22,Ford_Fiesta_2002_Baujahr_134_TKM,privat,Offer,1150,test,kleinwagen,2002,manuell,50,fiesta,150000,Jun,Gasoline,ford,No,2016-04-04 00:00:00,21107,2016-04-07 00:45:19,2016,2016,April,April,14,6
2016-04-01 20:51:27,Ford_fiesta_rot,privat,Offer,620,test,kleinwagen,1996,manuell,50,fiesta,50000,Sep,Gasoline,ford,No,2016-04-01 00:00:00,63071,2016-04-05 18:18:51,2016,2016,April,April,20,3
2016-03-09 11:58:49,Ford_Fiesta_1.6,privat,Offer,2349,test,kleinwagen,2004,manuell,101,fiesta,150000,Aug,Gasoline,ford,Yes,2016-03-09 00:00:00,77948,2016-03-11 18:44:13,2016,2016,March,March,12,4
2016-04-03 16:43:15,Das_Auto_meiner_Mutter,privat,Offer,400,control,kleinwagen,1995,manuell,50,fiesta,80000,Mar,Gasoline,ford,Other,2016-04-03 00:00:00,91781,2016-04-05 15:46:28,2016,2016,April,April,21,9
2016-04-03 16:58:21,Ford_Feista_als_Bastler_Auto.,privat,Offer,200,control,kleinwagen,2000,manuell,50,fiesta,150000,Jan,Gasoline,ford,Other,2016-04-03 00:00:00,79650,2016-04-03 16:58:21,2016,2016,April,April,16,11
2016-03-11 02:36:54,Ford_Fiesta_1.6_TDCI,privat,Offer,2700,control,kleinwagen,2005,manuell,90,fiesta,150000,Aug,Diesel,ford,No,2016-03-11 00:00:00,95349,2016-04-06 04:44:30,2016,2016,March,March,11,4
2016-04-03 09:56:46,Fiesta_neuer_T?v_bis_02_/2018,privat,Offer,450,control,kleinwagen,1999,Unspecified,50,fiesta,150000,Apr,Gasoline,ford,Other,2016-04-03 00:00:00,73730,2016-04-05 08:16:50,2016,2016,April,April,17,8
2016-03-19 19:48:59,Ford_Ka__1._Hand__gepflegt_,privat,Offer,2350,control,kleinwagen,2008,manuell,60,ka,60000,Apr,Gasoline,ford,No,2016-03-19 00:00:00,14163,2016-03-29 00:46:57,2016,2016,March,March,8,8
2016-03-10 19:49:15,Ford_Fiesta_1.3_TÜV_6/2016,privat,Offer,2350,control,kleinwagen,2005,manuell,68,fiesta,150000,Jun,Gasoline,ford,No,2016-03-10 00:00:00,52349,2016-03-19 07:44:41,2016,2016,March,March,11,6
2016-03-12 19:55:31,Ford_fiesta_5_Tueren,privat,Offer,130,test,kleinwagen,1997,manuell,60,fiesta,125000,Jul,,ford,Yes,2016-03-12 00:00:00,91301,2016-04-05 13:45:12,2016,2016,March,March,19,5
2016-03-15 07:36:42,Fiesta_fiesta,privat,Offer,350,test,kleinwagen,1997,manuell,60,fiesta,10000,Jul,,ford,Yes,2016-03-15 00:00:00,84307,2016-03-18 01:46:15,2016,2016,March,March,19,5
2016-03-12 12:45:44,Fiesta_1.25_Trend_Klima_TÜV__Bluetooth__Scheckheft,privat,Offer,4500,test,kleinwagen,2008,manuell,82,fiesta,150000,Sep,Gasoline,ford,No,2016-03-12 00:00:00,52511,2016-04-06 08:44:40,2016,2016,March,March,8,3
2016-03-17 13:58:15,Ford_Ka_II.Ha_Klima_Servo_ABS_E.Fens_Alus_FESTPREIS!,privat,Offer,999,control,kleinwagen,2001,manuell,60,ka,100000,Nov,Gasoline,ford,No,2016-03-17 00:00:00,14612,2016-04-02 19:46:06,2016,2016,March,March,15,1
2016-03-10 13:50:14,Ford_ka_ohne_rost_mit__klima_und_TÜV,privat,Offer,550,test,kleinwagen,1999,manuell,0,ka,5000,Apr,Gasoline,ford,No,2016-03-10 00:00:00,12057,2016-03-17 21:47:48,2016,2016,March,March,17,8
2016-04-03 13:59:06,Ford_Ka_tuev_neu_2_j_top_zustand,privat,Offer,1350,control,kleinwagen,2002,Unspecified,0,ka,125000,Sep,Gasoline,ford,No,2016-04-03 00:00:00,47574,2016-04-05 12:46:59,2016,2016,April,April,14,3
2016-03-15 13:55:48,Ford_Focus_schwarz,privat,Offer,600,control,kleinwagen,2002,manuell,75,focus,150000,Dec,Gasoline,ford,Other,2016-03-15 00:00:00,66539,2016-03-15 14:44:36,2016,2016,March,March,14,0
2016-03-22 03:03:09,Fords_ka_Royal_mit_22_Monaten_TÜV_Ohne_Rost,privat,Offer,1500,test,kleinwagen,2000,manuell,60,ka,125000,Dec,Gasoline,ford,No,2016-03-22 00:00:00,50733,2016-03-22 07:51:05,2016,2016,March,March,16,0
2016-03-11 13:58:58,Ford_Ka,privat,Offer,890,test,kleinwagen,2002,manuell,60,ka,125000,Mar,Gasoline,ford,No,2016-03-11 00:00:00,59269,2016-03-11 14:39:32,2016,2016,March,March,14,9
2016-03-09 20:59:47,Ford_Fiesta_1.4_TDCI_Viva_X_Gruene_Plakete,privat,Offer,1500,test,kleinwagen,2004,manuell,68,fiesta,150000,Nov,Diesel,ford,No,2016-03-09 00:00:00,95100,2016-03-10 07:16:57,2016,2016,March,March,12,1
2016-03-29 15:47:30,Ford_Fiesta_Tuev_Neu,privat,Offer,1150,control,kleinwagen,1996,manuell,50,fiesta,125000,Aug,Gasoline,ford,No,2016-03-29 00:00:00,72636,2016-04-06 01:44:23,2016,2016,March,March,20,4
2016-03-28 14:37:49,Ford_Fiesta,privat,Offer,3500,test,kleinwagen,2006,manuell,69,fiesta,100000,Mar,Gasoline,ford,No,2016-03-28 00:00:00,37073,2016-04-06 18:19:12,2016,2016,March,March,10,9
2016-03-20 19:41:31,Ford_Fiesta,privat,Offer,690,test,kleinwagen,2000,manuell,60,fiesta,125000,May,Gasoline,ford,No,2016-03-20 00:00:00,31162,2016-03-27 08:47:24,2016,2016,March,March,16,7
2016-03-23 08:55:57,Ford_Fiesta_Fun___X__Baujahr_2008___4_Tuerig,privat,Offer,3200,control,kleinwagen,2008,manuell,69,fiesta,150000,Jun,Gasoline,ford,No,2016-03-23 00:00:00,26624,2016-04-07 08:44:27,2016,2016,March,March,8,6
2016-03-29 19:48:24,Schoener_Ford_Ka_mit_neuem_TÜV,privat,Offer,1129,control,kleinwagen,1999,manuell,60,ka,90000,Aug,Gasoline,ford,No,2016-03-29 00:00:00,7580,2016-04-04 05:16:03,2016,2016,March,March,17,4
2016-03-07 16:53:44,Ford_Fiesta_1.3,privat,Offer,1900,control,kleinwagen,2003,manuell,60,fiesta,150000,Mar,Gasoline,ford,No,2016-03-07 00:00:00,23923,2016-03-11 06:46:25,2016,2016,March,March,13,9
2016-03-14 10:50:40,Ford_Fusion_1.4_Elegance,privat,Offer,1998,control,kleinwagen,2003,manuell,80,fusion,150000,Jan,Gasoline,ford,No,2016-03-14 00:00:00,50181,2016-03-17 21:45:10,2016,2016,March,March,13,11
2016-03-08 10:48:25,Ford_Ka__BJ_1999__122000_Km__ohne_TÜV,privat,Offer,300,test,kleinwagen,1999,manuell,60,ka,125000,Sep,Gasoline,ford,Yes,2016-03-08 00:00:00,50126,2016-03-30 13:19:15,2016,2016,March,March,17,3
2016-03-15 16:47:43,an_Bastler_abzugeben,privat,Offer,300,control,kleinwagen,2001,manuell,60,fiesta,150000,Mar,Gasoline,ford,Yes,2016-03-15 00:00:00,46117,2016-03-15 16:47:43,2016,2016,March,March,15,9
2016-03-30 17:51:16,Gutes_anfaenger_oder_zweit_auto,privat,Offer,700,control,kleinwagen,2001,manuell,60,ka,150000,May,Gasoline,ford,No,2016-03-30 00:00:00,79650,2016-04-01 12:18:21,2016,2016,March,March,15,7
2016-03-11 20:41:28,Ford_Mazda_121_Comfort/_2._Hand/_TÜV_02_2017/_5_Tuerer,privat,Offer,800,control,kleinwagen,2001,manuell,50,fiesta,80000,Dec,Gasoline,ford,No,2016-03-11 00:00:00,33659,2016-03-23 21:46:19,2016,2016,March,March,15,0
2016-04-01 10:43:48,Ford_Fiesta_1_3_Euro_2__mit__Alufelgen_Servo_Airbags..und_Tuev,privat,Offer,290,control,kleinwagen,1996,manuell,0,fiesta,150000,Oct,Gasoline,ford,No,2016-04-01 00:00:00,48249,2016-04-01 10:43:48,2016,2016,April,April,20,2
2016-03-12 20:48:47,Ford_Ka_perfekt_fuer_Anfaenger_tuev_04/17,privat,Offer,699,test,kleinwagen,2000,manuell,60,ka,150000,Jan,,ford,No,2016-03-12 00:00:00,24536,2016-04-05 14:18:33,2016,2016,March,March,16,11
2016-03-14 23:53:02,Ford_Ka_zu_verkaufen,privat,Offer,1300,control,kleinwagen,2003,manuell,60,ka,70000,Feb,Gasoline,ford,No,2016-03-14 00:00:00,32756,2016-03-17 00:47:09,2016,2016,March,March,13,10
2016-04-05 07:56:53,Ford_Fiesta_Ghia_Edition,privat,Offer,180,test,kleinwagen,1996,manuell,75,fiesta,150000,Jun,Gasoline,ford,Other,2016-04-05 00:00:00,32107,2016-04-07 12:15:50,2016,2016,April,April,20,6
2016-03-30 17:46:08,Ford_Fiesta_mit_Klima,privat,Offer,1750,control,kleinwagen,2004,manuell,60,fiesta,150000,Jan,Gasoline,ford,No,2016-03-30 00:00:00,76131,2016-04-05 06:15:35,2016,2016,March,March,12,11
2016-03-07 18:43:52,Ford_Escort_guter_Zustand!,privat,Offer,750,control,kleinwagen,1994,manuell,75,escort,100000,May,Gasoline,ford,Other,2016-03-07 00:00:00,14727,2016-03-17 16:45:58,2016,2016,March,March,22,7
2016-03-12 10:37:21,Ford_Fiesta_1.3,privat,Offer,999,control,kleinwagen,1999,manuell,50,fiesta,150000,Oct,Gasoline,ford,No,2016-03-12 00:00:00,16225,2016-03-12 10:37:21,2016,2016,March,March,17,2
2016-03-20 14:38:13,Ford_Ka_in_Blau_Metallic,privat,Offer,290,test,kleinwagen,2001,manuell,60,ka,125000,Nov,Gasoline,ford,No,2016-03-20 00:00:00,51491,2016-03-25 18:36:19,2016,2016,March,March,15,1
2016-03-17 17:51:10,Ford_Ford_Fiesta_TÜV_2017_85.000km_60PS,privat,Offer,999,control,kleinwagen,1998,manuell,60,fiesta,90000,Mar,Gasoline,ford,No,2016-03-17 00:00:00,88299,2016-03-23 06:45:26,2016,2016,March,March,18,9
2016-03-10 13:43:38,Ford_Fiesta_1_4_TÜV_Neu__3/18,privat,Offer,1250,test,kleinwagen,2003,manuell,80,fiesta,150000,Jan,Gasoline,ford,Other,2016-03-10 00:00:00,35510,2016-03-15 03:15:14,2016,2016,March,March,13,11
2016-03-30 20:37:52,Ford_Focus_AU_und_HU_Kupplung_sind_Neu,privat,Offer,2250,control,kleinwagen,2000,manuell,101,mondeo,150000,Mar,Gasoline,ford,No,2016-03-30 00:00:00,33100,2016-04-07 12:44:33,2016,2016,March,March,16,9
2016-03-08 07:55:03,Ford_fiesta_an_bastler,privat,Offer,200,test,kleinwagen,1995,manuell,50,Other,125000,Jan,Gasoline,ford,Yes,2016-03-08 00:00:00,21635,2016-04-06 03:15:33,2016,2016,March,March,21,11
2016-03-25 20:51:10,Ford_Fiesta_1.4_TDCI,privat,Offer,850,control,kleinwagen,2004,manuell,68,fiesta,150000,Jun,Diesel,ford,Yes,2016-03-25 00:00:00,66894,2016-03-28 21:19:44,2016,2016,March,March,12,6
2016-03-20 07:01:01,Ford_Ka__Erstzul:_2006_TÜV__Okt.16__136.000_km__Bastlerfahrzeug,privat,Offer,800,test,kleinwagen,2006,manuell,69,ka,150000,Apr,Gasoline,ford,Yes,2016-03-20 00:00:00,59075,2016-03-21 11:17:45,2016,2016,March,March,10,8
2016-03-27 17:37:42,Ford_Focus_1.6,privat,Offer,0,test,kleinwagen,2001,manuell,101,focus,150000,May,,ford,Yes,2016-03-27 00:00:00,99310,2016-04-05 13:17:37,2016,2016,March,March,15,7
2016-04-02 14:52:48,Ford_Fiesta_Focus,privat,Offer,1000,test,kleinwagen,1999,manuell,60,fiesta,150000,Jun,Gasoline,ford,No,2016-04-02 00:00:00,4509,2016-04-06 13:17:46,2016,2016,April,April,17,6
2016-03-24 11:53:40,Ford_fiesta_1.8_DI,privat,Offer,300,test,kleinwagen,2000,Unspecified,75,fiesta,150000,Jan,Diesel,ford,Yes,2016-03-24 00:00:00,91555,2016-04-07 03:45:25,2016,2016,March,March,16,11
2016-03-25 09:53:46,Ford_Fiesta_|_HU_04/2017_|_109000KM,privat,Offer,1000,test,kleinwagen,2002,manuell,50,fiesta,125000,Mar,Gasoline,ford,No,2016-03-25 00:00:00,77955,2016-04-06 08:46:11,2016,2016,March,March,14,9
2016-03-12 20:50:15,Ford_Ka_mit_Tuev_zu_Verkaufen,privat,Offer,1500,test,kleinwagen,2001,manuell,60,ka,80000,Jan,Gasoline,ford,Other,2016-03-12 00:00:00,48477,2016-04-05 14:45:14,2016,2016,March,March,15,11
2016-03-16 19:48:00,Ford_Ka_mit_TÜV._2016_Maerz.,privat,Offer,500,test,kleinwagen,2001,manuell,60,ka,125000,Oct,Gasoline,ford,No,2016-03-16 00:00:00,41061,2016-03-16 19:48:00,2016,2016,March,March,15,2
2016-04-07 02:36:38,Ford_ka_:_,privat,Offer,199,control,kleinwagen,1999,manuell,50,ka,150000,Jan,Gasoline,ford,No,2016-04-07 00:00:00,30179,2016-04-07 02:36:38,2016,2016,April,April,17,11
2016-04-01 23:52:02,ford_ka_EZ_2003___km_80.000,privat,Offer,500,control,kleinwagen,2003,manuell,0,ka,90000,Aug,Gasoline,ford,Other,2016-04-01 00:00:00,24939,2016-04-06 05:15:58,2016,2016,April,April,13,4
2016-03-15 12:53:33,Ford_Fiesta_1.1_GFJ_1992_TÜV_11/2017,privat,Offer,250,control,kleinwagen,1992,manuell,50,fiesta,150000,Aug,Gasoline,ford,Other,2016-03-15 00:00:00,97440,2016-03-16 09:16:41,2016,2016,March,March,24,4
2016-03-14 16:50:23,Ford_Fiesta_an_Bastler_guenstig,privat,Offer,200,test,kleinwagen,2001,manuell,60,fiesta,150000,Jan,Gasoline,ford,Yes,2016-03-14 00:00:00,27356,2016-03-20 04:45:57,2016,2016,March,March,15,11
2016-03-13 18:42:12,Ford_Fiesta_1.25_Trend_Klima,privat,Offer,5690,test,kleinwagen,2009,manuell,60,fiesta,90000,Jun,Gasoline,ford,No,2016-03-13 00:00:00,53757,2016-04-02 18:18:33,2016,2016,March,March,7,6
2016-03-07 01:51:22,Ford_Fiesta_1.3_mit_2_Jahre_TÜV,privat,Offer,2250,control,kleinwagen,2002,manuell,60,fiesta,150000,Dec,,ford,Other,2016-03-07 00:00:00,52477,2016-03-11 13:47:07,2016,2016,March,March,14,0
2016-03-23 13:51:45,BASTLERFAHRZEUG_Ford_KA,privat,Offer,150,test,kleinwagen,1999,manuell,60,ka,150000,Nov,Gasoline,ford,Yes,2016-03-23 00:00:00,63589,2016-04-05 14:45:21,2016,2016,March,March,17,1
2016-03-14 21:38:41,Ford_Ka_mit_TÜV_BIS_5_2017,privat,Offer,150,test,kleinwagen,2000,manuell,60,ka,150000,Feb,Gasoline,ford,Yes,2016-03-14 00:00:00,45481,2016-03-20 12:45:34,2016,2016,March,March,16,10
2016-03-11 15:36:18,Ford_Ford_Fiesta_Automatik,privat,Offer,950,test,kleinwagen,1997,automatik,75,fiesta,70000,Jun,Gasoline,ford,No,2016-03-11 00:00:00,76470,2016-03-12 20:47:24,2016,2016,March,March,19,6
2016-04-01 16:46:25,Ford_Ka_1.3i_Euro_4_Klima_Gepflegt...mit__Hu/Au_Neu_+350,privat,Offer,400,control,kleinwagen,2000,manuell,60,ka,150000,Dec,Gasoline,ford,No,2016-04-01 00:00:00,19376,2016-04-05 11:49:40,2016,2016,April,April,16,0
2016-03-21 17:51:06,Ford_Fiesta,privat,Offer,1399,control,kleinwagen,2001,manuell,75,fiesta,125000,Nov,Gasoline,ford,No,2016-03-21 00:00:00,46325,2016-03-30 05:44:56,2016,2016,March,March,15,1
2016-03-31 21:53:08,Ford_Fiesta_1.3,privat,Offer,3500,test,kleinwagen,2004,manuell,60,fiesta,90000,Jul,Gasoline,ford,No,2016-03-31 00:00:00,66687,2016-04-06 17:45:15,2016,2016,March,March,12,5
2016-03-09 15:47:10,hiermit_verkaufe_ich_Ford_Fiesta_Ambiente,privat,Offer,3950,control,kleinwagen,2005,manuell,80,fiesta,125000,Feb,Gasoline,ford,Other,2016-03-09 00:00:00,32832,2016-03-16 18:16:11,2016,2016,March,March,11,10
2016-03-10 12:56:08,Ford_Fiesta,privat,Offer,750,test,kleinwagen,2000,manuell,50,fiesta,150000,Apr,Gasoline,ford,No,2016-03-10 00:00:00,24211,2016-03-15 03:17:52,2016,2016,March,March,16,8
2016-03-22 15:42:11,Ford_Fiesta_Style,privat,Offer,650,control,kleinwagen,1999,manuell,50,fiesta,125000,Apr,Gasoline,ford,Yes,2016-03-22 00:00:00,68526,2016-04-06 05:15:35,2016,2016,March,March,17,8
2016-04-01 20:38:21,Ford_Fiesta_vollfahrbereit_TÜV_bis_01.2017,privat,Offer,650,test,kleinwagen,1997,manuell,50,fiesta,150000,Dec,Gasoline,ford,No,2016-04-01 00:00:00,92342,2016-04-05 17:26:53,2016,2016,April,April,19,0
2016-03-19 13:37:54,Ford_Ka__Bj_2006___Bastlerfahrzeug!!!,privat,Offer,500,test,kleinwagen,2005,manuell,70,ka,125000,Jan,Gasoline,ford,Yes,2016-03-19 00:00:00,66346,2016-03-28 14:46:30,2016,2016,March,March,11,11
2016-03-23 13:48:14,Ford_Fiesta_1.4,privat,Offer,3999,test,kleinwagen,2008,automatik,80,fiesta,60000,Jan,Gasoline,ford,No,2016-03-23 00:00:00,13587,2016-04-05 13:47:31,2016,2016,March,March,8,11
2016-03-23 11:50:32,Ford_Ka_1.3l_60_PS,privat,Offer,1199,test,kleinwagen,2005,manuell,60,ka,150000,Feb,Gasoline,ford,No,2016-03-23 00:00:00,53804,2016-04-07 13:17:10,2016,2016,March,March,11,10
2016-03-08 10:54:52,Ford_Ka_OHNE_HU,privat,Offer,150,test,kleinwagen,2002,manuell,0,ka,90000,Mar,Gasoline,ford,Other,2016-03-08 00:00:00,17109,2016-04-07 07:44:46,2016,2016,March,March,14,9
2016-04-03 21:00:01,Ford_ka_abzugeben,privat,Offer,0,test,kleinwagen,2001,manuell,60,ka,150000,Aug,Gasoline,ford,No,2016-04-03 00:00:00,84543,2016-04-03 21:00:01,2016,2016,April,April,15,4
2016-03-05 17:45:27,Ford_Fiesta_1.3_60_PS,privat,Offer,2200,test,kleinwagen,2004,manuell,60,fiesta,125000,Jan,Gasoline,ford,No,2016-03-05 00:00:00,89281,2016-03-06 03:46:19,2016,2016,March,March,12,11
2016-04-02 22:49:02,faehrt_noch_ueberall_hin,privat,Offer,800,test,kleinwagen,1998,manuell,55,fiesta,60000,Jul,Gasoline,ford,No,2016-04-02 00:00:00,32457,2016-04-07 00:45:40,2016,2016,April,April,18,5
2016-04-04 16:46:47,Ford_Fusion_1.4_TDCi_Klima__Navi_8__Fach,privat,Offer,2490,test,kleinwagen,2006,manuell,68,fusion,150000,Jun,Diesel,ford,No,2016-04-04 00:00:00,15370,2016-04-04 16:46:47,2016,2016,April,April,10,6
2016-04-02 17:40:12,Ford_Fiesta_voll_fahrbereit_mit_Klima_und_TÜV,privat,Offer,498,control,kleinwagen,1999,manuell,75,fiesta,150000,Mar,Gasoline,ford,No,2016-04-02 00:00:00,6925,2016-04-06 16:46:02,2016,2016,April,April,17,9
2016-03-07 13:53:37,Ford_Fiesta,privat,Offer,0,control,kleinwagen,1997,manuell,75,fiesta,150000,Jan,Gasoline,ford,Other,2016-03-07 00:00:00,38723,2016-03-25 11:48:53,2016,2016,March,March,19,11
2016-03-25 12:48:18,Ford_Ka_laeuft_1A_mit_Ledersitze_und_Klimaanlage_!!!!!,privat,Offer,1190,test,kleinwagen,2002,Unspecified,0,ka,150000,Mar,Gasoline,ford,No,2016-03-25 00:00:00,33397,2016-04-06 13:46:23,2016,2016,March,March,14,9
2016-03-07 21:46:45,Ford_Fiesta_1_8l_Turbo_Diesel_/_Angebot_nur_Heute_:_350_FP.,privat,Offer,390,control,kleinwagen,2000,manuell,75,fiesta,150000,Apr,Diesel,ford,No,2016-03-07 00:00:00,22117,2016-03-08 08:46:42,2016,2016,March,March,16,8
2016-03-07 17:57:02,Ford_Focus,privat,Offer,1450,test,kleinwagen,2000,manuell,100,focus,150000,Mar,Gasoline,ford,Yes,2016-03-07 00:00:00,28219,2016-03-07 22:46:05,2016,2016,March,March,16,9
2016-03-16 14:52:33,Ford_Ka_in_blau_mit_Faltdach_und_19_Monaten_TÜV,privat,Offer,1250,test,kleinwagen,2002,manuell,59,ka,150000,Apr,Gasoline,ford,Other,2016-03-16 00:00:00,48607,2016-04-06 16:44:56,2016,2016,March,March,14,8
2016-03-16 11:46:48,Ford_Ka_Bj.2001_an_Bastler,privat,Offer,350,test,kleinwagen,2001,manuell,60,ka,100000,Jan,Gasoline,ford,Yes,2016-03-16 00:00:00,41539,2016-03-28 10:48:32,2016,2016,March,March,15,11
2016-03-08 17:55:47,Ford_Ambiente,privat,Offer,1300,control,kleinwagen,2000,manuell,101,focus,150000,Jan,Gasoline,ford,No,2016-03-08 00:00:00,86444,2016-03-09 09:17:35,2016,2016,March,March,16,11
2016-03-28 16:54:31,Ford_Fiesta_1.25_Ambiente,privat,Offer,4400,test,kleinwagen,2009,manuell,82,fiesta,125000,Oct,Gasoline,ford,No,2016-03-28 00:00:00,28844,2016-04-06 22:17:48,2016,2016,March,March,7,2
2016-03-26 19:53:15,Ford_Fusion_1.4_TDCI_+,privat,Offer,2000,control,kleinwagen,2006,manuell,68,fusion,150000,Apr,Diesel,ford,Yes,2016-03-26 00:00:00,92277,2016-04-06 10:45:26,2016,2016,March,March,10,8
2016-03-19 21:41:11,Fuer_Bastler_oder_fuer_den_Übergang_nutzbar,privat,Offer,300,control,kleinwagen,1997,manuell,0,ka,150000,Jun,Gasoline,ford,Yes,2016-03-19 00:00:00,64750,2016-03-19 21:41:11,2016,2016,March,March,19,6
2016-03-10 17:46:26,Ford_Fiesta,privat,Offer,600,control,kleinwagen,2001,manuell,50,fiesta,125000,Apr,Gasoline,ford,Other,2016-03-10 00:00:00,75328,2016-03-12 08:17:15,2016,2016,March,March,15,8
2016-03-12 19:44:25,Ford_Fusion,privat,Offer,2799,test,kleinwagen,2006,manuell,75,fusion,150000,May,Gasoline,ford,No,2016-03-12 00:00:00,50767,2016-03-17 22:47:12,2016,2016,March,March,10,7
2016-03-28 16:37:56,Schoener_Ford_Fiesta_zu_verkaufen,privat,Offer,360,test,kleinwagen,1999,manuell,75,fiesta,150000,Mar,Gasoline,ford,No,2016-03-28 00:00:00,52249,2016-04-04 19:18:37,2016,2016,March,March,17,9
2016-04-02 14:57:48,Fort_Ka_ohne_tuev,privat,Offer,350,test,kleinwagen,2000,Unspecified,0,ka,150000,Aug,Gasoline,ford,Yes,2016-04-02 00:00:00,51067,2016-04-06 13:44:36,2016,2016,April,April,16,4
2016-04-04 20:59:08,Ford_Ka_1.3_TDCi_Titanium,privat,Offer,5500,control,kleinwagen,2010,manuell,75,ka,90000,Sep,Diesel,ford,No,2016-04-04 00:00:00,30916,2016-04-06 23:44:30,2016,2016,April,April,6,3
2016-03-07 14:59:02,Gepflegter_Ford_Ka___TÜV_u._AU_Neu,privat,Offer,1200,control,kleinwagen,2004,manuell,60,ka,150000,Dec,Gasoline,ford,No,2016-03-06 00:00:00,26632,2016-04-06 02:44:21,2016,2016,March,March,12,0
2016-03-10 17:49:10,Ford_Fiesta_1.3_Style,privat,Offer,3900,control,kleinwagen,2008,manuell,60,fiesta,100000,Jan,Gasoline,ford,No,2016-03-10 00:00:00,66386,2016-03-12 08:44:13,2016,2016,March,March,8,11
2016-03-12 17:45:08,Ford_Ka_1.3_mit_TÜV_05/2017!!Euro_4_Klima_!!Fahrbereit_++,privat,Offer,980,test,kleinwagen,2003,manuell,69,ka,150000,Jan,Gasoline,ford,Other,2016-03-12 00:00:00,41516,2016-03-12 17:45:08,2016,2016,March,March,13,11
2016-03-27 15:39:11,Ford_Ka_aus_Frauenhand,privat,Offer,0,control,kleinwagen,2010,manuell,59,ka,70000,Aug,Gasoline,ford,No,2016-03-27 00:00:00,52399,2016-04-07 12:17:57,2016,2016,March,March,6,4
2016-03-22 21:36:20,Ford_Fiesta_1_4_Benziner,privat,Offer,850,control,kleinwagen,2003,manuell,80,fiesta,150000,Jan,Gasoline,ford,Yes,2016-03-22 00:00:00,78713,2016-03-22 22:43:53,2016,2016,March,March,13,11
2016-03-09 08:54:21,Ford_Fiesta_Kleinwagen,privat,Offer,200,test,kleinwagen,2000,manuell,75,Other,150000,Jan,Gasoline,ford,Yes,2016-03-09 00:00:00,1936,2016-04-07 14:32:46,2016,2016,March,March,16,11
2016-03-27 18:52:51,Ford_Fiesta_1.3_Ambiente,privat,Offer,2550,control,kleinwagen,2005,manuell,60,fiesta,90000,Mar,Gasoline,ford,No,2016-03-27 00:00:00,63329,2016-03-29 10:15:45,2016,2016,March,March,11,9
2016-03-19 05:02:13,FORD_FIESTA.SEHR_GEPFLEGT.2.HAND__TÜV_07/2017,privat,Offer,950,test,kleinwagen,2000,manuell,50,fiesta,125000,Jun,Gasoline,ford,No,2016-03-19 00:00:00,24143,2016-03-22 15:47:50,2016,2016,March,March,16,6
2016-03-18 11:42:53,Ford_Fusion_1.6_TDCI_+,privat,Offer,2900,control,kleinwagen,2006,manuell,90,fusion,150000,Jun,Diesel,ford,No,2016-03-18 00:00:00,59909,2016-03-18 11:42:53,2016,2016,March,March,10,6
2016-03-24 09:56:33,Ford_Ka_zum_01.04.2016,privat,Offer,1000,control,kleinwagen,2003,Unspecified,60,ka,150000,Mar,Gasoline,ford,Yes,2016-03-24 00:00:00,27711,2016-04-04 21:45:45,2016,2016,March,March,13,9
2016-03-10 14:37:23,Ford_Ka,privat,Offer,650,test,kleinwagen,1999,manuell,60,ka,150000,May,Gasoline,ford,No,2016-03-10 00:00:00,48691,2016-04-07 11:47:01,2016,2016,March,March,17,7
2016-03-08 12:49:51,Ford_Ka_zu_verkaufen,privat,Offer,500,test,kleinwagen,2002,manuell,0,ka,40000,Jan,Gasoline,ford,Yes,2016-03-08 00:00:00,27404,2016-04-05 13:44:31,2016,2016,March,March,14,11
2016-03-21 17:58:16,Stadfltzer_Ford_Ka_EZ_2005_Guter_zustand_TÜV_u_ASU_07_2016,privat,Offer,699,control,kleinwagen,2005,manuell,60,ka,5000,Jul,Gasoline,ford,No,2016-03-21 00:00:00,22119,2016-03-30 06:17:33,2016,2016,March,March,11,5
2016-03-27 12:25:17,Ford_KA_zu_verkaufen,privat,Offer,300,test,kleinwagen,1999,manuell,0,Other,125000,Jul,Gasoline,ford,Other,2016-03-27 00:00:00,65555,2016-04-07 04:45:36,2016,2016,March,March,17,5
2016-03-09 17:57:26,Fort_Ka_als_Ersatzteiltraeger,privat,Offer,100,test,kleinwagen,1997,manuell,0,ka,100000,Mar,Gasoline,ford,Other,2016-03-09 00:00:00,25551,2016-03-23 10:46:48,2016,2016,March,March,19,9
2016-03-22 16:48:43,ford_fiesta,privat,Offer,199,test,kleinwagen,1997,manuell,60,fiesta,125000,Apr,Gasoline,ford,Other,2016-03-22 00:00:00,59229,2016-03-31 14:44:42,2016,2016,March,March,19,8
2016-03-11 16:48:13,Ford_Fiesta_JAS_Weiss_/_aus_Rentnerhand,privat,Offer,780,test,kleinwagen,2000,manuell,50,fiesta,100000,Apr,Gasoline,ford,No,2016-03-11 00:00:00,78224,2016-03-23 14:19:17,2016,2016,March,March,16,8
2016-03-23 18:43:40,Ford_Fiesta_1.3_benziner_Top_zustand_!!!,privat,Offer,700,test,kleinwagen,1998,manuell,75,fiesta,100000,Jan,,ford,Other,2016-03-23 00:00:00,53840,2016-03-25 02:44:22,2016,2016,March,March,18,11
2016-03-26 20:53:35,Ford_Fiesta_mit_Schneepflug/_Raeumschild,privat,Offer,799,control,kleinwagen,2006,manuell,50,fiesta,125000,Oct,Gasoline,ford,Other,2016-03-26 00:00:00,8062,2016-04-06 12:17:58,2016,2016,March,March,10,2
2016-04-04 10:52:58,Ford_Ka_Klima__Alu_EF_ZV.....,privat,Offer,0,control,kleinwagen,2003,manuell,60,ka,125000,Dec,Gasoline,ford,Yes,2016-04-04 00:00:00,79369,2016-04-04 11:42:44,2016,2016,April,April,13,0
2016-03-31 09:52:21,Ford_ka__2001,privat,Offer,950,control,kleinwagen,2001,manuell,71,Other,150000,Jan,Gasoline,ford,Yes,2016-03-31 00:00:00,42857,2016-03-31 09:52:21,2016,2016,March,March,15,11
2016-03-12 18:49:17,Ford_ka_Bj_2002,privat,Offer,200,test,kleinwagen,2002,manuell,60,ka,150000,Aug,,ford,Other,2016-03-12 00:00:00,52441,2016-03-12 18:49:17,2016,2016,March,March,14,4
2016-03-19 03:52:04,Ford_fiesta_style,privat,Offer,650,test,kleinwagen,1997,manuell,75,fiesta,150000,Jul,Gasoline,ford,No,2016-03-19 00:00:00,80807,2016-04-06 05:45:21,2016,2016,March,March,19,5
2016-03-19 14:43:11,Ford_Fiesta_CLX_Youngtimer,privat,Offer,1500,test,kleinwagen,1991,manuell,60,fiesta,30000,Jul,Gasoline,ford,No,2016-03-19 00:00:00,58640,2016-03-20 16:19:02,2016,2016,March,March,25,5
2016-03-16 13:46:40,Ford_Ka_TÜV_/_AU_NEU_EURO_4_GRÜNE_UMWELTPLAKETTE_4,privat,Offer,849,control,kleinwagen,2002,manuell,0,Other,70000,Feb,Gasoline,ford,No,2016-03-16 00:00:00,13437,2016-03-16 13:46:40,2016,2016,March,March,14,10
2016-04-01 00:56:39,Super_Auto_Fuer_kleines_Geld,privat,Offer,777,test,kleinwagen,1997,manuell,60,fiesta,80000,Jan,Gasoline,ford,No,2016-03-31 00:00:00,55543,2016-04-03 04:15:52,2016,2016,March,April,19,11
2016-04-04 10:58:15,Ford_Fiesta,privat,Offer,250,control,kleinwagen,2001,manuell,50,fiesta,150000,Oct,Gasoline,ford,No,2016-04-04 00:00:00,33142,2016-04-04 10:58:15,2016,2016,April,April,15,2
2016-03-11 13:55:45,Verkaufe_Ford_wie_auf_Bildern,privat,Offer,5700,test,kleinwagen,2009,manuell,82,fiesta,90000,Jan,,ford,No,2016-03-11 00:00:00,6193,2016-03-15 23:44:57,2016,2016,March,March,7,11
2016-03-16 21:51:57,Ford_Fiesta_1.4,privat,Offer,2349,control,kleinwagen,2005,manuell,80,fiesta,150000,Oct,Gasoline,ford,No,2016-03-16 00:00:00,42111,2016-03-17 22:18:11,2016,2016,March,March,11,2
2016-03-05 22:56:56,Ford_Fiesta_1.3_l__FUN,privat,Offer,4300,control,kleinwagen,2006,manuell,70,fiesta,70000,Mar,Gasoline,ford,No,2016-03-03 00:00:00,69429,2016-03-17 10:16:57,2016,2016,March,March,10,9
2016-03-09 17:50:38,Ford_Fiesta_an_Basteler,privat,Offer,280,test,kleinwagen,2000,manuell,50,Other,20000,Jul,Gasoline,ford,Other,2016-03-09 00:00:00,38154,2016-04-07 10:44:38,2016,2016,March,March,16,5
2016-03-26 20:48:12,Ford_Fiesta_Bj_2002_ohne_TÜV,privat,Offer,400,control,kleinwagen,2002,manuell,0,fiesta,150000,Jan,Gasoline,ford,Yes,2016-03-26 00:00:00,21109,2016-04-04 10:45:11,2016,2016,March,March,14,11
2016-04-03 19:54:38,Ford_KA_Titanium__Panther_Schwarz_Metallic,privat,Offer,5700,test,kleinwagen,2011,manuell,69,ka,50000,May,Gasoline,ford,Other,2016-04-03 00:00:00,27711,2016-04-05 20:45:29,2016,2016,April,April,5,7
2016-04-02 19:37:22,Ford_Fiesta_1.4,privat,Offer,3750,control,kleinwagen,2007,manuell,80,fiesta,125000,May,Gasoline,ford,No,2016-04-02 00:00:00,47229,2016-04-06 19:44:33,2016,2016,April,April,9,7
2016-03-11 15:25:21,Ford_Fiesta_1_4,privat,Offer,3600,control,kleinwagen,2007,manuell,80,fiesta,150000,Apr,Gasoline,ford,Other,2016-03-11 00:00:00,65599,2016-03-26 20:44:45,2016,2016,March,March,9,8
2016-03-08 14:53:50,Ford_Fiesta_1.3_KLIMA/_TÜV_NEU,privat,Offer,3490,test,kleinwagen,2005,manuell,69,fiesta,80000,Sep,Gasoline,ford,No,2016-03-08 00:00:00,96269,2016-03-08 15:44:09,2016,2016,March,March,11,3
2016-03-12 01:59:13,Ford_Ka,privat,Offer,980,test,kleinwagen,2001,manuell,60,ka,150000,Feb,Gasoline,ford,No,2016-03-12 00:00:00,24214,2016-03-15 10:46:20,2016,2016,March,March,15,10
2016-03-15 13:49:42,Ford_Fiesta_mit_Motorschaden_und_TÜV,privat,Offer,1200,control,kleinwagen,2006,manuell,75,fiesta,150000,Aug,Gasoline,ford,Yes,2016-03-15 00:00:00,66121,2016-03-21 10:17:21,2016,2016,March,March,10,4
2016-03-10 15:54:42,Ford_Fiesta_1.3_Ambiente,privat,Offer,2300,test,kleinwagen,2006,manuell,60,fiesta,150000,Jul,Gasoline,ford,No,2016-03-10 00:00:00,61169,2016-03-11 12:27:20,2016,2016,March,March,10,5
2016-03-22 08:51:54,Ford_Fiesta_1.2_mit_2_Jahren_TÜV.,privat,Offer,800,control,kleinwagen,2000,manuell,60,fiesta,150000,Apr,Gasoline,ford,No,2016-03-22 00:00:00,41061,2016-03-22 09:45:12,2016,2016,March,March,16,8
2016-03-31 14:25:20,Ford_TÜVNEU_LEDER_KLIMA,privat,Offer,1000,test,kleinwagen,1999,manuell,60,ka,150000,Nov,Gasoline,ford,No,2016-03-31 00:00:00,60326,2016-04-06 06:15:28,2016,2016,March,March,17,1
2016-03-21 21:49:00,Ford_Fusion_1.6_+,privat,Offer,3050,control,kleinwagen,2004,automatik,101,fusion,70000,Jun,Gasoline,ford,No,2016-03-21 00:00:00,47495,2016-03-24 11:45:20,2016,2016,March,March,12,6
2016-04-03 12:40:31,Ford_Ka_Top_Wagen_mit_Klima,privat,Offer,850,control,kleinwagen,2000,manuell,60,ka,90000,Mar,Gasoline,ford,No,2016-04-03 00:00:00,48231,2016-04-05 11:15:49,2016,2016,April,April,16,9
2016-03-10 15:38:39,Ford_Fiesta,privat,Offer,999,test,kleinwagen,2001,manuell,60,fiesta,150000,Feb,Gasoline,ford,No,2016-03-10 00:00:00,85077,2016-03-11 03:15:10,2016,2016,March,March,15,10
2016-03-23 15:51:01,2004_Ford_Fiesta,privat,Offer,1200,test,kleinwagen,2004,manuell,0,fiesta,150000,Mar,Gasoline,ford,Other,2016-03-23 00:00:00,34560,2016-03-23 15:51:01,2016,2016,March,March,12,9
2016-04-02 17:48:20,Ford_1.25_Trend_82_PS,privat,Offer,5500,control,kleinwagen,2009,manuell,82,fiesta,70000,Jun,Gasoline,ford,No,2016-04-02 00:00:00,16798,2016-04-06 17:17:38,2016,2016,April,April,7,6
2016-03-21 21:50:07,Ford_Fiesta_Ghia_Servo**KILIMA**_kein_TÜV,privat,Offer,170,control,kleinwagen,1996,manuell,75,fiesta,125000,Oct,Gasoline,ford,No,2016-03-21 00:00:00,38226,2016-04-07 02:16:13,2016,2016,March,March,20,2
2016-03-28 23:51:36,Ford_Fiesta_Sport__Autogas__Leder__ST_Style,privat,Offer,4950,test,kleinwagen,2009,manuell,120,fiesta,150000,Feb,Lpg,ford,Other,2016-03-28 00:00:00,49413,2016-04-03 15:15:55,2016,2016,March,March,7,10
2016-03-10 23:55:05,Ford_Fiesta_1.3_Klima_EURO_4_TÜV_10/2017,privat,Offer,1299,test,kleinwagen,2006,manuell,60,fiesta,150000,Nov,Gasoline,ford,No,2016-03-10 00:00:00,90571,2016-03-12 11:45:32,2016,2016,March,March,10,1
2016-04-04 21:42:28,Ford_Fiesta_1.25_Trend,privat,Offer,4799,test,kleinwagen,2009,manuell,60,fiesta,125000,Jul,Gasoline,ford,No,2016-04-04 00:00:00,49356,2016-04-07 00:15:43,2016,2016,April,April,7,5
2016-03-09 17:52:32,Ford_Sierra_2.0i__KAT_,privat,Offer,150,test,kleinwagen,1989,automatik,100,andere,150000,Mar,Gasoline,ford,Yes,2016-03-09 00:00:00,36318,2016-04-07 10:44:40,2016,2016,March,March,27,9
2016-04-04 21:49:36,ford_ka_mit_tuev_11.2017_angemeldet,privat,Offer,550,test,kleinwagen,1998,manuell,0,ka,150000,Aug,Gasoline,ford,No,2016-04-04 00:00:00,13593,2016-04-04 21:49:36,2016,2016,April,April,18,4
2016-04-04 23:37:35,Ford_TÜV_NEU_04/2018_!!!!,privat,Offer,1350,control,kleinwagen,2002,manuell,60,ka,150000,Aug,Gasoline,ford,No,2016-04-04 00:00:00,24768,2016-04-07 08:46:56,2016,2016,April,April,14,4
2016-03-11 16:39:35,Ford_Fiesta_Kool,privat,Offer,1490,test,kleinwagen,2000,manuell,75,fiesta,70000,Apr,Gasoline,ford,No,2016-03-11 00:00:00,42799,2016-03-12 06:16:41,2016,2016,March,March,16,8
2016-03-24 10:51:18,Ford_Fusion_1.25_Ambiente,privat,Offer,4500,test,kleinwagen,2006,manuell,75,fusion,50000,Jun,Gasoline,ford,No,2016-03-24 00:00:00,98574,2016-04-07 01:15:46,2016,2016,March,March,10,6
2016-03-16 14:48:57,Ford_Ka_1.2_Titanium_Klima_Navi_1.Hand,privat,Offer,4300,test,kleinwagen,2009,manuell,69,ka,125000,Mar,Gasoline,ford,No,2016-03-16 00:00:00,58452,2016-03-19 12:15:36,2016,2016,March,March,7,9
2016-04-03 17:51:14,Fiesta_an_Bastler,privat,Offer,300,test,kleinwagen,1996,manuell,60,fiesta,150000,Jul,Gasoline,ford,Yes,2016-04-03 00:00:00,27313,2016-04-05 18:17:29,2016,2016,April,April,20,5
2016-03-14 22:56:10,Ford_Fiesta___TÜV_03/18,privat,Offer,900,control,kleinwagen,1999,manuell,50,fiesta,125000,Sep,Gasoline,ford,No,2016-03-14 00:00:00,86564,2016-03-17 21:48:07,2016,2016,March,March,17,3
2016-03-21 11:54:11,Ford_KA__TÜV_*_Neu_*__Klima___TOP,privat,Offer,1049,control,kleinwagen,2000,manuell,60,ka,125000,Jan,Gasoline,ford,No,2016-03-21 00:00:00,47167,2016-03-23 23:46:28,2016,2016,March,March,16,11
2016-03-31 20:39:35,Ford_Fiesta,privat,Offer,750,test,kleinwagen,1999,manuell,75,fiesta,150000,Jun,Gasoline,ford,Other,2016-03-31 00:00:00,48268,2016-04-02 16:17:30,2016,2016,March,March,17,6
2016-03-05 14:24:05,Ford_Fusion_1.6_Trend,privat,Offer,2199,test,kleinwagen,2004,manuell,101,fusion,125000,Mar,Gasoline,ford,No,2016-03-04 00:00:00,56070,2016-03-13 01:17:57,2016,2016,March,March,12,9
2016-03-20 03:36:17,FORD_KA_TÜV_04.2017_Bj.2001_Klima_!!!!,privat,Offer,850,control,kleinwagen,2001,manuell,0,ka,150000,Nov,Gasoline,ford,Other,2016-03-20 00:00:00,51107,2016-03-20 09:42:36,2016,2016,March,March,15,1
2016-04-03 10:38:36,Ford_Fiesta_an_Bastler,privat,Offer,100,control,kleinwagen,1995,manuell,45,fiesta,150000,Jan,Gasoline,ford,Yes,2016-04-03 00:00:00,49324,2016-04-05 08:48:36,2016,2016,April,April,21,11
2016-03-17 11:50:21,Ford_Ka_TÜv/ASU_02/2016_D3_Norm__Klima_Angemeldet_Voll_Fahrbereit,privat,Offer,350,control,kleinwagen,1999,manuell,60,ka,80000,Aug,Gasoline,ford,Other,2016-03-17 00:00:00,6844,2016-03-17 12:42:09,2016,2016,March,March,17,4
2016-03-23 18:42:50,Ford_Ka_1.2_Titanium,privat,Offer,4750,test,kleinwagen,2010,manuell,69,ka,30000,Jan,Gasoline,ford,No,2016-03-23 00:00:00,66780,2016-03-25 02:44:18,2016,2016,March,March,6,11
2016-03-26 16:53:52,Ford_Fiesta,privat,Offer,696,control,kleinwagen,2001,manuell,60,fiesta,150000,Jun,Gasoline,ford,No,2016-03-26 00:00:00,48317,2016-03-26 16:53:52,2016,2016,March,March,15,6
2016-04-03 11:49:11,Roten_Ford_Fiesta_mit_wenig_Kilometer,privat,Offer,1100,control,kleinwagen,1999,manuell,50,fiesta,90000,Jun,Gasoline,ford,Yes,2016-04-03 00:00:00,63825,2016-04-07 12:46:29,2016,2016,April,April,17,6
2016-03-14 23:58:49,Ford_Fiesta,privat,Offer,970,control,kleinwagen,2001,manuell,60,fiesta,150000,Jan,Gasoline,ford,No,2016-03-14 00:00:00,46485,2016-03-24 21:45:10,2016,2016,March,March,15,11
2016-03-20 17:37:01,Ford_Ka_mit_bestehendem_TÜV_zu_verkaufen,privat,Offer,150,test,kleinwagen,1997,manuell,50,ka,70000,May,Gasoline,ford,No,2016-03-20 00:00:00,57462,2016-04-06 23:46:34,2016,2016,March,March,19,7
2016-03-17 15:49:14,roter_Ford_Fiesta_Bj._96_M&S_Reifen_Bilder_folgen_****,privat,Offer,400,test,kleinwagen,1998,manuell,0,fiesta,150000,Apr,Gasoline,ford,Other,2016-03-17 00:00:00,50997,2016-03-20 17:44:44,2016,2016,March,March,18,8
2016-03-26 01:32:39,Ford_Fiesta,privat,Offer,599,test,kleinwagen,1996,manuell,60,fiesta,125000,Jun,Gasoline,ford,Other,2016-03-26 00:00:00,35580,2016-04-01 23:15:51,2016,2016,March,March,20,6
2016-03-23 19:50:36,Ford_Fiesta_Top_Zustand,privat,Offer,1650,control,kleinwagen,2002,manuell,60,fiesta,150000,Nov,Gasoline,ford,No,2016-03-23 00:00:00,28779,2016-03-29 15:44:22,2016,2016,March,March,14,1
2016-03-06 20:37:15,Ford_Fiesta_5_Tuerig_Klima_ZV_Servo,privat,Offer,150,control,kleinwagen,1998,manuell,75,fiesta,80000,Nov,Gasoline,ford,Yes,2016-03-06 00:00:00,8107,2016-03-24 09:45:52,2016,2016,March,March,18,1
2016-03-30 06:56:41,Ford_Ka_Kool,privat,Offer,950,test,kleinwagen,1999,manuell,60,ka,150000,Jun,Gasoline,ford,No,2016-03-30 00:00:00,42853,2016-04-01 03:15:19,2016,2016,March,March,17,6
2016-03-08 18:36:43,Tuev_Neu_2/18,privat,Offer,1600,test,kleinwagen,1999,manuell,116,focus,90000,Jan,,ford,No,2016-03-08 00:00:00,98593,2016-03-17 21:19:33,2016,2016,March,March,17,11
2016-03-14 16:54:33,Ford_Ka,privat,Offer,900,test,kleinwagen,1998,manuell,60,ka,150000,Jul,Gasoline,ford,No,2016-03-14 00:00:00,48429,2016-04-05 23:16:28,2016,2016,March,March,18,5
2016-03-16 19:39:59,Roter_Ford_fiesta,privat,Offer,649,test,kleinwagen,1995,manuell,50,fiesta,125000,Jan,Gasoline,ford,Yes,2016-03-16 00:00:00,19053,2016-04-07 04:44:33,2016,2016,March,March,21,11
2016-03-15 10:37:20,Ford_KA_2_Jahre_Tuev!!!!!!,privat,Offer,900,control,kleinwagen,2001,manuell,60,ka,60000,Nov,Gasoline,ford,Other,2016-03-15 00:00:00,40764,2016-03-20 04:18:01,2016,2016,March,March,15,1
2016-03-20 00:57:07,Silberner_Ford_Ka,privat,Offer,200,control,kleinwagen,1998,manuell,60,ka,90000,Mar,Gasoline,ford,Other,2016-03-19 00:00:00,32257,2016-03-22 14:17:28,2016,2016,March,March,18,9
2016-03-24 14:58:39,Ford_ka_nur_120_euro_ohne_tuev,privat,Offer,120,test,kleinwagen,2001,manuell,54,ka,150000,May,Gasoline,ford,Other,2016-03-24 00:00:00,31582,2016-03-24 15:46:00,2016,2016,March,March,15,7
2016-03-20 16:44:54,Ford_Fiesta_mit_TÜV_bis_2017,privat,Offer,650,test,kleinwagen,2000,manuell,68,fiesta,150000,Mar,Gasoline,ford,No,2016-03-20 00:00:00,74743,2016-03-28 16:47:00,2016,2016,March,March,16,9
2016-03-31 19:57:18,Ford_Fiesta,privat,Offer,1500,control,kleinwagen,2000,manuell,60,fiesta,50000,Dec,Gasoline,ford,No,2016-03-31 00:00:00,74677,2016-03-31 20:44:03,2016,2016,March,March,16,0
2016-03-28 12:51:03,FORD_KA_Titanium___8_fach_bereift__Inspektion_+_TÜV_neu,privat,Offer,4000,test,kleinwagen,2009,manuell,69,ka,70000,Apr,Gasoline,ford,No,2016-03-28 00:00:00,46238,2016-03-28 12:51:03,2016,2016,March,March,7,8
2016-03-13 13:22:25,Ford_Ka,privat,Offer,500,test,kleinwagen,2016,manuell,60,ka,90000,Feb,Gasoline,ford,Yes,2016-03-13 00:00:00,55471,2016-04-01 21:47:15,2016,2016,March,March,0,10
2016-03-25 14:49:38,Ford_Fiesta_Euro4_Klimaanlage,privat,Offer,550,control,kleinwagen,2000,manuell,60,fiesta,125000,May,Gasoline,ford,Other,2016-03-25 00:00:00,78224,2016-03-25 14:49:38,2016,2016,March,March,16,7
2016-03-31 13:59:51,Ford_Fusion_1.4_Elegance_Klima_neue_TÜV,privat,Offer,2990,control,kleinwagen,2004,automatik,80,fusion,125000,Mar,Gasoline,ford,No,2016-03-31 00:00:00,51105,2016-04-06 07:15:48,2016,2016,March,March,12,9
2016-04-07 03:36:32,Ford_fiesta_KLIMA_TÜV!_!!,privat,Offer,999,test,kleinwagen,1999,manuell,0,Other,125000,Jan,,ford,No,2016-04-07 00:00:00,12347,2016-04-07 03:36:32,2016,2016,April,April,17,11
2016-03-05 21:55:46,Ford_Ka_1.2_Titanium_TÜV_INSPEKTION_NEU,privat,Offer,4599,test,kleinwagen,2010,manuell,69,ka,80000,Oct,Gasoline,ford,No,2016-03-05 00:00:00,93073,2016-03-28 20:45:26,2016,2016,March,March,6,2
2016-03-24 18:47:44,Ford_Ka___hellblau___BJ_2002,privat,Offer,480,test,kleinwagen,2002,manuell,60,ka,70000,Sep,Gasoline,ford,Other,2016-03-24 00:00:00,40721,2016-03-26 04:15:33,2016,2016,March,March,14,3
2016-03-10 16:54:15,Fiesta_1_25_75_PS_Schlachtfest_oder_Komplett,privat,Offer,1,control,kleinwagen,1996,automatik,75,fiesta,80000,Dec,Gasoline,ford,Other,2016-03-10 00:00:00,50129,2016-03-20 02:15:39,2016,2016,March,March,20,0
2016-03-14 22:55:05,Ford_ka_hat_Tuev__bj_2004,privat,Offer,750,control,kleinwagen,2004,manuell,60,ka,125000,Jun,Gasoline,ford,No,2016-03-14 00:00:00,58452,2016-03-19 23:19:04,2016,2016,March,March,12,6
2016-03-17 09:49:58,Ford_Fiesta_._TÜV_11/2016,privat,Offer,180,test,kleinwagen,1999,manuell,60,fiesta,150000,Jul,Gasoline,ford,Yes,2016-03-17 00:00:00,27232,2016-03-17 10:41:36,2016,2016,March,March,17,5
2016-03-07 22:54:12,Ford_Fiesta,privat,Offer,799,test,kleinwagen,2000,manuell,50,fiesta,100000,May,Gasoline,ford,No,2016-03-07 00:00:00,79100,2016-03-22 09:15:24,2016,2016,March,March,16,7
2016-03-20 13:50:10,verkaufe_ford_fiesta_tuev_neu.........,privat,Offer,1000,test,kleinwagen,2001,manuell,0,fiesta,150000,Nov,Gasoline,ford,No,2016-03-20 00:00:00,3238,2016-04-04 14:18:07,2016,2016,March,March,15,1
2016-03-11 13:38:38,Ford_Ford_Fusion_1.4_80PS_Klima_/TÜV_/_Zahnriemen_neu,privat,Offer,2460,test,kleinwagen,2005,manuell,80,fusion,150000,Dec,Gasoline,ford,No,2016-03-11 00:00:00,44379,2016-04-07 08:16:56,2016,2016,March,March,11,0
2016-04-04 22:43:12,Ford_Fusion_1.4_+,privat,Offer,4900,test,kleinwagen,2008,manuell,80,fusion,70000,Jun,Gasoline,ford,No,2016-04-04 00:00:00,74532,2016-04-07 01:16:41,2016,2016,April,April,8,6
2016-03-25 20:54:14,Ford_Fiesta_1.3,privat,Offer,1650,control,kleinwagen,2002,manuell,69,fiesta,150000,Oct,Gasoline,ford,No,2016-03-25 00:00:00,36093,2016-03-27 10:18:07,2016,2016,March,March,14,2
2016-03-15 16:36:45,Ford_Ka_Benziner_1.3l_TÜV_ist_Neu,privat,Offer,1500,control,kleinwagen,2005,manuell,69,ka,125000,May,Gasoline,ford,No,2016-03-15 00:00:00,28207,2016-03-17 11:17:55,2016,2016,March,March,11,7
2016-03-22 19:36:39,Ford_Fiesta___50_Ps,privat,Offer,1500,test,kleinwagen,2003,manuell,50,fiesta,80000,Mar,Gasoline,ford,No,2016-03-22 00:00:00,88279,2016-03-30 02:16:26,2016,2016,March,March,13,9
2016-03-31 14:36:23,Ford_ka_......_Mit_tuv_3.2018_1.hand,privat,Offer,795,control,kleinwagen,2003,manuell,60,ka,90000,Jan,Gasoline,ford,Other,2016-03-31 00:00:00,44649,2016-04-04 07:45:59,2016,2016,March,March,13,11
2016-03-12 20:56:34,Gepflegter_Ford_Mondeo_zu_verkaufen,privat,Offer,280,test,kleinwagen,1997,manuell,90,mondeo,150000,Nov,Gasoline,ford,No,2016-03-12 00:00:00,99091,2016-03-17 02:17:26,2016,2016,March,March,19,1
2016-03-12 20:57:04,Auto_mit_TÜV_11.2016,privat,Offer,650,test,kleinwagen,1998,Unspecified,0,fiesta,150000,Jan,Gasoline,ford,Other,2016-03-12 00:00:00,47574,2016-03-14 14:17:31,2016,2016,March,March,18,11
2016-03-26 15:54:25,Ford_focus_98,privat,Offer,850,test,kleinwagen,1998,manuell,101,focus,150000,Jan,Gasoline,ford,Other,2016-03-26 00:00:00,52477,2016-04-06 04:15:47,2016,2016,March,March,18,11
2016-04-01 13:45:40,Ford_ST,privat,Offer,2399,test,kleinwagen,2005,manuell,150,fiesta,150000,Apr,Gasoline,ford,Yes,2016-04-01 00:00:00,33334,2016-04-03 09:45:39,2016,2016,April,April,11,8
2016-03-19 11:57:20,Ford_Fiesta_1_2_60PS_Sport_Recaro,privat,Offer,750,test,kleinwagen,1998,manuell,60,fiesta,150000,Sep,Gasoline,ford,No,2016-03-19 00:00:00,16248,2016-04-06 14:46:41,2016,2016,March,March,18,3
2016-03-28 10:37:06,Ford_Fiesta_1.6_TDCI,privat,Offer,3550,control,kleinwagen,2006,manuell,90,fiesta,150000,Nov,Diesel,ford,No,2016-03-28 00:00:00,57583,2016-04-06 17:17:13,2016,2016,March,March,10,1
2016-03-15 20:55:23,Ford_Jd_3,privat,Offer,3300,test,kleinwagen,2006,Unspecified,0,fiesta,100000,Dec,,ford,No,2016-03-15 00:00:00,50181,2016-04-03 02:21:37,2016,2016,March,March,10,0
2016-03-11 18:43:17,Verkaufe_Ford_Ka_mit_51KW_mit_Klima,privat,Offer,350,test,kleinwagen,2005,manuell,80,ka,150000,Apr,Gasoline,ford,Other,2016-03-11 00:00:00,53773,2016-03-11 18:43:17,2016,2016,March,March,11,8
2016-03-17 14:53:17,Ford_Fiesta_Ambiente,privat,Offer,3950,control,kleinwagen,2005,manuell,80,fiesta,125000,Feb,Gasoline,ford,Other,2016-03-17 00:00:00,32832,2016-03-21 20:16:32,2016,2016,March,March,11,10
2016-03-24 11:55:13,Ford_Fiesta_Bj._2002_TÜV_bis_Juni_2017,privat,Offer,700,test,kleinwagen,2002,manuell,80,fiesta,150000,Jul,Gasoline,ford,Yes,2016-03-24 00:00:00,26389,2016-03-24 11:55:13,2016,2016,March,March,14,5
2016-03-17 12:50:50,Verkauf_Ford_Fiesta,privat,Offer,150,test,kleinwagen,1994,manuell,60,fiesta,150000,Dec,Gasoline,ford,No,2016-03-17 00:00:00,97299,2016-04-06 15:17:12,2016,2016,March,March,22,0
2016-03-16 18:06:42,Ford_Ka_._Evtl_Bastlerauto,privat,Offer,500,control,kleinwagen,2007,manuell,70,ka,70000,May,Gasoline,ford,No,2016-03-16 00:00:00,35633,2016-03-16 18:06:42,2016,2016,March,March,9,7
2016-03-30 12:52:53,Ford_Fiesta,privat,Offer,300,control,kleinwagen,1997,manuell,75,fiesta,125000,Mar,Gasoline,ford,Other,2016-03-30 00:00:00,53757,2016-04-05 00:46:09,2016,2016,March,March,19,9
2016-03-21 22:51:11,Ford_Fiesta/Klima/Tuev,privat,Offer,2850,control,kleinwagen,2006,manuell,60,fiesta,80000,Jan,Gasoline,ford,Other,2016-03-21 00:00:00,47551,2016-04-07 04:44:28,2016,2016,March,March,10,11
2016-04-04 19:58:40,Ford_Fiesta_Style_TÜV_Neu_Klima,privat,Offer,990,test,kleinwagen,1997,manuell,60,fiesta,70000,Jun,Gasoline,ford,No,2016-04-04 00:00:00,48565,2016-04-06 22:17:18,2016,2016,April,April,19,6
2016-03-20 15:55:38,Ford_Ka_blau,privat,Offer,1100,control,kleinwagen,2003,manuell,60,ka,70000,Apr,Gasoline,ford,No,2016-03-20 00:00:00,12353,2016-03-21 18:47:29,2016,2016,March,March,13,8
2016-03-26 10:54:25,Ford_Firsta_1.3_Benzina_euro4,privat,Offer,950,test,kleinwagen,2003,manuell,0,fiesta,150000,May,Gasoline,ford,Other,2016-03-26 00:00:00,66763,2016-04-02 00:19:02,2016,2016,March,March,13,7
2016-03-19 20:36:59,Ford_Ka_mit_TÜV,privat,Offer,300,control,kleinwagen,2003,manuell,60,ka,125000,Jan,Gasoline,ford,Other,2016-03-19 00:00:00,45888,2016-03-24 16:18:04,2016,2016,March,March,13,11
2016-03-19 17:57:01,Ford_Fiesta_TÜV_02/17,privat,Offer,600,control,kleinwagen,1999,manuell,75,fiesta,125000,Dec,Gasoline,ford,No,2016-03-19 00:00:00,6249,2016-03-19 18:42:14,2016,2016,March,March,17,0
2016-03-17 16:36:34,Ford_Fiesta_1.6_TDCI_Ghia,privat,Offer,3500,test,kleinwagen,2008,manuell,90,fiesta,150000,Jan,Diesel,ford,No,2016-03-17 00:00:00,27751,2016-04-07 03:16:40,2016,2016,March,March,8,11
2016-03-28 18:56:41,Ford_Fiesta_1.3_Ambiente,privat,Offer,1500,control,kleinwagen,2005,manuell,60,fiesta,150000,Dec,Gasoline,ford,No,2016-03-28 00:00:00,56743,2016-03-30 10:45:43,2016,2016,March,March,11,0
2016-04-05 00:57:09,Ford_fiesta_1.4_euro_4,privat,Offer,1000,control,kleinwagen,2004,manuell,0,fiesta,150000,May,Diesel,ford,Other,2016-04-05 00:00:00,47198,2016-04-05 07:49:00,2016,2016,April,April,12,7
2016-03-20 09:55:05,Ford_Fiesta_Klima__Sitz__+_Frontscheibenh._1._Hand_nur_38tkm_PDC,privat,Offer,5500,control,kleinwagen,2009,manuell,60,fiesta,40000,Aug,Gasoline,ford,Other,2016-03-20 00:00:00,50389,2016-04-02 08:16:10,2016,2016,March,March,7,4
2016-03-16 11:38:36,Ford_Fiesta,privat,Offer,800,test,kleinwagen,1994,manuell,60,fiesta,60000,Mar,Gasoline,ford,Yes,2016-03-16 00:00:00,27637,2016-03-22 14:50:04,2016,2016,March,March,22,9
2016-04-03 14:48:48,Ford_Ka_Fun_X,privat,Offer,1600,test,kleinwagen,2006,manuell,60,ka,100000,Sep,Gasoline,ford,No,2016-04-03 00:00:00,50389,2016-04-03 14:48:48,2016,2016,April,April,10,3
2016-03-05 17:44:51,Ford_Focus_1.4_mit_2_Jahre_Tuev,privat,Offer,1350,test,kleinwagen,1999,manuell,75,focus,150000,Oct,Gasoline,ford,No,2016-03-05 00:00:00,44793,2016-04-07 07:45:21,2016,2016,March,March,17,2
2016-03-24 21:51:58,Ford_Ka_60_PS,privat,Offer,600,test,kleinwagen,2007,manuell,60,ka,150000,Sep,Gasoline,ford,No,2016-03-24 00:00:00,94051,2016-03-24 21:51:58,2016,2016,March,March,9,3
2016-04-02 09:51:13,Ford_Focus_neu_TÜV_8_Fach_bereift,privat,Offer,2500,control,kleinwagen,2004,manuell,118,focus,150000,Jan,Gasoline,ford,Other,2016-04-02 00:00:00,56355,2016-04-03 17:30:41,2016,2016,April,April,12,11
2016-04-03 12:44:31,Ford_Fusion_1.6_TDCI,privat,Offer,1500,control,kleinwagen,2005,Unspecified,0,fusion,150000,Jul,Diesel,ford,No,2016-04-03 00:00:00,57250,2016-04-03 12:44:31,2016,2016,April,April,11,5
2016-04-02 07:58:27,Ford_Fiesta_Ghia_Edition,privat,Offer,250,test,kleinwagen,1996,manuell,75,fiesta,150000,Jun,Gasoline,ford,Other,2016-04-02 00:00:00,32107,2016-04-04 06:21:10,2016,2016,April,April,20,6
2016-03-29 18:58:55,Ford_Fiesta_BJ_97__ABS__Servo__Klima__Soundsystem__Winterreifen_,privat,Offer,600,control,kleinwagen,1997,manuell,60,fiesta,150000,Jul,Gasoline,ford,No,2016-03-29 00:00:00,33803,2016-03-29 19:42:09,2016,2016,March,March,19,5
2016-03-19 16:43:26,Ford_Ka__Klima__ZV__el.Fensterheber_TÜV_SR_WR,privat,Offer,899,test,kleinwagen,2003,manuell,0,ka,150000,May,Gasoline,ford,Other,2016-03-19 00:00:00,4107,2016-04-07 01:45:25,2016,2016,March,March,13,7
2016-03-28 16:45:05,Klein_aber_fein!!!!!_TÜV_bis_04/17,privat,Offer,700,test,kleinwagen,1998,manuell,0,fiesta,150000,Jun,Gasoline,ford,No,2016-03-28 00:00:00,52525,2016-03-28 16:45:05,2016,2016,March,March,18,6
2016-04-04 16:59:12,Ford_Ka_.....,privat,Offer,0,test,kleinwagen,2001,manuell,60,Other,150000,Jan,,ford,Yes,2016-04-04 00:00:00,8058,2016-04-06 18:47:09,2016,2016,April,April,15,11
2016-04-04 17:57:16,Ford_Fiesta_1.3_Blues,privat,Offer,2900,test,kleinwagen,2005,manuell,69,fiesta,100000,Sep,Gasoline,ford,No,2016-04-04 00:00:00,45663,2016-04-06 19:48:45,2016,2016,April,April,11,3
2016-03-05 23:56:51,Ford_Fiesta,privat,Offer,5550,control,kleinwagen,2010,manuell,68,fiesta,150000,Feb,Diesel,ford,No,2016-03-05 00:00:00,69254,2016-04-06 00:47:06,2016,2016,March,March,6,10
2016-03-17 12:37:19,Ford_Fusion_1.25_Ambiente_2.Hand__Zahnriemen_&_Inspektion_neu,privat,Offer,2700,test,kleinwagen,2006,manuell,75,fusion,150000,Mar,Gasoline,ford,No,2016-03-17 00:00:00,28777,2016-03-17 13:42:19,2016,2016,March,March,10,9
2016-03-18 23:06:22,Ford_Ka_120tkm_Klima,privat,Offer,999,test,kleinwagen,2005,manuell,69,ka,125000,Jan,Gasoline,ford,No,2016-03-18 00:00:00,65439,2016-03-20 14:29:51,2016,2016,March,March,11,11
2016-03-10 22:46:20,Ford_KA_rot_Bastlerauto_Gebrauchtwagen,privat,Offer,150,control,kleinwagen,1997,manuell,60,ka,150000,Jul,Gasoline,ford,Yes,2016-03-10 00:00:00,55743,2016-04-07 04:15:19,2016,2016,March,March,19,5
2016-03-29 14:25:25,Ford_Fiesta,privat,Offer,350,test,kleinwagen,2000,manuell,57,fiesta,150000,Jan,Gasoline,ford,Yes,2016-03-29 00:00:00,35745,2016-04-05 15:15:56,2016,2016,March,March,16,11
2016-03-14 19:50:44,Ford_Ka_D2_CallYa,privat,Offer,1240,control,kleinwagen,1999,manuell,60,ka,60000,Sep,Gasoline,ford,No,2016-03-14 00:00:00,12353,2016-03-20 10:16:18,2016,2016,March,March,17,3
2016-03-17 14:51:30,Ford_KA_blau_01/2006,privat,Offer,1375,control,kleinwagen,2006,manuell,60,ka,100000,Jan,Gasoline,ford,Yes,2016-03-17 00:00:00,30900,2016-03-19 14:21:02,2016,2016,March,March,10,11
2016-03-30 07:53:38,Ford_Fiesta_1.3_Fun_X,privat,Offer,3500,control,kleinwagen,2007,manuell,69,fiesta,125000,Aug,Gasoline,ford,No,2016-03-30 00:00:00,19273,2016-04-06 23:46:25,2016,2016,March,March,9,4
2016-04-01 18:38:11,Ford_Fiesta_1.3_Ambiente,privat,Offer,1600,control,kleinwagen,2003,manuell,94,fiesta,150000,Feb,Gasoline,ford,No,2016-04-01 00:00:00,40229,2016-04-05 14:16:53,2016,2016,April,April,13,10
2016-03-30 10:54:11,Ford_Fiesta_1.25_Trend,privat,Offer,5050,test,kleinwagen,2010,manuell,82,fiesta,125000,Apr,Gasoline,ford,No,2016-03-30 00:00:00,88410,2016-04-01 05:16:52,2016,2016,March,March,6,8
2016-03-06 21:36:24,Ford_Fiesta_1.4,privat,Offer,2200,control,kleinwagen,2005,manuell,80,fiesta,125000,Apr,Gasoline,ford,No,2016-03-06 00:00:00,15526,2016-03-14 06:44:18,2016,2016,March,March,11,8
2016-03-27 11:58:33,Ford_Fiesta_1.3_Fun,privat,Offer,2300,test,kleinwagen,2006,manuell,69,fiesta,125000,Apr,Gasoline,ford,No,2016-03-27 00:00:00,94116,2016-03-30 17:16:02,2016,2016,March,March,10,8
2016-03-07 19:50:38,Verkaufe_gut_erhaltenen_Ford_Ka,privat,Offer,600,control,kleinwagen,1997,manuell,50,ka,90000,Jul,Gasoline,ford,No,2016-03-07 00:00:00,56589,2016-03-16 20:25:41,2016,2016,March,March,19,5
2016-04-01 11:57:45,Ford_KA_mit_TÜV_CD_Player_El.Fenster_Servo_etc.,privat,Offer,635,test,kleinwagen,1999,manuell,60,ka,125000,Apr,Gasoline,ford,No,2016-04-01 00:00:00,26133,2016-04-03 07:51:24,2016,2016,April,April,17,8
2016-03-16 08:54:24,Ford_Focus_in_sehr_gutem_Zustand,privat,Offer,1000,test,kleinwagen,2001,manuell,75,focus,150000,Jan,Gasoline,ford,No,2016-03-16 00:00:00,42369,2016-04-06 01:44:37,2016,2016,March,March,15,11
2016-03-20 17:47:56,Ford_ka_servo_mit_tuev_2_Hand,privat,Offer,900,test,kleinwagen,2001,manuell,60,ka,5000,Aug,Gasoline,ford,No,2016-03-20 00:00:00,26133,2016-04-07 00:44:47,2016,2016,March,March,15,4
2016-03-20 20:40:50,Ford_KA_1.3,privat,Offer,2800,test,kleinwagen,2008,manuell,70,ka,90000,Jun,Gasoline,ford,No,2016-03-20 00:00:00,27211,2016-04-07 04:46:56,2016,2016,March,March,8,6
2016-03-25 13:52:59,FORD_KA__2003_SERVO_TÜV_ASU_JULI_2016_KUP_DEF__EURO_4,privat,Offer,360,test,kleinwagen,2003,manuell,60,ka,150000,Jan,Gasoline,ford,Other,2016-03-25 00:00:00,56626,2016-04-07 07:45:29,2016,2016,March,March,13,11
2016-03-31 11:56:50,Ford_Fiesta_1.6_Sport,privat,Offer,2900,control,kleinwagen,2005,manuell,101,fiesta,125000,Aug,Gasoline,ford,Yes,2016-03-31 00:00:00,53773,2016-03-31 11:56:50,2016,2016,March,March,11,4
2016-03-17 23:39:55,Ford_Fiesta_Florida,privat,Offer,1200,control,kleinwagen,2002,manuell,60,fiesta,150000,Apr,Gasoline,ford,Yes,2016-03-17 00:00:00,50674,2016-04-05 14:18:35,2016,2016,March,March,14,8
2016-03-23 21:57:18,Ford_Ka_Edition_Lufthansa_KLIMA_LEDER_TÜV_nur_799,privat,Offer,799,test,kleinwagen,1998,manuell,60,ka,125000,Feb,Gasoline,ford,No,2016-03-23 00:00:00,80939,2016-03-28 05:46:46,2016,2016,March,March,18,10
2016-03-22 12:46:10,Ford_Ka,privat,Offer,850,control,kleinwagen,2000,manuell,60,ka,150000,Jun,Gasoline,ford,No,2016-03-22 00:00:00,95111,2016-04-02 03:15:23,2016,2016,March,March,16,6
2016-03-09 21:51:45,Ford_Fiesta_an_Bastler_oder_zum_Ausschlachten__Austauschmotor_,privat,Offer,200,test,kleinwagen,1994,manuell,65,fiesta,50000,Apr,Gasoline,ford,No,2016-03-09 00:00:00,69257,2016-03-19 06:45:36,2016,2016,March,March,22,8
2016-04-01 15:37:53,Ford_Fiesta_Style,privat,Offer,500,test,kleinwagen,1999,manuell,75,fiesta,150000,May,Gasoline,ford,No,2016-04-01 00:00:00,56290,2016-04-01 15:37:53,2016,2016,April,April,17,7
2016-03-15 20:58:18,Ford_Fiesta_1.3,privat,Offer,2999,test,kleinwagen,2005,manuell,69,fiesta,80000,Oct,Gasoline,ford,No,2016-03-15 00:00:00,20253,2016-03-20 20:19:50,2016,2016,March,March,11,2
2016-04-02 22:38:32,Zuverlaessiger_Fiesta_zum_Tuev_abfahren_oder_Bastler,privat,Offer,299,test,kleinwagen,1997,manuell,60,fiesta,150000,Jul,,ford,No,2016-04-02 00:00:00,8371,2016-04-07 00:45:35,2016,2016,April,April,19,5
2016-03-22 17:49:41,Ford_Fiesta_bj._2000_60000_km,privat,Offer,1500,control,kleinwagen,2000,manuell,50,fiesta,60000,Feb,Gasoline,ford,No,2016-03-22 00:00:00,52525,2016-03-29 22:18:53,2016,2016,March,March,16,10
2016-03-07 13:46:47,Ford_Ka_mit_neue_Kupplung__sachs_,privat,Offer,750,control,kleinwagen,2003,Unspecified,60,ka,150000,Jul,Gasoline,ford,No,2016-03-07 00:00:00,53175,2016-03-09 06:44:36,2016,2016,March,March,13,5
2016-04-05 11:49:37,Ford_Ka__Bj.:_06/2002__TÜV/AU_11/2017__Top,privat,Offer,1300,test,kleinwagen,2002,manuell,60,ka,150000,Jun,Gasoline,ford,No,2016-04-05 00:00:00,42117,2016-04-05 11:49:37,2016,2016,April,April,14,6
2016-03-27 15:54:12,Ford_Lufthansa_Edition_1660/3000_Leder___Zentral,privat,Offer,980,control,kleinwagen,1997,manuell,60,ka,100000,Dec,Gasoline,ford,No,2016-03-27 00:00:00,46499,2016-03-30 21:45:44,2016,2016,March,March,19,0
2016-03-24 15:48:28,Osterschnaeppchen_Ford_Focus_1.4__2005,privat,Offer,1890,test,kleinwagen,2005,manuell,80,focus,150000,Feb,Gasoline,ford,No,2016-03-24 00:00:00,72622,2016-04-07 07:46:34,2016,2016,March,March,11,10
2016-03-08 21:56:57,Ford_Fiesta_1.3_Ambiente,privat,Offer,3000,control,kleinwagen,2006,manuell,60,fiesta,100000,Mar,Gasoline,ford,No,2016-03-08 00:00:00,76726,2016-03-11 10:16:32,2016,2016,March,March,10,9
2016-03-05 21:57:23,Ford_Fiesta,privat,Offer,690,test,kleinwagen,1998,manuell,50,fiesta,150000,Oct,Gasoline,ford,No,2016-03-05 00:00:00,59320,2016-03-08 06:45:57,2016,2016,March,March,18,2
2016-03-28 19:49:20,Ford_Ka,privat,Offer,650,control,kleinwagen,2003,manuell,0,ka,150000,Aug,Gasoline,ford,No,2016-03-28 00:00:00,97080,2016-04-07 02:17:38,2016,2016,March,March,13,4
2016-03-15 19:48:09,Ford_Fiesta_1.4_Ghia,privat,Offer,2550,control,kleinwagen,2006,manuell,80,fiesta,150000,Oct,Gasoline,ford,Yes,2016-03-15 00:00:00,83278,2016-03-19 15:48:01,2016,2016,March,March,10,2
2016-03-07 20:55:55,Ford_fiesta_tuev_1/17#VERSCHENKEN,privat,Offer,0,test,kleinwagen,1996,manuell,75,andere,5000,Jan,Gasoline,ford,Yes,2016-03-07 00:00:00,94327,2016-03-08 07:46:37,2016,2016,March,March,20,11
2016-03-14 09:38:33,Ford_Fiesta_1.4_TDCI_Style,privat,Offer,2500,control,kleinwagen,2007,manuell,68,fiesta,150000,Dec,Diesel,ford,No,2016-03-14 00:00:00,51103,2016-04-03 07:45:44,2016,2016,March,March,9,0
2016-04-02 12:47:45,Ford_Fiesta_Ghia_Klima_5_Tuerig,privat,Offer,999,test,kleinwagen,2000,manuell,75,fiesta,150000,May,Gasoline,ford,No,2016-04-02 00:00:00,67065,2016-04-06 10:46:41,2016,2016,April,April,16,7
2016-04-02 17:39:16,Ford_Ka_mit_TÜV_4/16,privat,Offer,0,control,kleinwagen,2000,manuell,0,ka,150000,Apr,Gasoline,ford,Other,2016-04-02 00:00:00,6108,2016-04-06 16:45:58,2016,2016,April,April,16,8
2016-03-12 02:32:19,Ford_Fiesta_1.4_Tuev_/AU_NEU,privat,Offer,2350,test,kleinwagen,2006,manuell,80,fiesta,150000,Jan,Gasoline,ford,No,2016-03-12 00:00:00,55413,2016-03-20 14:44:39,2016,2016,March,March,10,11
2016-04-03 16:49:06,Ford_Ka_guter_Zustand,privat,Offer,1799,control,kleinwagen,2008,manuell,60,ka,80000,Apr,Gasoline,ford,No,2016-04-03 00:00:00,72805,2016-04-05 16:45:56,2016,2016,April,April,8,8
2016-03-14 15:55:10,Auto_Ford_ka,privat,Offer,550,control,kleinwagen,2002,Unspecified,0,Other,125000,Jun,Gasoline,ford,Other,2016-03-14 00:00:00,66589,2016-03-14 15:55:10,2016,2016,March,March,14,6
2016-03-29 20:43:36,Ford_Focus_1.4i_OHNE_TÜV/AU_Bastlerauto,privat,Offer,300,test,kleinwagen,1999,manuell,70,focus,150000,Feb,Gasoline,ford,Yes,2016-03-29 00:00:00,72116,2016-03-31 14:16:17,2016,2016,March,March,17,10
2016-04-04 14:49:08,Ford__Ka___Klima__Servo___6_Monate_Tuev,privat,Offer,425,test,kleinwagen,1998,manuell,60,ka,150000,Jun,Gasoline,ford,Other,2016-04-04 00:00:00,49688,2016-04-06 16:17:21,2016,2016,April,April,18,6
2016-03-14 19:51:56,Ford_Fiesta_1_3__TÜV_NEU_3/18,privat,Offer,1750,control,kleinwagen,2003,manuell,60,fiesta,100000,Feb,Gasoline,ford,No,2016-03-14 00:00:00,32049,2016-03-17 09:46:14,2016,2016,March,March,13,10
2016-03-07 12:51:37,Ford_Fiesta__gepflegtes_Garagenfahrzeug,privat,Offer,3490,test,kleinwagen,2008,Unspecified,80,fiesta,125000,Feb,Gasoline,ford,Other,2016-03-07 00:00:00,78351,2016-03-17 04:45:23,2016,2016,March,March,8,10
2016-03-08 20:50:17,Ford_Ka_Futura,privat,Offer,800,control,kleinwagen,2001,manuell,60,ka,150000,Jan,Gasoline,ford,No,2016-03-08 00:00:00,2977,2016-03-12 23:46:01,2016,2016,March,March,15,11
2016-03-08 04:58:43,Ford_Fiesta_1_3,privat,Offer,2100,test,kleinwagen,2004,manuell,60,fiesta,150000,Oct,Gasoline,ford,Other,2016-03-08 00:00:00,52525,2016-04-06 06:46:36,2016,2016,March,March,12,2
2016-03-07 12:06:23,Ford_ka_neu_tuev!,privat,Offer,1000,control,kleinwagen,2005,manuell,60,ka,150000,Jul,Gasoline,ford,No,2016-03-07 00:00:00,65556,2016-03-10 01:44:27,2016,2016,March,March,11,5
2016-03-31 09:53:08,Ford_Fiesta_JBS_MK5__Baujahr_2000,privat,Offer,300,control,kleinwagen,2000,manuell,50,fiesta,150000,Mar,Gasoline,ford,No,2016-03-31 00:00:00,96515,2016-03-31 10:47:51,2016,2016,March,March,16,9
2016-03-08 13:54:43,Ford_Fiesta_1_4_Durashift_Automatik,privat,Offer,4000,control,kleinwagen,2007,automatik,80,fiesta,125000,Mar,Gasoline,ford,Other,2016-03-08 00:00:00,86660,2016-04-05 19:18:28,2016,2016,March,March,9,9
2016-03-07 17:38:17,Ford_Fiesta_TÜV/AU_02.2018,privat,Offer,800,test,kleinwagen,1996,manuell,50,fiesta,60000,Jan,Gasoline,ford,No,2016-03-07 00:00:00,58708,2016-03-19 08:16:59,2016,2016,March,March,20,11
2016-03-28 00:51:15,Ford_Fiesta_Recaro_Sportsitze,privat,Offer,200,test,kleinwagen,1999,manuell,75,fiesta,150000,Jan,Gasoline,ford,Yes,2016-03-28 00:00:00,65934,2016-04-06 04:16:06,2016,2016,March,March,17,11
2016-03-26 17:39:40,noch_1_monat_TÜV,privat,Offer,300,control,kleinwagen,1999,manuell,75,fiesta,150000,Sep,Gasoline,ford,Yes,2016-03-26 00:00:00,50171,2016-04-06 06:16:09,2016,2016,March,March,17,3
2016-03-11 16:46:15,Ford_Fiesta_1.3/tuev__12_2016/Servo_klima_nur_heute,privat,Offer,750,test,kleinwagen,2002,manuell,0,fiesta,150000,Mar,Gasoline,ford,No,2016-03-11 00:00:00,28779,2016-03-12 06:45:04,2016,2016,March,March,14,9
2016-04-04 15:39:51,Ford_1.4_Diesel_Klimaanlage_PDC_Elk.__Packet_EURO_4,privat,Offer,3500,test,kleinwagen,2007,manuell,68,fiesta,150000,Jan,Diesel,ford,No,2016-04-04 00:00:00,42369,2016-04-06 16:47:24,2016,2016,April,April,9,11
2016-04-03 19:42:27,Bastlerauto_Ford_Fiesta,privat,Offer,250,test,kleinwagen,1997,Unspecified,0,fiesta,60000,Mar,Gasoline,ford,No,2016-04-03 00:00:00,4567,2016-04-05 20:15:57,2016,2016,April,April,19,9
2016-03-20 13:38:38,Ford_Fiesta_1.4_Sport_80PS_HU/AU_06/2017,privat,Offer,4990,test,kleinwagen,2008,manuell,80,fiesta,90000,Jun,Gasoline,ford,No,2016-03-20 00:00:00,9112,2016-04-06 14:18:21,2016,2016,March,March,8,6
2016-03-22 22:36:58,Verkaufe_Ford_Fiesta,privat,Offer,300,control,kleinwagen,1999,manuell,75,fiesta,150000,Jan,Gasoline,ford,Other,2016-03-22 00:00:00,22393,2016-03-23 07:42:20,2016,2016,March,March,17,11
2016-03-25 20:50:24,Ford_Ka,privat,Offer,1350,control,kleinwagen,2006,manuell,60,ka,150000,Nov,Gasoline,ford,No,2016-03-25 00:00:00,24613,2016-04-07 03:46:51,2016,2016,March,March,10,1
2016-04-01 14:36:37,Ford_Fusion_1.4,privat,Offer,5499,test,kleinwagen,2008,manuell,80,fusion,90000,Dec,Gasoline,ford,No,2016-04-01 00:00:00,35396,2016-04-07 07:16:14,2016,2016,April,April,8,0
2016-03-23 20:39:13,Ford_Fiesta_1.3_Ambiente_/_Klima_/_TÜV_/_5_Tuerer,privat,Offer,2190,test,kleinwagen,2005,manuell,60,fiesta,150000,Jan,Gasoline,ford,No,2016-03-23 00:00:00,52445,2016-03-23 20:39:13,2016,2016,March,March,11,11
2016-03-08 11:36:16,Ford_Fiesta_XR2i,privat,Offer,1000,control,kleinwagen,1990,manuell,103,fiesta,150000,Apr,Gasoline,ford,No,2016-03-08 00:00:00,73061,2016-03-14 11:46:09,2016,2016,March,March,26,8
2016-03-27 14:48:03,Ford_Ka_+_TÜV_+_neue_Reifen_+_neue_Kupplung._Guter_Zustand,privat,Offer,950,control,kleinwagen,2000,manuell,60,ka,125000,Mar,Gasoline,ford,No,2016-03-27 00:00:00,53501,2016-03-27 14:48:03,2016,2016,March,March,16,9
2016-03-25 16:50:42,Ford_focus_sportversion,privat,Offer,1800,control,kleinwagen,2003,manuell,103,focus,150000,Jun,,ford,No,2016-03-25 00:00:00,18435,2016-03-28 16:19:06,2016,2016,March,March,13,6
2016-04-03 02:37:03,Schoener_Ka_mit_Tuev,privat,Offer,350,control,kleinwagen,1999,manuell,50,ka,70000,Jan,Gasoline,ford,Other,2016-04-03 00:00:00,51371,2016-04-03 09:40:13,2016,2016,April,April,17,11
2016-04-03 09:55:09,Ford_Fiesta_Chia__Sondermodell__TÜV_bis_12.2016,privat,Offer,680,control,kleinwagen,2000,manuell,75,fiesta,150000,Mar,Gasoline,ford,No,2016-04-03 00:00:00,75172,2016-04-04 12:50:13,2016,2016,April,April,16,9
2016-03-08 15:57:34,Ford_Fiesta___107.986_km___1997,privat,Offer,800,test,kleinwagen,1997,manuell,50,fiesta,125000,Jan,Gasoline,ford,Other,2016-03-08 00:00:00,47589,2016-04-07 01:15:37,2016,2016,March,March,19,11
2016-03-28 20:53:02,Ford_Fiesta_1.3,privat,Offer,3300,control,kleinwagen,2004,manuell,60,fiesta,90000,Oct,Gasoline,ford,No,2016-03-28 00:00:00,97469,2016-04-07 03:44:43,2016,2016,March,March,12,2
2016-03-31 14:48:10,Ford_Ka,privat,Offer,1300,control,kleinwagen,2001,manuell,60,ka,80000,May,Gasoline,ford,No,2016-03-31 00:00:00,31787,2016-04-04 06:52:32,2016,2016,March,March,15,7
2016-03-23 17:54:30,Ford_Fiesta,privat,Offer,550,control,kleinwagen,1999,manuell,60,fiesta,150000,Mar,Gasoline,ford,No,2016-03-23 00:00:00,24598,2016-03-25 02:19:22,2016,2016,March,March,17,9
2016-03-26 13:48:55,Ford_Fiesta_Unfallwagen,privat,Offer,450,control,kleinwagen,1995,manuell,50,fiesta,125000,Apr,Gasoline,ford,Yes,2016-03-26 00:00:00,4838,2016-04-06 01:46:53,2016,2016,March,March,21,8
2016-03-30 12:47:33,Ford_Fiesta__1.1_50ps__tuev_08/17__voll_fahrbereit,privat,Offer,250,control,kleinwagen,1992,manuell,50,Other,150000,Sep,Gasoline,ford,Yes,2016-03-30 00:00:00,85395,2016-04-01 06:45:00,2016,2016,March,March,24,3
2016-03-30 22:39:33,Ford_Fiesta_Style_Sport_1_25i_75PS,privat,Offer,1199,control,kleinwagen,1999,manuell,75,fiesta,125000,Jan,Gasoline,ford,No,2016-03-30 00:00:00,52070,2016-04-05 13:16:03,2016,2016,March,March,17,11
2016-03-23 13:45:33,Ford_Fiesta,privat,Offer,4900,test,kleinwagen,2009,manuell,60,fiesta,40000,Oct,Gasoline,ford,Other,2016-03-23 00:00:00,33397,2016-03-26 06:16:48,2016,2016,March,March,7,2
2016-03-26 23:55:31,Ford_Fiesta_mit_TÜV_Servo__Klima__elektr._Fensterheber_uvm_!!!,privat,Offer,750,test,kleinwagen,1999,manuell,75,fiesta,150000,Oct,Gasoline,ford,No,2016-03-26 00:00:00,32756,2016-04-03 00:47:41,2016,2016,March,March,17,2
2016-03-12 08:54:49,Ford_Fiesta_1.4_TDCI,privat,Offer,2100,control,kleinwagen,2005,manuell,68,fiesta,150000,Apr,Diesel,ford,No,2016-03-12 00:00:00,67551,2016-03-21 08:15:54,2016,2016,March,March,11,8
2016-03-24 08:53:56,Ford_Fiesta,privat,Offer,2000,control,kleinwagen,2003,manuell,80,fiesta,150000,Jun,Gasoline,ford,No,2016-03-24 00:00:00,8523,2016-04-06 23:45:08,2016,2016,March,March,13,6
2016-03-12 15:54:46,Ford_Fiesta_Flair,privat,Offer,975,control,kleinwagen,1997,manuell,60,fiesta,125000,Mar,Gasoline,ford,No,2016-03-12 00:00:00,31246,2016-03-17 18:15:19,2016,2016,March,March,19,9
2016-03-30 20:53:02,Ford_AU_und_HU_Kupplung_sind_Neu,privat,Offer,2250,control,kleinwagen,2000,manuell,101,focus,150000,Mar,Gasoline,ford,No,2016-03-30 00:00:00,33100,2016-04-07 13:18:09,2016,2016,March,March,16,9
2016-03-21 15:56:29,Ford_Focus,privat,Offer,750,control,kleinwagen,1999,manuell,0,focus,150000,Oct,Gasoline,ford,No,2016-03-21 00:00:00,53797,2016-03-22 20:47:49,2016,2016,March,March,17,2
2016-03-23 14:52:47,Ford_Fiesta_1__25_Trend,privat,Offer,5500,test,kleinwagen,2010,manuell,82,fiesta,125000,Apr,,ford,Other,2016-03-23 00:00:00,88410,2016-03-31 01:46:55,2016,2016,March,March,6,8
2016-03-22 17:44:27,Ford_fiesta_4_tuere_klima,privat,Offer,450,control,kleinwagen,1999,manuell,0,fiesta,70000,Jan,Gasoline,ford,No,2016-03-22 00:00:00,47929,2016-03-22 17:44:27,2016,2016,March,March,17,11
2016-03-06 15:51:16,Ford_Ka_Collection_Karibik_Blau,privat,Offer,1400,test,kleinwagen,1999,manuell,60,ka,150000,Sep,Gasoline,ford,No,2016-03-06 00:00:00,13581,2016-04-06 20:45:48,2016,2016,March,March,17,3
2016-04-02 21:38:43,ford_fiesta_1.2_55kw_bj.2001_klima,privat,Offer,250,test,kleinwagen,2001,manuell,75,fiesta,100000,May,Gasoline,ford,Yes,2016-04-02 00:00:00,93057,2016-04-02 21:38:43,2016,2016,April,April,15,7
2016-03-05 21:47:42,Ford_Fiesta_1.25_Trend,privat,Offer,1800,test,kleinwagen,2010,manuell,82,fiesta,80000,Jul,Gasoline,ford,Yes,2016-03-05 00:00:00,21031,2016-04-05 19:17:13,2016,2016,March,March,6,5
2016-03-11 13:38:01,Ford_KA_3_door_Sedan,privat,Offer,500,test,kleinwagen,1999,manuell,0,Other,150000,Jun,Gasoline,ford,No,2016-03-11 00:00:00,77704,2016-04-03 07:48:17,2016,2016,March,March,17,6
2016-03-14 03:42:45,Ford_Fiesta_1.2_L__im__Jahreswagen_Zustand,privat,Offer,1900,test,kleinwagen,1994,manuell,50,fiesta,60000,Mar,Gasoline,ford,No,2016-03-13 00:00:00,42929,2016-04-07 00:45:54,2016,2016,March,March,22,9
2016-03-19 05:03:06,Ford_Fiesta_mit_Klima_und_TÜV,privat,Offer,699,test,kleinwagen,1999,manuell,0,fiesta,150000,May,Gasoline,ford,No,2016-03-19 00:00:00,32120,2016-03-22 16:17:42,2016,2016,March,March,17,7
2016-03-18 16:23:09,Ford_Fusion_1.4_Trend,privat,Offer,1850,test,kleinwagen,2003,automatik,80,fusion,150000,Nov,Gasoline,ford,No,2016-03-18 00:00:00,65620,2016-03-22 02:45:01,2016,2016,March,March,13,1
2016-03-17 20:44:31,Ford_Fiesta_1_25l_Style_Sport_wenig_Kilometer,privat,Offer,1298,control,kleinwagen,1999,manuell,75,fiesta,90000,Dec,Gasoline,ford,No,2016-03-17 00:00:00,66740,2016-03-23 09:48:23,2016,2016,March,March,17,0
2016-03-06 00:48:57,Ford_Fiesta_16_V,privat,Offer,800,control,kleinwagen,1998,manuell,75,fiesta,20000,Sep,Gasoline,ford,No,2016-03-05 00:00:00,51061,2016-03-15 08:45:07,2016,2016,March,March,18,3
2016-03-13 22:06:21,Ford_Fiesta_1.3_Fun,privat,Offer,2000,control,kleinwagen,2005,manuell,69,fiesta,150000,Nov,Gasoline,ford,No,2016-03-13 00:00:00,65439,2016-03-16 14:17:42,2016,2016,March,March,11,1
2016-03-31 08:54:31,Ford_Fiesta_Bastler_Fahrzeug,privat,Offer,200,control,kleinwagen,1995,manuell,60,fiesta,60000,Jul,Gasoline,ford,Yes,2016-03-31 00:00:00,2633,2016-04-06 03:15:44,2016,2016,March,March,21,5
2016-03-25 18:37:53,Export_oder_Bastler_Rest_TÜV,privat,Offer,120,test,kleinwagen,1997,manuell,0,ka,150000,Apr,Gasoline,ford,Other,2016-03-25 00:00:00,27570,2016-04-07 00:16:00,2016,2016,March,March,19,8
2016-03-08 12:45:13,Ford_Ka___Ledersitze,privat,Offer,450,test,kleinwagen,2002,manuell,60,ka,125000,Sep,Gasoline,ford,No,2016-03-08 00:00:00,28832,2016-03-27 16:18:05,2016,2016,March,March,14,3
2016-03-08 19:54:03,"Ford_Fiesta_1_3_nur_148800km_Bj._2002_TÜV_""NEU""",privat,Offer,1350,test,kleinwagen,2002,manuell,60,fiesta,150000,Jan,Gasoline,ford,Other,2016-03-08 00:00:00,49696,2016-03-29 08:44:35,2016,2016,March,March,14,11
2016-03-09 14:54:22,FOCUS_1_8_TDCI_Gewindefahrwerk,privat,Offer,1000,test,kleinwagen,2002,manuell,115,focus,150000,Apr,,ford,No,2016-03-09 00:00:00,53797,2016-03-10 22:16:23,2016,2016,March,March,14,8
2016-03-21 19:57:46,Ford_Fiesta_1.3_4_Tueren_Servo__mit_Steuerkette__8_fach_bereift,privat,Offer,1700,test,kleinwagen,2003,manuell,60,fiesta,150000,Aug,Gasoline,ford,No,2016-03-21 00:00:00,58791,2016-04-07 09:17:06,2016,2016,March,March,13,4
2016-03-14 22:51:44,Fiesta_zu_verkaufen,privat,Offer,130,control,kleinwagen,1999,manuell,50,fiesta,150000,Jun,Gasoline,ford,Other,2016-03-14 00:00:00,48165,2016-03-30 05:18:19,2016,2016,March,March,17,6
2016-03-05 15:50:31,Ford_Fiesta_Ghia_TÜV_1/2018,privat,Offer,799,control,kleinwagen,1999,manuell,75,fiesta,50000,Jan,Gasoline,ford,No,2016-03-05 00:00:00,41239,2016-03-06 04:45:23,2016,2016,March,March,17,11
2016-03-12 12:50:10,Ford_Fiesta,privat,Offer,5750,test,kleinwagen,2010,manuell,68,fiesta,125000,May,Diesel,ford,No,2016-03-12 00:00:00,41812,2016-03-14 20:47:45,2016,2016,March,March,6,7
2016-03-23 20:53:47,Ford_Fiesta,privat,Offer,3000,test,kleinwagen,2001,manuell,80,fiesta,125000,Jan,Gasoline,ford,No,2016-03-23 00:00:00,37345,2016-04-06 02:16:47,2016,2016,March,March,15,11
2016-04-04 18:46:03,Ford_Ka,privat,Offer,1900,test,kleinwagen,1999,manuell,60,ka,50000,Nov,Gasoline,ford,No,2016-04-04 00:00:00,90587,2016-04-04 18:46:03,2016,2016,April,April,17,1
2016-03-19 13:43:59,Ford_Fiesta,privat,Offer,750,test,kleinwagen,1997,manuell,45,fiesta,125000,Oct,Gasoline,ford,Other,2016-03-19 00:00:00,41515,2016-03-19 13:43:59,2016,2016,March,March,19,2
2016-03-09 21:54:29,Ford_Ka_1.3_TDCi_Trend,privat,Offer,4450,test,kleinwagen,2008,manuell,75,ka,125000,Nov,Diesel,ford,No,2016-03-09 00:00:00,74653,2016-03-10 09:15:08,2016,2016,March,March,8,1
2016-03-22 17:55:51,Wer_zu_erst_kommt_malt_zuerst!!!!_Ford_KA_3_Door_Sedan_in_Gruen,privat,Offer,300,control,kleinwagen,1997,manuell,50,ka,150000,Apr,Gasoline,ford,Other,2016-03-22 00:00:00,20355,2016-03-24 02:15:49,2016,2016,March,March,19,8
2016-03-12 21:48:38,Ford_Ka_laeuft_1A_mit_Ledersitze_und_Klimaanlage_Tuev_bis_Juli_2017,privat,Offer,1250,test,kleinwagen,2002,manuell,60,ka,150000,Mar,Gasoline,ford,Other,2016-03-12 00:00:00,33397,2016-03-24 22:44:47,2016,2016,March,March,14,9
2016-03-08 20:45:52,Ford_Fiesta,privat,Offer,4000,control,kleinwagen,2007,manuell,60,fiesta,70000,Jan,Gasoline,ford,Other,2016-03-08 00:00:00,49740,2016-04-05 19:17:47,2016,2016,March,March,9,11
2016-03-14 15:46:27,Ford_Fiesta_1.4_Fun_X,privat,Offer,5250,control,kleinwagen,2007,manuell,80,fiesta,30000,May,Gasoline,ford,No,2016-03-14 00:00:00,63450,2016-03-21 05:18:19,2016,2016,March,March,9,7
2016-03-28 17:38:33,Ford_Ka_1.2_Start_Stopp_System_Titanium,privat,Offer,4700,test,kleinwagen,2013,manuell,69,ka,30000,Mar,Gasoline,ford,No,2016-03-28 00:00:00,13585,2016-04-06 23:15:47,2016,2016,March,March,3,9
2016-03-05 18:36:24,Ford_Fiesta_mit_neuem_TÜV_sucht_neuen_Halter,privat,Offer,1800,test,kleinwagen,2005,manuell,60,fiesta,150000,Mar,Gasoline,ford,No,2016-03-05 00:00:00,61118,2016-03-19 16:15:20,2016,2016,March,March,11,9
2016-03-17 09:53:35,Ford_KA_1.3_TDci_Individuell__Klimaautomatik_TOP,privat,Offer,4850,test,kleinwagen,2011,manuell,75,ka,150000,Jun,Diesel,ford,No,2016-03-17 00:00:00,48153,2016-03-24 01:45:17,2016,2016,March,March,5,6
2016-03-10 11:06:23,Verkaufe_Ford_Fiesta_noch_angemeldet,privat,Offer,400,control,kleinwagen,1998,manuell,75,fiesta,150000,Jun,Gasoline,ford,Other,2016-03-10 00:00:00,65597,2016-03-11 15:16:34,2016,2016,March,March,18,6
2016-03-16 11:56:32,Ford_Escord_zum_zu_Ende_fahren.,privat,Offer,390,test,kleinwagen,1999,manuell,0,escort,150000,Jan,Gasoline,ford,Other,2016-03-16 00:00:00,31638,2016-04-06 06:16:51,2016,2016,March,March,17,11
2016-03-15 21:38:58,Ford_Ka_1.3_Liter_60_PS_Guter_Zustand,privat,Offer,1550,control,kleinwagen,2004,manuell,60,ka,100000,Feb,Gasoline,ford,Other,2016-03-15 00:00:00,79241,2016-04-01 08:17:06,2016,2016,March,March,12,10
2016-03-07 22:57:32,Ford_Fiesta_1.25,privat,Offer,4300,test,kleinwagen,2010,manuell,60,fiesta,125000,Mar,Gasoline,ford,No,2016-03-07 00:00:00,23554,2016-03-23 15:49:27,2016,2016,March,March,6,9
2016-03-14 15:36:35,Ford_Fiesta_fuer_Bastler_oder_zum_Ausschlachten,privat,Offer,200,control,kleinwagen,1999,manuell,75,fiesta,150000,May,Gasoline,ford,Yes,2016-03-14 00:00:00,32257,2016-03-14 16:41:27,2016,2016,March,March,17,7
2016-03-25 09:54:43,Ford_Fiesta,privat,Offer,149,test,kleinwagen,1995,manuell,60,fiesta,150000,Jun,Gasoline,ford,Other,2016-03-25 00:00:00,52355,2016-03-28 08:17:52,2016,2016,March,March,21,6
2016-03-11 09:36:16,dunkelblauer_fiesta,privat,Offer,2999,control,kleinwagen,2007,manuell,60,fiesta,90000,Oct,Gasoline,ford,Yes,2016-03-11 00:00:00,71364,2016-03-11 09:36:16,2016,2016,March,March,9,2
2016-03-10 21:36:18,Ford_Ka,privat,Offer,1299,control,kleinwagen,2002,manuell,60,ka,150000,Nov,Gasoline,ford,No,2016-03-10 00:00:00,51491,2016-03-15 00:44:19,2016,2016,March,March,14,1
2016-03-09 22:38:16,Ford_Focus_1.6,privat,Offer,750,test,kleinwagen,1999,manuell,101,focus,150000,Mar,Gasoline,ford,No,2016-03-09 00:00:00,32423,2016-03-11 07:45:16,2016,2016,March,March,17,9
2016-03-23 12:36:24,Ford_Fiesta_+_TÜV_bis_2017,privat,Offer,260,control,kleinwagen,1995,manuell,50,fiesta,90000,Sep,Gasoline,ford,Other,2016-03-23 00:00:00,30179,2016-04-05 13:45:37,2016,2016,March,March,21,3
2016-03-23 15:47:26,Ford_Fiesta_1.4_TDCI_Ambiente_Klima,privat,Offer,1550,test,kleinwagen,2002,manuell,68,fiesta,150000,Oct,Diesel,ford,No,2016-03-23 00:00:00,44623,2016-03-26 08:45:47,2016,2016,March,March,14,2
2016-03-24 14:56:54,Ford_Fiesta_Trend___60PS,privat,Offer,4750,test,kleinwagen,2009,manuell,60,fiesta,60000,Jul,Gasoline,ford,Other,2016-03-24 00:00:00,9618,2016-03-24 15:44:17,2016,2016,March,March,7,5
2016-03-30 18:54:47,Ford_KA_Bastlerfahrzeug_ohne_Tuev,privat,Offer,300,test,kleinwagen,2000,manuell,44,ka,150000,Jun,Gasoline,ford,Yes,2016-03-30 00:00:00,30655,2016-04-07 10:17:06,2016,2016,March,March,16,6
2016-03-21 21:57:47,Ford_fiesta_mit_TÜV_bis_2017_._Gutes_Anfaenger_Auto,privat,Offer,450,control,kleinwagen,1998,manuell,50,fiesta,150000,Jan,,ford,Other,2016-03-21 00:00:00,4808,2016-03-21 22:44:29,2016,2016,March,March,18,11
2016-03-13 22:44:06,Ford_Fiesta_1_3_Benzina_Anhaengerkupplung__*Tuev*_neu,privat,Offer,2500,control,kleinwagen,2005,manuell,60,fiesta,150000,Jan,,ford,No,2016-03-13 00:00:00,28777,2016-03-15 18:45:27,2016,2016,March,March,11,11
2016-03-14 16:54:02,Ford_Fiesta_1.3___TÜV_bis_10.2016__4_Tuerer__60_PS___guter_Zustand,privat,Offer,699,test,kleinwagen,1997,manuell,60,fiesta,150000,Nov,Gasoline,ford,No,2016-03-14 00:00:00,47800,2016-03-15 11:46:30,2016,2016,March,March,19,1
2016-03-08 13:53:55,Ford_Ka,privat,Offer,750,control,kleinwagen,1999,manuell,60,ka,150000,Aug,Gasoline,ford,No,2016-03-08 00:00:00,51149,2016-04-06 00:46:51,2016,2016,March,March,17,4
2016-03-12 16:50:30,Ford_Fiesta_1.3_Ambiente,privat,Offer,2999,control,kleinwagen,2007,manuell,60,fiesta,125000,Dec,Gasoline,ford,No,2016-03-12 00:00:00,33100,2016-03-15 22:18:13,2016,2016,March,March,9,0
2016-03-15 17:49:42,Ford_Fiesta_mit_Rest_Tuev_als_Bastlerfahrzeug_abzugeben,privat,Offer,200,control,kleinwagen,1997,manuell,50,fiesta,150000,Apr,Gasoline,ford,Yes,2016-03-15 00:00:00,24594,2016-03-17 13:17:44,2016,2016,March,March,19,8
2016-03-21 19:52:19,Ford_Fiesta_1.25_Ambiente,privat,Offer,5299,test,kleinwagen,2009,manuell,60,fiesta,80000,Jul,Gasoline,ford,No,2016-03-21 00:00:00,64385,2016-04-01 02:15:29,2016,2016,March,March,7,5
2016-03-20 12:45:03,Ford_Fiesta_1_4L_TDCI,privat,Offer,3299,test,kleinwagen,2003,manuell,68,fiesta,150000,Jun,Diesel,ford,No,2016-03-20 00:00:00,89284,2016-04-06 11:46:05,2016,2016,March,March,13,6
2016-04-02 12:57:11,FORD_FIESTA_TDCI,privat,Offer,2199,test,kleinwagen,2002,manuell,68,fiesta,150000,Aug,Diesel,ford,No,2016-04-02 00:00:00,40789,2016-04-02 12:57:11,2016,2016,April,April,14,4
2016-03-05 14:42:51,Zustand_des_Autos,privat,Offer,3500,control,kleinwagen,2008,manuell,75,fiesta,125000,Apr,Gasoline,ford,Other,2016-03-05 00:00:00,13403,2016-04-07 09:45:14,2016,2016,March,March,8,8
2016-03-15 19:51:02,Ford_Fiesta_1.3,privat,Offer,2200,control,kleinwagen,2003,manuell,60,fiesta,90000,Mar,Gasoline,ford,No,2016-03-15 00:00:00,21337,2016-03-17 16:16:47,2016,2016,March,March,13,9
2016-03-10 20:54:37,Ford_Fiesta_2.0_ST150_Tuev_bis_01/2018,privat,Offer,4300,test,kleinwagen,2006,manuell,150,fiesta,150000,Apr,Gasoline,ford,No,2016-03-10 00:00:00,53909,2016-03-31 23:44:31,2016,2016,March,March,10,8
2016-03-24 16:56:11,Verkaufe_mein_Auto__zwecks_Neuanschaffung,privat,Offer,1500,control,kleinwagen,2002,manuell,60,fiesta,150000,Sep,Gasoline,ford,No,2016-03-24 00:00:00,66557,2016-03-26 01:48:54,2016,2016,March,March,14,3
2016-03-09 17:49:28,Ford_Fiesta_Flair,privat,Offer,500,test,kleinwagen,1997,manuell,50,fiesta,150000,Oct,Gasoline,ford,No,2016-03-09 00:00:00,53945,2016-03-26 02:45:43,2016,2016,March,March,19,2
2016-03-29 15:55:19,Ford_Fiesta_1.3_Fun_X,privat,Offer,3500,control,kleinwagen,2007,manuell,69,fiesta,125000,Aug,Gasoline,ford,No,2016-03-29 00:00:00,19273,2016-04-06 01:44:52,2016,2016,March,March,9,4
2016-03-25 12:48:39,Ford_Fiesta_1.4_Viva_X,privat,Offer,3290,test,kleinwagen,2005,manuell,80,fiesta,70000,Jul,Gasoline,ford,No,2016-03-25 00:00:00,58332,2016-03-26 22:18:39,2016,2016,March,March,11,5
2016-03-14 13:43:17,Ford_Ka,privat,Offer,1499,test,kleinwagen,2007,manuell,69,ka,125000,Mar,Gasoline,ford,No,2016-03-14 00:00:00,15566,2016-03-18 00:17:07,2016,2016,March,March,9,9
2016-04-03 17:40:57,Ford_Fiesta,privat,Offer,4000,test,kleinwagen,2007,manuell,60,fiesta,100000,Sep,Gasoline,ford,No,2016-04-03 00:00:00,16798,2016-04-05 17:26:41,2016,2016,April,April,9,3
2016-03-31 14:51:57,Hallo_verkaufe_meinen_Stadtflitzer_Hugo,privat,Offer,800,control,kleinwagen,1997,manuell,0,ka,150000,Oct,Gasoline,ford,No,2016-03-31 00:00:00,18106,2016-04-04 06:53:09,2016,2016,March,March,19,2
2016-04-02 16:36:22,Ford_Sportka,privat,Offer,899,control,kleinwagen,2004,manuell,95,ka,150000,Jun,Gasoline,ford,Yes,2016-04-02 00:00:00,88339,2016-04-06 16:46:16,2016,2016,April,April,12,6
2016-03-08 17:49:55,Ford_Fiesta_1.6_Trend,privat,Offer,1390,control,kleinwagen,2004,manuell,101,fiesta,150000,Jul,Gasoline,ford,No,2016-03-08 00:00:00,40699,2016-04-07 08:44:55,2016,2016,March,March,12,5
2016-03-09 21:48:34,Ford_Ka_Schlachtfest_Teile_Ab2,privat,Offer,200,test,kleinwagen,1998,manuell,0,ka,20000,Jul,Gasoline,ford,Yes,2016-03-09 00:00:00,45886,2016-04-05 23:46:27,2016,2016,March,March,18,5
2016-03-26 22:52:35,Ford_Fiesta_1.3_OZ_FUTURA_SPORTPACKET_ST_TUINING,privat,Offer,1999,test,kleinwagen,2005,manuell,69,fiesta,150000,Jul,Gasoline,ford,No,2016-03-26 00:00:00,54516,2016-04-06 18:48:23,2016,2016,March,March,11,5
2016-03-26 10:52:08,Silberner_Ford_KA,privat,Offer,850,test,kleinwagen,2006,manuell,60,ka,90000,Mar,Gasoline,ford,No,2016-03-26 00:00:00,24943,2016-03-27 22:46:34,2016,2016,March,March,10,9
2016-03-22 17:47:48,Ford_Ka_95.000_tkm,privat,Offer,750,control,kleinwagen,2006,manuell,60,ka,100000,Apr,,ford,No,2016-03-22 00:00:00,73635,2016-03-22 17:47:48,2016,2016,March,March,10,8
2016-03-22 01:58:14,Ford_Fiesta,privat,Offer,150,test,kleinwagen,1999,manuell,51,fiesta,150000,Jan,,ford,No,2016-03-22 00:00:00,77883,2016-03-29 09:45:54,2016,2016,March,March,17,11
2016-03-07 18:54:37,Ford_Fiesta,privat,Offer,850,control,kleinwagen,1999,manuell,60,fiesta,150000,Feb,Gasoline,ford,No,2016-03-07 00:00:00,6712,2016-03-14 08:17:26,2016,2016,March,March,17,10
2016-03-07 14:58:26,Ford_Fusion_1.25_Ambiente_mit_neuem_Zahnriemen_u._Inspektion,privat,Offer,2800,control,kleinwagen,2006,manuell,75,fusion,150000,Mar,Gasoline,ford,No,2016-03-07 00:00:00,28777,2016-03-09 02:44:40,2016,2016,March,March,10,9
2016-03-08 18:43:27,Ford_fiesta,privat,Offer,750,test,kleinwagen,1997,manuell,0,fiesta,150000,Jan,Gasoline,ford,Other,2016-03-08 00:00:00,66540,2016-04-07 10:46:46,2016,2016,March,March,19,11
2016-03-10 08:57:48,ford_fiesta_bj_97_tuev_08.20016,privat,Offer,399,test,kleinwagen,1997,manuell,60,fiesta,150000,Jun,Gasoline,ford,Other,2016-03-10 00:00:00,12057,2016-03-16 10:46:01,2016,2016,March,March,19,6
2016-03-31 11:58:47,Ford_Fiesta_an_Bastler_zu_Verkaufen,privat,Offer,200,control,kleinwagen,1996,manuell,37,fiesta,150000,Apr,Gasoline,ford,Yes,2016-03-31 00:00:00,58285,2016-04-04 04:17:48,2016,2016,March,March,20,8
2016-04-05 08:49:38,***_ACHTUNG_FORD_KA_MIT_NEU_TÜV_BIS_04/2018_ZU_VERKAUFEN_***,privat,Offer,1350,test,kleinwagen,2002,manuell,60,ka,150000,Aug,Gasoline,ford,Other,2016-04-05 00:00:00,24768,2016-04-07 11:17:33,2016,2016,April,April,14,4
2016-03-15 15:48:46,Verkaufe_ford_ka,privat,Offer,150,control,kleinwagen,1997,manuell,0,ka,150000,Jan,,ford,Yes,2016-03-15 00:00:00,45661,2016-03-21 13:16:36,2016,2016,March,March,19,11
2016-03-28 23:57:40,Ford_Ka_1.3__2004__TÜV_bis_10/2016__Fahrbereit,privat,Offer,850,test,kleinwagen,2004,manuell,60,ka,150000,Jul,Gasoline,ford,No,2016-03-28 00:00:00,78647,2016-04-05 15:47:06,2016,2016,March,March,12,5
2016-03-29 16:49:41,Auto_an_Bastler,privat,Offer,80,control,kleinwagen,1992,manuell,0,Other,70000,Feb,Gasoline,ford,Yes,2016-03-29 00:00:00,32105,2016-03-31 09:47:25,2016,2016,March,March,24,10
2016-03-25 14:50:09,Verkaufe_ford_focus_1_8l_16v,privat,Offer,450,control,kleinwagen,1999,manuell,116,focus,150000,Jan,,ford,Other,2016-03-25 00:00:00,78224,2016-04-06 18:18:22,2016,2016,March,March,17,11
2016-03-30 17:06:19,Ford_Fiesta_MK5_TÜV_07/2016,privat,Offer,350,test,kleinwagen,2000,manuell,60,fiesta,150000,Aug,Gasoline,ford,Other,2016-03-30 00:00:00,57648,2016-04-07 11:17:36,2016,2016,March,March,16,4
2016-03-07 09:54:55,Ford_Fiesta_1.3_Ambiente,privat,Offer,2290,control,kleinwagen,2004,manuell,60,fiesta,125000,Sep,Gasoline,ford,No,2016-03-07 00:00:00,39104,2016-03-17 15:46:53,2016,2016,March,March,12,3
2016-03-23 18:51:07,Ford_Ka_Royal_Silber,privat,Offer,1550,test,kleinwagen,2000,manuell,60,ka,125000,Nov,Gasoline,ford,No,2016-03-23 00:00:00,50767,2016-03-25 03:15:36,2016,2016,March,March,16,1
2016-03-26 15:51:13,Ford_Fiesta_1.3,privat,Offer,3390,test,kleinwagen,2007,manuell,69,fiesta,125000,Jan,Gasoline,ford,No,2016-03-26 00:00:00,93351,2016-03-31 11:44:52,2016,2016,March,March,9,11
2016-03-17 14:56:43,Ford_Fiesta_1.3_Klima_Servo_Tuev_Maerz_2018,privat,Offer,2500,control,kleinwagen,2005,manuell,60,fiesta,100000,Jun,Gasoline,ford,No,2016-03-17 00:00:00,68305,2016-03-19 15:15:18,2016,2016,March,March,11,6
2016-03-19 12:49:46,Zu_verjaufen,privat,Offer,600,test,kleinwagen,1999,manuell,122,andere,150000,Mar,Gasoline,ford,Other,2016-03-19 00:00:00,30419,2016-03-24 06:45:23,2016,2016,March,March,17,9
2016-03-17 23:42:44,Ford_Ka_zu_verkaufen!!!,privat,Offer,400,control,kleinwagen,1997,manuell,44,ka,150000,Apr,Gasoline,ford,Yes,2016-03-17 00:00:00,33428,2016-04-05 12:44:45,2016,2016,March,March,19,8
2016-03-15 15:36:37,Ford_ka_neue_Tuev,privat,Offer,900,control,kleinwagen,1998,Unspecified,0,ka,20000,Jan,Gasoline,ford,Other,2016-03-15 00:00:00,40233,2016-03-24 02:45:57,2016,2016,March,March,18,11
2016-03-18 10:47:35,Ford_Fiesta_1.3_Ambiente,privat,Offer,3190,control,kleinwagen,2006,manuell,60,fiesta,150000,Apr,Gasoline,ford,No,2016-03-18 00:00:00,87764,2016-03-20 05:16:02,2016,2016,March,March,10,8
2016-04-05 11:25:27,Verkaufe_Ford_ka_Bj_2004,privat,Offer,999,control,kleinwagen,2004,manuell,60,ka,125000,Oct,Gasoline,ford,Other,2016-04-05 00:00:00,55494,2016-04-05 12:06:51,2016,2016,April,April,12,2
2016-03-22 19:38:18,Ford_ka_erst_115.000_SERVO_SEHR_GEPFLEGT_!!,privat,Offer,749,test,kleinwagen,1997,manuell,60,ka,125000,Jan,Gasoline,ford,No,2016-03-22 00:00:00,44575,2016-03-25 11:47:05,2016,2016,March,March,19,11
2016-03-09 03:36:18,Ford_Ka_zu_verkaufen_/_Tausch_moeglich_anbieten_!!,privat,Offer,150,control,kleinwagen,1998,manuell,0,ka,20000,May,Gasoline,ford,Yes,2016-03-09 00:00:00,47053,2016-04-07 09:16:50,2016,2016,March,March,18,7
2016-03-05 23:37:56,Ford_Fiesta_1.4,privat,Offer,2100,control,kleinwagen,2003,manuell,80,fiesta,150000,Oct,Gasoline,ford,No,2016-03-05 00:00:00,3130,2016-03-29 15:17:45,2016,2016,March,March,13,2
2016-03-28 03:36:18,Ford_focus_Tdci_!!!,privat,Offer,1200,control,kleinwagen,2001,manuell,115,focus,150000,Mar,Diesel,ford,Other,2016-03-28 00:00:00,46117,2016-04-06 10:44:19,2016,2016,March,March,15,9
2016-03-15 18:43:56,Ford_Ka_1.3___69Ps_Klima_Sommeralu,privat,Offer,2500,control,kleinwagen,2007,manuell,69,ka,70000,Mar,Gasoline,ford,No,2016-03-15 00:00:00,64295,2016-03-25 15:44:25,2016,2016,March,March,9,9
2016-03-20 20:45:39,Ford_Ka,privat,Offer,1149,test,kleinwagen,2000,manuell,60,ka,150000,Jun,Gasoline,ford,No,2016-03-20 00:00:00,64750,2016-04-07 05:16:14,2016,2016,March,March,16,6
2016-04-02 12:46:07,Ford_Fiesta_EZ_96_/_An_Bastler_zu_VK,privat,Offer,200,test,kleinwagen,1996,manuell,60,fiesta,150000,Dec,Gasoline,ford,Other,2016-04-02 00:00:00,63457,2016-04-04 09:46:53,2016,2016,April,April,20,0
2016-03-23 19:52:58,Ford_Ka_mit_TÜV/_Winterreifen/_Klimaanlage,privat,Offer,1050,control,kleinwagen,2004,manuell,60,ka,100000,Apr,Gasoline,ford,No,2016-03-23 00:00:00,32758,2016-04-06 01:45:45,2016,2016,March,March,12,8
2016-03-07 18:38:41,Ford_Fiesta_1_3_TueV/AU_neu_44KW_52.000km_EZ_11/2004,privat,Offer,2300,control,kleinwagen,2004,manuell,50,fiesta,60000,Nov,Gasoline,ford,Other,2016-03-07 00:00:00,31275,2016-04-01 04:18:15,2016,2016,March,March,12,1
2016-03-17 19:54:57,Verkauf_Ford_Fiesta,privat,Offer,950,control,kleinwagen,2004,manuell,60,fiesta,150000,Oct,Gasoline,ford,Yes,2016-03-17 00:00:00,19399,2016-03-17 19:54:57,2016,2016,March,March,12,2
2016-03-05 20:56:42,Ford_Fiesta_1.4_TDCI,privat,Offer,2999,control,kleinwagen,2004,manuell,68,fiesta,150000,Dec,Diesel,ford,No,2016-03-05 00:00:00,31319,2016-03-09 10:46:40,2016,2016,March,March,12,0
2016-03-12 17:36:30,Ford_Focus_Futura,privat,Offer,3200,test,kleinwagen,2002,manuell,116,focus,125000,Sep,Diesel,ford,No,2016-03-12 00:00:00,52223,2016-03-14 09:46:10,2016,2016,March,March,14,3
2016-04-01 10:52:36,Ford_Ka_Klima_Alu,privat,Offer,0,control,kleinwagen,2003,manuell,60,ka,125000,Dec,Gasoline,ford,No,2016-04-01 00:00:00,79369,2016-04-03 07:16:46,2016,2016,April,April,13,0
2016-03-25 17:53:19,Ford_Fiesta_1.25_Trend,privat,Offer,4999,test,kleinwagen,2009,manuell,82,fiesta,90000,Apr,Gasoline,ford,Other,2016-03-25 00:00:00,93109,2016-04-02 22:22:41,2016,2016,March,March,7,8
2016-03-27 14:42:29,Verkaufe_FORD_FIESTA,privat,Offer,500,control,kleinwagen,2002,manuell,75,fiesta,80000,Jan,Gasoline,ford,Other,2016-03-27 00:00:00,4209,2016-03-30 17:37:54,2016,2016,March,March,14,11
2016-03-14 22:49:20,Ford_Ka,privat,Offer,2380,control,kleinwagen,2008,manuell,60,ka,80000,Feb,Gasoline,ford,No,2016-03-14 00:00:00,38124,2016-03-25 16:17:38,2016,2016,March,March,8,10
2016-03-23 17:58:47,Ford_Fiesta_Classic,privat,Offer,500,control,kleinwagen,1997,manuell,60,fiesta,90000,Jul,Gasoline,ford,No,2016-03-23 00:00:00,99428,2016-04-05 22:18:06,2016,2016,March,March,19,5
2016-03-05 14:24:56,Ford_Fiesta_1.25__75ps__Notverkauf!!,privat,Offer,200,test,kleinwagen,1997,manuell,75,fiesta,150000,Jan,Gasoline,ford,Other,2016-03-04 00:00:00,65201,2016-03-08 08:46:43,2016,2016,March,March,19,11
2016-03-19 16:06:24,1_Hand_Nur_68000_Km_Klima_Model_2008,privat,Offer,1650,control,kleinwagen,2008,Unspecified,69,ka,70000,Jan,Gasoline,ford,Other,2016-03-19 00:00:00,65719,2016-03-19 21:31:00,2016,2016,March,March,8,11
2016-03-21 14:39:54,Ford_Fiesta_1.3_Ambiente,privat,Offer,2200,control,kleinwagen,2004,manuell,60,fiesta,150000,May,Lpg,ford,No,2016-03-21 00:00:00,53332,2016-04-06 11:15:41,2016,2016,March,March,12,7
2016-03-31 17:46:38,Ford_Ka__Anfaenger__oder_Übergangsauto__Klima__ZV__Servo__ABS,privat,Offer,300,control,kleinwagen,2000,manuell,60,ka,125000,Apr,Gasoline,ford,Other,2016-03-31 00:00:00,93173,2016-04-06 11:16:30,2016,2016,March,March,16,8
2016-03-26 11:37:43,Ford_fiesta,privat,Offer,1350,control,kleinwagen,2006,manuell,60,fiesta,90000,Nov,,ford,No,2016-03-26 00:00:00,68305,2016-04-05 22:45:04,2016,2016,March,March,10,1
2016-03-22 21:57:20,Ford_Fiesta,privat,Offer,800,control,kleinwagen,2001,manuell,50,fiesta,150000,Oct,,ford,Other,2016-03-22 00:00:00,54634,2016-03-30 04:17:19,2016,2016,March,March,15,2
2016-03-17 23:46:04,Ford_Fiesta_1_3__Schraeghecklimousine_4/5_Tueren,privat,Offer,3100,control,kleinwagen,2006,manuell,69,fiesta,150000,Nov,Gasoline,ford,No,2016-03-17 00:00:00,27243,2016-04-05 14:18:33,2016,2016,March,March,10,1
2016-03-25 09:37:51,Ford_Fiesta_45.000KM,privat,Offer,3200,test,kleinwagen,2004,manuell,69,fiesta,50000,Mar,Gasoline,ford,Other,2016-03-25 00:00:00,79618,2016-04-06 07:46:09,2016,2016,March,March,12,9
2016-03-24 17:53:12,Ford_Fiesta_Bastlerfahrzueg,privat,Offer,400,control,kleinwagen,1997,manuell,75,fiesta,150000,Jan,Gasoline,ford,Yes,2016-03-24 00:00:00,58256,2016-04-07 12:16:42,2016,2016,March,March,19,11
2016-04-04 18:37:01,Ford_ka_mit__Leder_Ausstattung,privat,Offer,600,test,kleinwagen,2001,manuell,0,ka,150000,Jul,Gasoline,ford,No,2016-04-04 00:00:00,28197,2016-04-06 20:19:51,2016,2016,April,April,15,5
2016-03-09 17:54:18,Ford_Fiesta_1_3_Viva_60_PS__Klima__3_tuerig__Funkfernbedienung,privat,Offer,2499,test,kleinwagen,2005,manuell,60,fiesta,125000,Oct,Gasoline,ford,No,2016-03-09 00:00:00,57250,2016-03-11 14:15:47,2016,2016,March,March,11,2
2016-04-03 03:02:34,ideales_Anfaengerauto,privat,Offer,500,control,kleinwagen,1997,manuell,60,ka,150000,Aug,Gasoline,ford,No,2016-04-03 00:00:00,67433,2016-04-07 09:44:48,2016,2016,April,April,19,4
2016-03-21 14:52:37,Ford_1.4_16v,privat,Offer,700,control,kleinwagen,2004,manuell,80,fiesta,150000,Apr,Gasoline,ford,Yes,2016-03-21 00:00:00,82299,2016-03-21 14:52:37,2016,2016,March,March,12,8
2016-03-15 13:52:16,verkaufe_ford_fiesta_fuer_150_euro,privat,Offer,80,control,kleinwagen,1998,manuell,60,fiesta,70000,Mar,,ford,Yes,2016-03-15 00:00:00,17491,2016-03-22 14:17:25,2016,2016,March,March,18,9
2016-03-31 18:49:15,Ford_Ka_vier_Monate_TÜV,privat,Offer,500,control,kleinwagen,2003,manuell,0,ka,150000,Mar,Gasoline,ford,No,2016-03-31 00:00:00,40210,2016-03-31 18:49:15,2016,2016,March,March,13,9
2016-03-19 01:48:41,Ford_Fiesta_1.4,privat,Offer,1550,control,kleinwagen,2002,manuell,80,fiesta,150000,Apr,Gasoline,ford,No,2016-03-18 00:00:00,89231,2016-04-06 03:45:36,2016,2016,March,March,14,8
2016-04-01 12:37:31,Ford_Fiesta_1_3_Bj_2001_KLIMA_SERVO_Tuev/AU_NEU__93000km_D4_5trg,privat,Offer,1190,test,kleinwagen,2001,manuell,60,fiesta,100000,Jun,Gasoline,ford,Other,2016-04-01 00:00:00,10967,2016-04-05 06:17:30,2016,2016,April,April,15,6
2016-03-21 14:55:09,Ford_Ka_TÜV_bis_November_2017_70PS,privat,Offer,1350,control,kleinwagen,2006,manuell,70,ka,90000,Jul,Gasoline,ford,No,2016-03-21 00:00:00,54595,2016-03-22 19:19:54,2016,2016,March,March,10,5
2016-03-11 18:43:08,Ford_Fiesta,privat,Offer,2750,test,kleinwagen,2003,manuell,60,fiesta,40000,Jan,Gasoline,ford,No,2016-03-11 00:00:00,42719,2016-03-26 09:44:49,2016,2016,March,March,13,11
2016-03-17 11:40:44,Ford_Fiesta_1.4,privat,Offer,5500,control,kleinwagen,2010,manuell,97,fiesta,125000,May,Gasoline,ford,Yes,2016-03-17 00:00:00,83059,2016-03-20 12:16:05,2016,2016,March,March,6,7
2016-03-10 09:58:07,Ford_Fiesta,privat,Offer,250,test,kleinwagen,2002,manuell,60,fiesta,150000,Oct,,ford,Yes,2016-03-10 00:00:00,23730,2016-03-11 10:18:22,2016,2016,March,March,14,2
2016-04-04 21:41:33,Ford_Fiesta,privat,Offer,650,test,kleinwagen,2001,manuell,60,fiesta,125000,Mar,Gasoline,ford,No,2016-04-04 00:00:00,52355,2016-04-04 21:41:33,2016,2016,April,April,15,9
2016-04-02 17:53:37,Ford_Ka_Cool,privat,Offer,790,control,kleinwagen,2004,manuell,69,ka,125000,Mar,Gasoline,ford,No,2016-04-02 00:00:00,79108,2016-04-04 15:47:36,2016,2016,April,April,12,9
2016-03-07 12:51:33,Ford_Fiesta_Style_1.3____Bj._2008__91.000km__Klima_+_Scheckheft,privat,Offer,3800,test,kleinwagen,2008,manuell,60,fiesta,100000,Jan,Gasoline,ford,No,2016-03-07 00:00:00,66386,2016-03-12 04:17:00,2016,2016,March,March,8,11
2016-03-22 14:45:13,FORD_PUMA_zu_Verkaufen!,privat,Offer,800,control,kleinwagen,1999,manuell,125,andere,125000,Oct,Gasoline,ford,Yes,2016-03-22 00:00:00,33330,2016-04-06 03:45:06,2016,2016,March,March,17,2
2016-04-04 20:41:07,Ford_Fiesta,privat,Offer,750,control,kleinwagen,1997,manuell,60,fiesta,100000,Jan,Gasoline,ford,No,2016-04-04 00:00:00,31582,2016-04-06 22:46:32,2016,2016,April,April,19,11
2016-03-31 20:53:13,Ford_Fiesta_NUR_56065_Gelaufen__Klima__Servo.....,privat,Offer,750,test,kleinwagen,2001,manuell,0,fiesta,60000,Aug,Gasoline,ford,No,2016-03-31 00:00:00,32609,2016-03-31 20:53:13,2016,2016,March,March,15,4
2016-03-25 16:53:34,Ford_Ka_69_PS_Klimaanlage_+_Servolenkung,privat,Offer,1800,control,kleinwagen,2007,manuell,69,ka,125000,Mar,Gasoline,ford,No,2016-03-25 00:00:00,14165,2016-04-06 21:46:38,2016,2016,March,March,9,9
2016-03-11 17:56:33,Ford_Ka_1.2_Trend,privat,Offer,3300,control,kleinwagen,2009,manuell,69,ka,150000,Sep,Gasoline,ford,No,2016-03-11 00:00:00,26446,2016-03-26 08:47:14,2016,2016,March,March,7,3
2016-04-01 16:51:32,Ford_Fiesta_nur_an_Bastler,privat,Offer,350,control,kleinwagen,1998,manuell,0,fiesta,150000,Nov,Gasoline,ford,Other,2016-04-01 00:00:00,74232,2016-04-05 12:17:20,2016,2016,April,April,18,1
2016-03-21 20:59:03,Ford_Fiesta_1.3_Ghia,privat,Offer,3590,control,kleinwagen,2004,manuell,69,fiesta,80000,Dec,Gasoline,ford,Yes,2016-03-21 00:00:00,51503,2016-04-07 01:17:22,2016,2016,March,March,12,0
2016-03-29 17:37:57,Ford_Ka_3_Door_Sedan,privat,Offer,499,control,kleinwagen,1998,manuell,44,ka,150000,Mar,Gasoline,ford,No,2016-03-29 00:00:00,14943,2016-03-31 10:44:33,2016,2016,March,March,18,9
2016-03-30 19:56:52,Ford_Ka,privat,Offer,1250,test,kleinwagen,1999,manuell,60,ka,80000,Jan,Gasoline,ford,No,2016-03-30 00:00:00,26316,2016-04-03 10:47:28,2016,2016,March,March,17,11
2016-03-24 12:47:31,Ford__KA_mit_kleinen_Maengeln,privat,Offer,699,test,kleinwagen,2005,manuell,44,ka,150000,Jan,Gasoline,ford,Other,2016-03-24 00:00:00,46045,2016-03-30 13:17:44,2016,2016,March,March,11,11
2016-03-19 19:54:08,Ford_Top_Zustand__Tuev_und_Durchsicht_NEU!!!,privat,Offer,1499,control,kleinwagen,2003,manuell,0,fiesta,125000,Jan,Gasoline,ford,No,2016-03-19 00:00:00,4509,2016-04-07 08:44:43,2016,2016,March,March,13,11
2016-04-05 11:51:36,Ford_Fiesta...incl_CD_Radio...._noch_TÜV_bis_10/16!!!,privat,Offer,333,test,kleinwagen,2000,manuell,60,fiesta,125000,Dec,Gasoline,ford,Other,2016-04-05 00:00:00,87634,2016-04-05 11:51:36,2016,2016,April,April,16,0
2016-03-16 07:54:13,Ford_Fusion_1.25_Ambiente_mit_neuem_Zahnriemen_u._Inspektion,privat,Offer,2800,control,kleinwagen,2006,manuell,75,fusion,150000,Mar,Gasoline,ford,No,2016-03-16 00:00:00,28777,2016-03-17 06:45:22,2016,2016,March,March,10,9
2016-03-29 14:49:53,Ford_Fiesta_1.3,privat,Offer,3300,test,kleinwagen,2005,manuell,70,fiesta,100000,Jan,Gasoline,ford,No,2016-03-29 00:00:00,6295,2016-04-06 00:44:24,2016,2016,March,March,11,11
2016-04-04 18:48:24,Verkaufe_Ford_Fiesta,privat,Offer,500,test,kleinwagen,2000,manuell,50,fiesta,90000,Feb,Gasoline,ford,No,2016-04-04 00:00:00,87509,2016-04-06 21:15:46,2016,2016,April,April,16,10
2016-03-13 19:38:35,Ford_Fiesta_1.4_Trend,privat,Offer,2950,control,kleinwagen,2004,manuell,80,fiesta,150000,May,Gasoline,ford,No,2016-03-13 00:00:00,1445,2016-03-30 05:15:56,2016,2016,March,March,12,7
2016-03-20 18:51:50,Ford_Fiesta_1.25_Trend_TÜV/AU_neu__WR__Radio__Bordcom,privat,Offer,4740,test,kleinwagen,2009,manuell,82,fiesta,90000,Mar,Gasoline,ford,No,2016-03-20 00:00:00,41468,2016-04-07 02:45:21,2016,2016,March,March,7,9
2016-03-21 20:36:43,Ford_Fiesta_1_25_NEUER_TÜV_bis_01.2018,privat,Offer,1400,control,kleinwagen,1999,manuell,75,fiesta,150000,Mar,Gasoline,ford,Yes,2016-03-21 00:00:00,50321,2016-03-30 10:47:11,2016,2016,March,March,17,9
2016-03-05 19:57:17,Ka__TÜV/_AU_neu__gepflegter_Zustand!!!,privat,Offer,1490,test,kleinwagen,2003,manuell,60,ka,150000,Dec,Gasoline,ford,No,2016-03-05 00:00:00,44625,2016-03-06 04:46:45,2016,2016,March,March,13,0
2016-03-25 00:56:21,Ford_Fiesta_Classic,privat,Offer,690,control,kleinwagen,1996,manuell,60,fiesta,150000,Feb,Gasoline,ford,No,2016-03-25 00:00:00,40764,2016-03-28 05:16:49,2016,2016,March,March,20,10
2016-03-10 00:56:43,Ford_1.3,privat,Offer,700,control,kleinwagen,2003,manuell,0,fiesta,150000,Dec,Gasoline,ford,Yes,2016-03-10 00:00:00,40789,2016-03-20 04:18:58,2016,2016,March,March,13,0
2016-03-21 20:50:53,Ford_Fiesta_75PS__TÜV_neu__5_Tuerer,privat,Offer,1200,control,kleinwagen,1998,Unspecified,75,Other,150000,Nov,Gasoline,ford,No,2016-03-21 00:00:00,4808,2016-04-07 00:44:36,2016,2016,March,March,18,1
2016-03-27 17:56:09,Ford_Ka_Royal,privat,Offer,599,test,kleinwagen,2005,manuell,60,ka,150000,Jul,Gasoline,ford,No,2016-03-27 00:00:00,80807,2016-04-01 18:24:16,2016,2016,March,March,11,5
2016-04-04 17:43:47,Ford_Ka,privat,Offer,600,test,kleinwagen,2001,manuell,60,ka,150000,Jan,Gasoline,ford,No,2016-04-04 00:00:00,63579,2016-04-06 19:17:37,2016,2016,April,April,15,11
2016-03-10 20:50:01,Ford_KA_1_3_60_PS,privat,Offer,300,test,kleinwagen,1999,manuell,60,ka,150000,Sep,Gasoline,ford,Yes,2016-03-10 00:00:00,41540,2016-03-14 20:46:33,2016,2016,March,March,17,3
2016-03-21 21:39:33,Ford_Fiesta_1.3,privat,Offer,590,control,kleinwagen,2003,manuell,60,fiesta,50000,Oct,Gasoline,ford,Yes,2016-03-21 00:00:00,96364,2016-03-24 11:16:16,2016,2016,March,March,13,2
2016-03-20 12:38:32,Ford_Ka_2001_Klima/Standheizung_74Tkm_kein_Rost_ganz_viel_NEU,privat,Offer,999,test,kleinwagen,2001,manuell,60,ka,80000,Feb,Gasoline,ford,No,2016-03-20 00:00:00,3099,2016-03-21 14:46:16,2016,2016,March,March,15,10
2016-03-06 15:44:08,Ford_Fiesta_BJ_12/2000,privat,Offer,555,test,kleinwagen,2000,manuell,55,fiesta,125000,Dec,Gasoline,ford,No,2016-03-06 00:00:00,6126,2016-03-12 13:46:26,2016,2016,March,March,16,0
2016-03-30 17:58:00,Ford_KA_Basis_SERVO/Technisch_Tip_/Top_/Sommer+Winterreifen____,privat,Offer,1050,control,kleinwagen,2005,manuell,60,ka,125000,Dec,Gasoline,ford,No,2016-03-30 00:00:00,45896,2016-03-30 17:58:00,2016,2016,March,March,11,0
2016-03-10 12:55:18,Ford_Fiesta_an_Bastler_oder_als_Ersatzteilespender,privat,Offer,300,test,kleinwagen,2002,manuell,60,fiesta,90000,Aug,Gasoline,ford,Yes,2016-03-10 00:00:00,32361,2016-03-10 12:55:18,2016,2016,March,March,14,4
2016-03-10 14:53:44,Ford_Ka_Top_Zustand,privat,Offer,1450,test,kleinwagen,1999,manuell,60,ka,70000,Sep,Gasoline,ford,No,2016-03-10 00:00:00,74523,2016-04-05 11:49:56,2016,2016,March,March,17,3
2016-03-29 14:25:38,Ford_Fiesta_1.1,privat,Offer,190,test,kleinwagen,1995,manuell,50,fiesta,150000,Sep,Gasoline,ford,No,2016-03-29 00:00:00,61169,2016-04-03 16:18:53,2016,2016,March,March,21,3
2016-03-05 18:38:32,Ford_Ka_Royal__Voll_Austtatung_,privat,Offer,800,test,kleinwagen,2002,manuell,60,ka,150000,Sep,Gasoline,ford,No,2016-03-05 00:00:00,26316,2016-03-06 03:17:43,2016,2016,March,March,14,3
2016-03-14 13:45:29,Ford_Ka_Futura,privat,Offer,800,test,kleinwagen,2003,manuell,69,ka,150000,Sep,Gasoline,ford,No,2016-03-14 00:00:00,30159,2016-03-30 23:44:34,2016,2016,March,March,13,3
2016-03-20 17:52:10,Ford_Ka_Fun_X,privat,Offer,1750,test,kleinwagen,2007,manuell,69,ka,60000,Jun,Gasoline,ford,No,2016-03-20 00:00:00,74564,2016-03-20 17:52:10,2016,2016,March,March,9,6
2016-03-14 17:46:03,Ford_Focus_1.8_Ghia,privat,Offer,2450,test,kleinwagen,2004,manuell,116,focus,150000,Sep,Gasoline,ford,No,2016-03-14 00:00:00,48455,2016-03-16 08:17:05,2016,2016,March,March,12,3
2016-03-20 22:53:22,Ford_Ka_Tuev_Neu_&_Serviceheftgepflegt,privat,Offer,999,test,kleinwagen,1999,manuell,60,ka,150000,Jun,Gasoline,ford,No,2016-03-20 00:00:00,22549,2016-04-05 09:18:09,2016,2016,March,March,17,6
2016-03-22 18:58:23,Ford_Fiesta_1.3_TÜV_bis_09.2017,privat,Offer,790,control,kleinwagen,1996,manuell,50,fiesta,100000,Aug,Gasoline,ford,No,2016-03-22 00:00:00,47179,2016-03-24 03:45:56,2016,2016,March,March,20,4
2016-03-09 02:36:19,FORD_FIESTA_mit_Jahre_tuev_Klimaanlage.servo.4_tuerige,privat,Offer,400,control,kleinwagen,2000,manuell,0,fiesta,150000,Jul,Gasoline,ford,No,2016-03-09 00:00:00,28239,2016-03-17 20:45:10,2016,2016,March,March,16,5
2016-03-14 18:42:31,Ford_k_angfenger.auto,privat,Offer,600,test,kleinwagen,1999,manuell,45,ka,150000,Jun,Gasoline,ford,Other,2016-03-14 00:00:00,45307,2016-04-06 02:17:26,2016,2016,March,March,17,6
2016-03-11 14:54:50,Ford_Fiesta_Flair_TÜV_neu,privat,Offer,799,control,kleinwagen,1996,manuell,60,fiesta,150000,Jul,Gasoline,ford,No,2016-03-11 00:00:00,51381,2016-03-12 19:45:36,2016,2016,March,March,20,5
2016-04-02 12:52:13,Ford_Ka_Tuev_Neu_03.2018,privat,Offer,1250,test,kleinwagen,1999,manuell,60,ka,80000,Jan,,ford,No,2016-04-02 00:00:00,26316,2016-04-04 10:16:25,2016,2016,April,April,17,11
2016-03-08 22:46:43,Ford_Fiesta_1.3,privat,Offer,1750,test,kleinwagen,2003,manuell,69,fiesta,125000,Dec,Gasoline,ford,No,2016-03-08 00:00:00,81243,2016-03-30 09:17:06,2016,2016,March,March,13,0
2016-04-02 12:57:28,Ford_Ka_1_3TDCI_Titanium,privat,Offer,4500,test,kleinwagen,2009,manuell,75,ka,150000,Feb,Diesel,ford,No,2016-04-02 00:00:00,38120,2016-04-06 11:15:29,2016,2016,April,April,7,10
2016-03-17 15:38:19,Ford_Fiesta_1.3__Grau__Sehr_guter_Zustand__Top_gepflegt,privat,Offer,3300,test,kleinwagen,2008,manuell,70,fiesta,40000,Apr,Gasoline,ford,Yes,2016-03-17 00:00:00,13355,2016-03-17 15:38:19,2016,2016,March,March,8,8
2016-03-14 21:46:52,Auto_zu_verkaufen,privat,Offer,999,test,kleinwagen,1999,manuell,136,focus,150000,Apr,Gasoline,ford,Other,2016-03-14 00:00:00,19288,2016-04-06 13:46:07,2016,2016,March,March,17,8
2016-03-26 09:54:45,Ford_Fiesta_5_Tuerer_TÜV_10/2017,privat,Offer,2250,control,kleinwagen,2004,manuell,69,fiesta,150000,Oct,Gasoline,ford,No,2016-03-26 00:00:00,25482,2016-04-05 21:46:26,2016,2016,March,March,12,2
2016-03-06 19:46:40,Ford_Ka_ohne_TÜV_an_Bastler,privat,Offer,500,control,kleinwagen,2000,manuell,60,ka,150000,Dec,,ford,Other,2016-03-06 00:00:00,46537,2016-03-07 10:46:53,2016,2016,March,March,16,0
2016-03-31 10:56:21,Ford_Fiesta_Futura_75ps_wenig_kilometer_77000_km_Anhaengerkuplung,privat,Offer,899,control,kleinwagen,2000,manuell,75,fiesta,80000,Sep,Gasoline,ford,No,2016-03-31 00:00:00,13591,2016-04-02 06:18:03,2016,2016,March,March,16,3
2016-03-15 23:06:19,Verkaufe_Ford_Fiesta,privat,Offer,100,control,kleinwagen,1997,manuell,50,fiesta,80000,Jan,Gasoline,ford,No,2016-03-15 00:00:00,55120,2016-03-17 19:30:13,2016,2016,March,March,19,11
2016-03-16 11:54:31,FORD_FIESTA_FOCUS_MK4_1.3L_ANSCHAUEN_LOHNT_SICH!!!,privat,Offer,130,test,kleinwagen,1996,manuell,60,fiesta,150000,Feb,Gasoline,ford,No,2016-03-16 00:00:00,15936,2016-04-06 06:16:52,2016,2016,March,March,20,10
2016-03-15 12:48:04,Ford_Fiesta,privat,Offer,500,control,kleinwagen,1996,manuell,75,fiesta,80000,Dec,Gasoline,ford,No,2016-03-15 00:00:00,58642,2016-03-15 12:48:04,2016,2016,March,March,20,0
2016-03-30 19:54:25,Kleinwagen_Ford_KA,privat,Offer,250,test,kleinwagen,2001,manuell,60,ka,150000,Mar,Gasoline,ford,No,2016-03-30 00:00:00,49525,2016-04-07 11:45:48,2016,2016,March,March,15,9
2016-04-02 20:06:22,Ford_Fiesta_1.3_i_Unfallwagen,privat,Offer,300,test,kleinwagen,1999,manuell,60,fiesta,125000,Jun,,ford,Yes,2016-04-02 00:00:00,65520,2016-04-06 12:17:30,2016,2016,April,April,17,6
2016-04-04 14:41:44,FORD_FIESTA_1.3_TOP_ZUSTAND,privat,Offer,2950,test,kleinwagen,2003,manuell,60,fiesta,80000,Feb,Gasoline,ford,No,2016-04-04 00:00:00,91338,2016-04-06 15:46:12,2016,2016,April,April,13,10
2016-03-17 22:52:50,Ford_Focus_3_Tuerig_ohne_TÜV,privat,Offer,550,test,kleinwagen,2004,manuell,100,focus,150000,Oct,Diesel,ford,Yes,2016-03-17 00:00:00,27612,2016-04-05 16:44:59,2016,2016,March,March,12,2
2016-03-07 20:40:47,FORD_FIESTA_ST_150PS_1HAND_KLIMA,privat,Offer,2599,test,kleinwagen,2006,manuell,150,fiesta,150000,Jun,Gasoline,ford,No,2016-03-07 00:00:00,12349,2016-04-03 14:46:21,2016,2016,March,March,10,6
2016-03-09 17:45:47,Ford_focus_bj_99_au_hu_neu,privat,Offer,1000,test,kleinwagen,1999,manuell,80,focus,150000,Feb,,ford,No,2016-03-09 00:00:00,79110,2016-04-07 09:16:40,2016,2016,March,March,17,10
2016-04-01 19:38:58,Ford_Ka,privat,Offer,1300,control,kleinwagen,2004,manuell,60,ka,100000,Jan,Gasoline,ford,No,2016-04-01 00:00:00,46119,2016-04-05 15:44:55,2016,2016,April,April,12,11
2016-03-19 21:37:22,Ford_Fiesta_Sport_Edition_//_100_PS,privat,Offer,2199,control,kleinwagen,2005,manuell,100,fiesta,150000,Jun,Gasoline,ford,Other,2016-03-19 00:00:00,51105,2016-04-07 12:17:09,2016,2016,March,March,11,6
2016-03-25 10:55:31,gebrauchtfahrzeug___kleinwagen___ford_fiesta___top!,privat,Offer,1199,test,kleinwagen,2000,manuell,60,fiesta,80000,Oct,Gasoline,ford,No,2016-03-25 00:00:00,99625,2016-04-06 10:45:35,2016,2016,March,March,16,2
2016-03-26 13:46:22,Ford_Ka,privat,Offer,750,control,kleinwagen,1999,manuell,60,ka,125000,May,Gasoline,ford,No,2016-03-26 00:00:00,79312,2016-04-06 01:46:48,2016,2016,March,March,17,7
2016-03-12 22:53:26,Ford_Ka__Ledersitze!,privat,Offer,0,control,kleinwagen,1997,manuell,60,ka,125000,Oct,Gasoline,ford,Yes,2016-03-12 00:00:00,22885,2016-03-14 20:16:42,2016,2016,March,March,19,2
2016-03-19 12:58:11,Ford_Fiesta_JAS,privat,Offer,200,test,kleinwagen,1999,manuell,50,Other,150000,May,Gasoline,ford,Yes,2016-03-19 00:00:00,1683,2016-03-20 15:17:30,2016,2016,March,March,17,7
2016-03-12 15:53:20,Ford_Ka_1.2_Titanium,privat,Offer,4850,control,kleinwagen,2009,manuell,69,ka,70000,Jul,Gasoline,ford,No,2016-03-12 00:00:00,66802,2016-03-27 09:44:44,2016,2016,March,March,7,5
2016-03-30 19:52:08,Ford_KA_1.3,privat,Offer,1250,test,kleinwagen,2000,manuell,60,ka,100000,Jan,Gasoline,ford,No,2016-03-30 00:00:00,10439,2016-04-07 11:45:41,2016,2016,March,March,16,11
2016-03-14 21:38:36,Ford_Fiesta,privat,Offer,300,test,kleinwagen,1994,manuell,50,fiesta,125000,Mar,Gasoline,ford,No,2016-03-14 00:00:00,55234,2016-03-16 14:16:34,2016,2016,March,March,22,9
2016-03-19 19:41:58,Ford_Ka__abgemeldet_,privat,Offer,200,control,kleinwagen,1998,manuell,60,ka,150000,Apr,Gasoline,ford,Other,2016-03-19 00:00:00,47178,2016-03-19 19:41:58,2016,2016,March,March,18,8
2016-03-12 18:39:19,Anfaengerauto_Ford_Fiesta,privat,Offer,750,test,kleinwagen,2002,manuell,50,fiesta,150000,Jan,Gasoline,ford,No,2016-03-12 00:00:00,63911,2016-03-12 18:39:19,2016,2016,March,March,14,11
2016-03-19 22:50:06,Ford_Fiesta,privat,Offer,500,test,kleinwagen,2002,manuell,60,fiesta,150000,Feb,Gasoline,ford,No,2016-03-19 00:00:00,6721,2016-03-26 07:16:26,2016,2016,March,March,14,10
2016-03-12 01:37:13,Ford_Fiesta_1.3_TÜV_12/2016_Gruene_Plakette_Euro_4_Top,privat,Offer,700,test,kleinwagen,1997,manuell,50,fiesta,150000,Mar,Gasoline,ford,No,2016-03-12 00:00:00,45329,2016-03-12 22:44:45,2016,2016,March,March,19,9
2016-03-25 13:45:43,Ford_Ka,privat,Offer,699,test,kleinwagen,1999,manuell,60,ka,150000,May,Gasoline,ford,No,2016-03-25 00:00:00,78315,2016-03-26 23:44:51,2016,2016,March,March,17,7
2016-04-04 09:51:22,Ford_Fusion_1.4_TDCI,privat,Offer,3250,control,kleinwagen,2004,automatik,68,fusion,125000,Nov,Diesel,ford,No,2016-04-04 00:00:00,42699,2016-04-06 10:46:03,2016,2016,April,April,12,1
2016-03-13 11:39:11,Ford_Fiesta_1.4_Tdci_105000_km_TÜV_10/2017_Klima_Ratenkauf_moegl.,privat,Offer,2899,control,kleinwagen,2007,manuell,68,fiesta,125000,Dec,Diesel,ford,Other,2016-03-13 00:00:00,58453,2016-03-13 11:39:11,2016,2016,March,March,9,0
2016-04-01 18:25:21,Ford_Fiesta_1.4_TDCI,privat,Offer,2400,control,kleinwagen,2005,manuell,68,fiesta,150000,Jan,Diesel,ford,Other,2016-04-01 00:00:00,65614,2016-04-02 14:39:17,2016,2016,April,April,11,11
2016-03-12 12:37:54,Ford_Fiesta_Ghia,privat,Offer,860,test,kleinwagen,2000,manuell,75,fiesta,150000,May,Gasoline,ford,No,2016-03-12 00:00:00,66333,2016-03-20 10:47:02,2016,2016,March,March,16,7
2016-03-23 20:57:44,Ford_Ka,privat,Offer,1250,test,kleinwagen,2006,manuell,60,ka,90000,Aug,Gasoline,ford,No,2016-03-23 00:00:00,51643,2016-03-23 20:57:44,2016,2016,March,March,10,4
2016-03-11 12:36:23,Ford_Fiesta_Mk2,privat,Offer,400,test,kleinwagen,1987,automatik,50,fiesta,90000,Jun,Gasoline,ford,Other,2016-03-11 00:00:00,27777,2016-03-17 20:17:26,2016,2016,March,March,29,6
2016-03-20 09:56:28,Fiesta_jas_1_25_l_75PS,privat,Offer,750,control,kleinwagen,1997,manuell,75,fiesta,125000,Jan,Gasoline,ford,Yes,2016-03-20 00:00:00,76646,2016-04-06 06:17:45,2016,2016,March,March,19,11
2016-03-07 12:55:55,Ford_Ka_1_3_Klima_TÜV_bis_01/2018,privat,Offer,1100,test,kleinwagen,2004,manuell,70,ka,125000,Mar,Gasoline,ford,No,2016-03-07 00:00:00,37627,2016-03-11 20:44:48,2016,2016,March,March,12,9
2016-03-28 10:25:19,Ford_Ka_Klima,privat,Offer,1299,test,kleinwagen,2002,manuell,60,ka,80000,Feb,Gasoline,ford,No,2016-03-28 00:00:00,65520,2016-04-02 07:46:21,2016,2016,March,March,14,10
2016-03-16 12:48:13,Ford_Ka_2003,privat,Offer,400,test,kleinwagen,2003,Unspecified,0,ka,150000,Aug,Gasoline,ford,Other,2016-03-16 00:00:00,13357,2016-03-17 10:44:39,2016,2016,March,March,13,4
2016-03-28 23:55:23,Ford_fiesta_ohne_tuev_inkl_Material_fuer_Reparatur,privat,Offer,200,test,kleinwagen,2000,manuell,50,Other,125000,Jan,Gasoline,ford,No,2016-03-28 00:00:00,27721,2016-04-05 15:44:44,2016,2016,March,March,16,11
2016-03-30 21:52:42,Ford_Ka_1.2_Titanium,privat,Offer,4999,test,kleinwagen,2009,manuell,69,ka,70000,Aug,Gasoline,ford,No,2016-03-30 00:00:00,7551,2016-04-05 12:20:32,2016,2016,March,March,7,4
2016-03-07 16:51:29,Ford_Fiesta_1.6_TDCi_Ambiente,privat,Offer,2200,control,kleinwagen,2009,manuell,75,fiesta,150000,May,Diesel,ford,Yes,2016-03-07 00:00:00,50829,2016-03-11 18:48:32,2016,2016,March,March,7,7
2016-03-23 09:47:14,Ford_Fiesta_1.3_Connection,privat,Offer,3200,test,kleinwagen,2008,manuell,69,fiesta,150000,Jun,Gasoline,ford,No,2016-03-23 00:00:00,26624,2016-04-07 08:46:21,2016,2016,March,March,8,6
2016-03-21 13:37:17,Ford_Ka,privat,Offer,1150,test,kleinwagen,1998,manuell,60,ka,100000,May,Gasoline,ford,No,2016-03-21 00:00:00,21339,2016-04-06 08:45:45,2016,2016,March,March,18,7
2016-04-05 09:58:48,Ford_Focus,privat,Offer,1390,control,kleinwagen,2001,manuell,75,focus,150000,Sep,Gasoline,ford,No,2016-04-05 00:00:00,13355,2016-04-07 12:45:32,2016,2016,April,April,15,3
2016-03-17 11:53:45,Ford_Fiesta_GT__Tuev_10/17,privat,Offer,1250,control,kleinwagen,1997,manuell,0,fiesta,150000,Jan,,ford,No,2016-03-17 00:00:00,89269,2016-03-20 12:46:01,2016,2016,March,March,19,11
2016-03-20 00:58:29,Ford_Fiesta_Euro_4____2002_,privat,Offer,150,control,kleinwagen,2002,manuell,44,fiesta,150000,Sep,Gasoline,ford,No,2016-03-19 00:00:00,78589,2016-03-23 21:45:50,2016,2016,March,March,14,3
2016-04-04 15:50:48,Ford_Fiesta_1.3,privat,Offer,1850,test,kleinwagen,2004,manuell,60,fiesta,125000,Apr,Gasoline,ford,No,2016-04-04 00:00:00,71032,2016-04-06 17:44:41,2016,2016,April,April,12,8
2016-03-26 21:51:45,Verkaufe_Ford_Focus,privat,Offer,1000,control,kleinwagen,1998,manuell,108,focus,150000,Jan,Gasoline,ford,No,2016-03-26 00:00:00,12279,2016-04-06 14:17:45,2016,2016,March,March,18,11
2016-04-04 15:48:31,Ford_Fiesta,privat,Offer,590,test,kleinwagen,2002,manuell,0,fiesta,100000,Jun,Gasoline,ford,No,2016-04-04 00:00:00,22523,2016-04-04 15:48:31,2016,2016,April,April,14,6
2016-03-21 13:41:45,Ford_Fiesta_mit_TÜV_02/2017,privat,Offer,199,test,kleinwagen,1997,manuell,87,fiesta,150000,Nov,Gasoline,ford,Yes,2016-03-21 00:00:00,85551,2016-04-06 08:45:54,2016,2016,March,March,19,1
2016-03-22 07:54:29,Ford_fiesta_mit_TÜV_bis_02.17,privat,Offer,0,control,kleinwagen,1996,manuell,75,fiesta,125000,Apr,,ford,Other,2016-03-22 00:00:00,6895,2016-03-25 00:17:10,2016,2016,March,March,20,8
2016-03-29 18:56:18,Ford_Fusion_1.4TDCI_Style_68PS,privat,Offer,2300,control,kleinwagen,2008,manuell,68,fusion,150000,May,Diesel,ford,No,2016-03-29 00:00:00,48268,2016-04-06 04:46:00,2016,2016,March,March,8,7
2016-04-02 15:53:01,Ford_Fiesta_1_3_Vision_X__Schoenes_Anfaengerauto,privat,Offer,2290,control,kleinwagen,2004,manuell,51,fiesta,150000,Dec,Gasoline,ford,No,2016-04-02 00:00:00,47800,2016-04-04 13:45:13,2016,2016,April,April,12,0
2016-03-17 10:56:54,Ford_Fiesta_1.3_Ambiente,privat,Offer,2900,test,kleinwagen,2005,manuell,60,fiesta,125000,Dec,Gasoline,ford,No,2016-03-17 00:00:00,52076,2016-03-17 10:56:54,2016,2016,March,March,11,0
2016-03-17 10:41:28,Ford_Fiesta,privat,Offer,95,test,kleinwagen,1997,manuell,0,fiesta,150000,Jun,Gasoline,ford,No,2016-03-17 00:00:00,22946,2016-03-25 09:17:17,2016,2016,March,March,19,6
2016-03-30 09:50:59,Unfallwagen_Ford_Fiesta_Diesel_von_2007,privat,Offer,700,control,kleinwagen,2007,manuell,74,fiesta,150000,Jan,Diesel,ford,Yes,2016-03-30 00:00:00,56068,2016-04-02 18:15:44,2016,2016,March,March,9,11
2016-03-16 11:06:17,Ford_Fiesta_1.3_Fun,privat,Offer,1900,control,kleinwagen,2005,manuell,69,fiesta,150000,Nov,Gasoline,ford,No,2016-03-16 00:00:00,65439,2016-03-17 21:29:50,2016,2016,March,March,11,1
2016-04-02 16:46:49,Ford_Fiesta_1.3_Ambiente___KLIMA___EURO4___GRÜNE_PLAK,privat,Offer,2480,control,kleinwagen,2006,manuell,60,fiesta,150000,Aug,Gasoline,ford,No,2016-04-02 00:00:00,10407,2016-04-06 15:46:27,2016,2016,April,April,10,4
2016-03-20 18:49:53,Ford_Fiesta_Rentnerfahrzeug_1Hand_Klima_5Tuer_37800_Km,privat,Offer,1000,test,kleinwagen,1997,automatik,75,fiesta,40000,Dec,Gasoline,ford,No,2016-03-20 00:00:00,42117,2016-03-21 22:17:51,2016,2016,March,March,19,0
2016-03-19 11:45:40,Verkaufe_meine_Ford_Ka__Tuev_05_2017,privat,Offer,950,test,kleinwagen,2002,Unspecified,60,ka,150000,Mar,Gasoline,ford,Other,2016-03-19 00:00:00,47546,2016-04-02 00:48:36,2016,2016,March,March,14,9
2016-03-25 22:52:32,Ford_KA_zu_verschenken_***Reserviert***,privat,Offer,0,control,kleinwagen,1999,manuell,60,ka,150000,Jun,Gasoline,ford,Other,2016-03-25 00:00:00,34355,2016-03-26 04:40:39,2016,2016,March,March,17,6
2016-03-27 22:52:56,Ford_Fiesta_1.4_1st,privat,Offer,1750,test,kleinwagen,2002,manuell,80,fiesta,150000,Nov,Gasoline,ford,No,2016-03-27 00:00:00,59368,2016-03-28 00:41:16,2016,2016,March,March,14,1
2016-04-05 12:50:21,Ford_Fiesta_Style,privat,Offer,600,test,kleinwagen,1997,manuell,60,fiesta,70000,Mar,Gasoline,ford,No,2016-04-05 00:00:00,75015,2016-04-05 12:50:21,2016,2016,April,April,19,9
2016-03-07 13:56:28,Ford_fiesta,privat,Offer,100,control,kleinwagen,1993,manuell,0,Other,150000,Oct,Gasoline,ford,Yes,2016-03-07 00:00:00,2625,2016-04-06 12:44:32,2016,2016,March,March,23,2
2016-03-16 16:55:50,Ford_Fiesta_1.3_Ambiente,privat,Offer,2900,control,kleinwagen,2006,manuell,69,fiesta,100000,Oct,Gasoline,ford,No,2016-03-16 00:00:00,44229,2016-03-16 16:55:50,2016,2016,March,March,10,2
2016-03-27 21:41:51,Ford_Fiesta_zu_verkaufen,privat,Offer,1100,test,kleinwagen,1997,manuell,60,fiesta,125000,Dec,Gasoline,ford,Other,2016-03-27 00:00:00,49324,2016-04-05 20:17:35,2016,2016,March,March,19,0
2016-03-24 18:51:06,Ford_KA_Bj._2009_TITANIUM_in_Blau_Metallic_1_2l_Benzin_70_PS,privat,Offer,3999,test,kleinwagen,2009,manuell,70,ka,125000,May,Gasoline,ford,No,2016-03-24 00:00:00,41334,2016-03-24 18:51:06,2016,2016,March,March,7,7
2016-03-19 13:55:57,Ford_Fiesta_1_3_Klima__TÜV_4/2017,privat,Offer,1780,test,kleinwagen,2004,manuell,60,fiesta,150000,Jun,,ford,No,2016-03-19 00:00:00,37242,2016-04-06 20:18:48,2016,2016,March,March,12,6
2016-03-23 16:36:50,Ford_Fiesta_Ghia,privat,Offer,1100,test,kleinwagen,2003,manuell,103,fiesta,150000,Feb,Gasoline,ford,Yes,2016-03-23 00:00:00,35232,2016-03-23 17:42:55,2016,2016,March,March,13,10
2016-03-11 21:55:19,Gepflegter_Ford_Fiesta_Fun_1.3i_zu_verkaufen,privat,Offer,4400,test,kleinwagen,2007,manuell,69,fiesta,30000,Oct,Gasoline,ford,No,2016-03-11 00:00:00,94481,2016-03-13 04:44:56,2016,2016,March,March,9,2
2016-03-26 19:49:59,Ford_Fiesta_1_6_Tdci_Sport__Modell_2007__90_PS,privat,Offer,3550,control,kleinwagen,2006,manuell,90,fiesta,150000,Nov,Diesel,ford,Other,2016-03-26 00:00:00,57583,2016-04-01 00:47:29,2016,2016,March,March,10,1
2016-03-26 15:49:29,Ford_Ka_TÜV_07/2017_Euro_4,privat,Offer,750,test,kleinwagen,2001,manuell,60,ka,125000,Jul,Gasoline,ford,No,2016-03-26 00:00:00,26388,2016-03-28 04:44:29,2016,2016,March,March,15,5
2016-03-19 17:38:32,Ford_Ka_1.2_Start_Stopp_System_Champions_Edition,privat,Offer,5290,control,kleinwagen,2012,manuell,69,ka,30000,Feb,Gasoline,ford,No,2016-03-19 00:00:00,1239,2016-03-19 17:38:32,2016,2016,March,March,4,10
2016-03-16 07:53:59,Top_Ford_fiesta__wenig_kilometer!,privat,Offer,1500,control,kleinwagen,2000,manuell,50,fiesta,70000,Jan,,ford,Other,2016-03-16 00:00:00,84503,2016-03-25 04:45:33,2016,2016,March,March,16,11
2016-03-21 23:37:18,Fiesta_1.6_Klimaanlage_5_Tuerer_Tuev_10.2017,privat,Offer,1000,test,kleinwagen,2002,manuell,101,fiesta,150000,Sep,Gasoline,ford,Yes,2016-03-21 00:00:00,28876,2016-04-05 15:17:38,2016,2016,March,March,14,3
2016-03-05 20:36:17,Ford_Ka,privat,Offer,700,control,kleinwagen,1997,manuell,60,ka,150000,Jul,Gasoline,ford,No,2016-03-05 00:00:00,52222,2016-04-05 17:49:30,2016,2016,March,March,19,5
2016-03-07 22:53:26,Ford_Ka__Klima_8_fache_Bereifung__gepflegt,privat,Offer,1650,test,kleinwagen,2006,manuell,69,ka,150000,May,Gasoline,ford,No,2016-03-07 00:00:00,89257,2016-04-05 12:15:38,2016,2016,March,March,10,7
2016-03-11 17:48:47,Ford_Fiesta_1.6_TDCi_Econetic,privat,Offer,5400,control,kleinwagen,2009,manuell,90,fiesta,90000,May,Diesel,ford,No,2016-03-11 00:00:00,42389,2016-03-15 10:16:53,2016,2016,March,March,7,7
2016-03-19 23:59:16,Ford_Fiesta_1.3_Ambiente,privat,Offer,1600,control,kleinwagen,2008,manuell,69,fiesta,125000,Jan,Gasoline,ford,Yes,2016-03-19 00:00:00,14793,2016-03-31 10:18:09,2016,2016,March,March,8,11
2016-03-11 16:43:38,Ford_Ka_1,privat,Offer,890,test,kleinwagen,1998,manuell,60,ka,80000,Sep,Gasoline,ford,No,2016-03-11 00:00:00,64347,2016-03-12 20:47:46,2016,2016,March,March,18,3
2016-03-11 21:38:55,Ford_Focus,privat,Offer,1450,test,kleinwagen,2001,manuell,75,focus,150000,Sep,Gasoline,ford,No,2016-03-11 00:00:00,13355,2016-04-04 10:44:27,2016,2016,March,March,15,3
2016-03-18 15:36:24,Ford_Fiesta_Style_Sport_original_116000TKM_TÜV_ALU_75PS_5_Tuerer,privat,Offer,990,control,kleinwagen,1999,manuell,0,fiesta,125000,Sep,Gasoline,ford,Other,2016-03-18 00:00:00,44653,2016-04-03 21:18:30,2016,2016,March,March,17,3
2016-03-30 08:36:59,Ford_Fiesta_1.4_Ghia,privat,Offer,2500,control,kleinwagen,2002,manuell,97,fiesta,150000,Oct,Gasoline,ford,No,2016-03-30 00:00:00,6794,2016-04-07 01:15:24,2016,2016,March,March,14,2
2016-03-13 13:38:11,Ford_ka_zu_verkaufen,privat,Offer,1999,test,kleinwagen,2005,manuell,70,ka,60000,Jun,Gasoline,ford,No,2016-03-13 00:00:00,1468,2016-03-27 18:47:40,2016,2016,March,March,11,6
2016-03-22 18:48:40,Anfaengerauto,privat,Offer,555,control,kleinwagen,1999,manuell,50,fiesta,125000,Dec,,ford,No,2016-03-22 00:00:00,34431,2016-03-22 18:48:40,2016,2016,March,March,17,0
2016-03-31 11:48:22,Sportlicher_Ford_KA_mit_Tuev_2017_voll_Fahrbereit,privat,Offer,850,control,kleinwagen,1999,manuell,60,ka,150000,Jul,Gasoline,ford,No,2016-03-31 00:00:00,51147,2016-04-06 04:17:42,2016,2016,March,March,17,5
2016-03-10 14:53:43,Ford_Fiesta_Trend_Silber_Elektronik,privat,Offer,1599,test,kleinwagen,2002,manuell,75,fiesta,150000,Feb,Gasoline,ford,No,2016-03-10 00:00:00,31655,2016-03-19 23:46:02,2016,2016,March,March,14,10
2016-03-05 17:51:11,Ford_Fiesta_1.4_TDCI_Style,privat,Offer,2050,test,kleinwagen,2008,manuell,68,fiesta,150000,May,Diesel,ford,Yes,2016-03-05 00:00:00,45886,2016-03-29 07:16:35,2016,2016,March,March,8,7
2016-03-08 13:54:51,Verkauf_Ford_Focus_Auto_fahrtuechtig,privat,Offer,800,control,kleinwagen,1998,manuell,55,focus,150000,Nov,,ford,No,2016-03-08 00:00:00,27755,2016-03-08 20:46:39,2016,2016,March,March,18,1
2016-04-06 22:36:21,Ford_Ka/Trend/TÜV01/18/8fachBereift,privat,Offer,4450,test,kleinwagen,2009,manuell,68,ka,50000,Jan,Gasoline,ford,No,2016-04-06 00:00:00,25885,2016-04-06 22:36:21,2016,2016,April,April,7,11
2016-03-28 16:50:20,Ford_Fiesta_1.3,privat,Offer,2500,test,kleinwagen,2005,manuell,60,fiesta,150000,Mar,Gasoline,ford,No,2016-03-28 00:00:00,71696,2016-03-28 16:50:20,2016,2016,March,March,11,9
2016-03-30 14:53:08,Ford_Fiesta_1.25_Trend/1._Hand/inkl._Winterreifen,privat,Offer,5500,control,kleinwagen,2009,manuell,60,fiesta,50000,Oct,Gasoline,ford,No,2016-03-30 00:00:00,52477,2016-03-30 14:53:08,2016,2016,March,March,7,2
2016-03-31 21:45:10,Schoener_Fiesta_1.3_meiner_Schwiegermutter,privat,Offer,1450,test,kleinwagen,2001,manuell,60,fiesta,125000,Nov,Gasoline,ford,No,2016-03-31 00:00:00,38704,2016-04-06 16:46:50,2016,2016,March,March,15,1
2016-03-21 13:49:22,Ford_Fiesta_1.3,privat,Offer,2200,test,kleinwagen,2005,manuell,69,fiesta,150000,Sep,Gasoline,ford,No,2016-03-21 00:00:00,71409,2016-03-28 09:15:41,2016,2016,March,March,11,3
2016-03-12 15:48:48,Ford_Fiesta_Style__erst_64tkm__Tuev_bis_10/_2017,privat,Offer,700,control,kleinwagen,1999,manuell,50,fiesta,70000,Jan,Gasoline,ford,Other,2016-03-12 00:00:00,12207,2016-03-12 15:48:48,2016,2016,March,March,17,11
2016-03-31 09:57:14,Ford_Focus_3_door_Sedan_++_TÜV_bis_Maerz_2018_++_Klima__CD_Radio,privat,Offer,1250,control,kleinwagen,1999,manuell,74,focus,150000,Jan,Gasoline,ford,No,2016-03-31 00:00:00,38118,2016-04-06 03:44:32,2016,2016,March,March,17,11
2016-03-24 15:55:49,Ford_Ka,privat,Offer,1200,test,kleinwagen,2005,manuell,60,ka,150000,Jun,Gasoline,ford,No,2016-03-24 00:00:00,77830,2016-04-07 08:45:10,2016,2016,March,March,11,6
2016-03-24 23:45:49,Verkaufe_Ford_Ka,privat,Offer,999,test,kleinwagen,2005,manuell,60,ka,125000,Nov,Gasoline,ford,Other,2016-03-24 00:00:00,29416,2016-04-05 20:19:26,2016,2016,March,March,11,1
2016-03-15 11:49:19,Ford_Ka,privat,Offer,2000,test,kleinwagen,2013,manuell,50,ka,150000,Jun,Gasoline,ford,No,2016-03-15 00:00:00,48529,2016-03-19 04:45:20,2016,2016,March,March,3,6
2016-03-28 16:49:23,Ford_Fiesta,privat,Offer,200,test,kleinwagen,1999,manuell,60,fiesta,5000,Aug,Gasoline,ford,Other,2016-03-28 00:00:00,40472,2016-03-28 16:49:23,2016,2016,March,March,17,4
2016-03-11 09:55:14,Ford_Ka,privat,Offer,600,control,kleinwagen,1997,manuell,60,ka,150000,Jun,Gasoline,ford,No,2016-03-11 00:00:00,42275,2016-03-17 15:47:05,2016,2016,March,March,19,6
2016-03-28 11:54:08,Ford_Ka_1.2_Trend,privat,Offer,4100,control,kleinwagen,2009,manuell,69,ka,80000,Jun,Gasoline,ford,No,2016-03-28 00:00:00,85540,2016-04-06 14:17:31,2016,2016,March,March,7,6
2016-03-12 11:58:24,Ford_Ka_aus_erster_Hand__TÜV_06_2017,privat,Offer,650,test,kleinwagen,2000,manuell,50,ka,100000,Apr,Gasoline,ford,No,2016-03-12 00:00:00,37186,2016-03-16 12:16:38,2016,2016,March,March,16,8
2016-03-06 16:43:14,Ford_Ka_Lufthansa_Edition,privat,Offer,0,test,kleinwagen,1997,manuell,0,ka,150000,Jan,Gasoline,ford,No,2016-03-06 00:00:00,41468,2016-03-09 07:17:03,2016,2016,March,March,19,11
2016-03-06 15:45:26,Ford_Fiesta_1.4_Zahnriemen_neu,privat,Offer,2150,test,kleinwagen,2002,manuell,80,fiesta,150000,Jun,Gasoline,ford,No,2016-03-06 00:00:00,21709,2016-04-06 20:45:51,2016,2016,March,March,14,6
2016-03-07 01:36:23,Ford_Ka_mit_Tuev,privat,Offer,1500,control,kleinwagen,2005,manuell,0,ka,125000,Jun,Gasoline,ford,Other,2016-03-07 00:00:00,63071,2016-03-09 11:44:11,2016,2016,March,March,11,6
2016-04-03 21:46:34,Hallo_leute.,privat,Offer,2200,test,kleinwagen,2003,manuell,60,fiesta,150000,Jan,,ford,No,2016-04-03 00:00:00,22417,2016-04-03 21:46:34,2016,2016,April,April,13,11
2016-03-09 14:41:05,Ford_Fiesta,privat,Offer,850,test,kleinwagen,1996,manuell,70,fiesta,150000,Mar,Gasoline,ford,Other,2016-03-09 00:00:00,72336,2016-04-06 08:16:34,2016,2016,March,March,20,9
2016-03-09 20:38:01,Ford_Fiesta_1_4_Sport_in_Ocean_Blue,privat,Offer,5200,test,kleinwagen,2009,manuell,97,fiesta,125000,Nov,Gasoline,ford,Other,2016-03-09 00:00:00,14641,2016-03-15 09:16:49,2016,2016,March,March,7,1
2016-04-04 21:57:46,Ford_Escort_Ghia_16v_Top_2.hand,privat,Offer,990,test,kleinwagen,1994,manuell,90,escort,90000,May,Gasoline,ford,No,2016-04-04 00:00:00,22159,2016-04-07 01:16:37,2016,2016,April,April,22,7
2016-03-12 11:53:43,Verkaufe_Ford_KA_als_Teilespender_oder_zum_Wie­der­her­rich­ten,privat,Offer,120,test,kleinwagen,1997,manuell,60,ka,150000,May,Gasoline,ford,Yes,2016-03-12 00:00:00,15344,2016-03-13 03:15:55,2016,2016,March,March,19,7
2016-03-14 13:58:33,Ford_Ka_1.3_Bj.1998_zum_basteln/ausschlachten,privat,Offer,120,test,kleinwagen,1998,manuell,60,ka,60000,Oct,Gasoline,ford,Yes,2016-03-14 00:00:00,66773,2016-03-15 08:44:20,2016,2016,March,March,18,2
2016-03-07 18:40:39,Ford_Fiesta_1_6_TDCI___Top_Zustand,privat,Offer,5300,control,kleinwagen,2010,manuell,95,fiesta,150000,Jul,Diesel,ford,No,2016-03-07 00:00:00,1936,2016-03-15 00:46:35,2016,2016,March,March,6,5
2016-04-02 17:55:34,FORD_FIESTA_TÜV_04_2018_SEHR_SAUBER!!!_Wenig_gelaufen.,privat,Offer,1399,control,kleinwagen,2001,manuell,0,fiesta,70000,Dec,Gasoline,ford,Other,2016-04-02 00:00:00,51645,2016-04-06 17:18:03,2016,2016,April,April,15,0
2016-03-26 08:53:48,Ford_Fiesta_Trend_TÜV_bis_04/2018,privat,Offer,4400,test,kleinwagen,2009,manuell,60,fiesta,100000,May,Gasoline,ford,No,2016-03-26 00:00:00,6869,2016-04-05 21:17:30,2016,2016,March,March,7,7
2016-03-09 00:38:00,Ford_Fiesta_Futura___Klima___Standheizung,privat,Offer,1680,test,kleinwagen,2000,manuell,75,fiesta,150000,Dec,Gasoline,ford,No,2016-03-08 00:00:00,92521,2016-04-06 23:17:36,2016,2016,March,March,16,0
2016-04-03 18:46:20,Ford_Fiesta_1.3,privat,Offer,1550,control,kleinwagen,2007,manuell,69,fiesta,150000,Aug,Gasoline,ford,No,2016-04-03 00:00:00,84562,2016-04-05 19:16:44,2016,2016,April,April,9,4
2016-03-25 19:37:21,Ford_Fiesta_1.4_mit_vielen_Extras,privat,Offer,4490,test,kleinwagen,2007,manuell,82,fiesta,125000,Nov,Gasoline,ford,No,2016-03-25 00:00:00,21502,2016-03-28 20:18:18,2016,2016,March,March,9,1
2016-03-28 14:06:34,Ford_Ka,privat,Offer,1050,control,kleinwagen,2001,manuell,60,ka,90000,May,Gasoline,ford,No,2016-03-28 00:00:00,61184,2016-03-29 18:35:35,2016,2016,March,March,15,7
2016-03-15 01:47:22,Ford_Ka_BJ_06.2002,privat,Offer,200,test,kleinwagen,2002,manuell,60,ka,150000,Jun,Gasoline,ford,Other,2016-03-14 00:00:00,32130,2016-04-05 13:16:54,2016,2016,March,March,14,6
2016-04-02 09:57:01,Ford_Fiesta***Klima***PDC*Hinten***AllwetterReifen***1.Hand,privat,Offer,4900,control,kleinwagen,2009,manuell,60,fiesta,60000,May,Gasoline,ford,Yes,2016-04-02 00:00:00,12105,2016-04-02 09:57:01,2016,2016,April,April,7,7
2016-03-22 11:55:51,Ford_Fiesta_Calypso___funktionierendes_Faltdach,privat,Offer,500,control,kleinwagen,1993,manuell,60,fiesta,125000,Dec,Gasoline,ford,No,2016-03-22 00:00:00,48231,2016-04-03 23:15:34,2016,2016,March,March,23,0
2016-03-09 23:43:14,ford_fiesta_IV_bj.99_TÜV_10.16,privat,Offer,440,test,kleinwagen,1999,manuell,50,fiesta,150000,Mar,Gasoline,ford,No,2016-03-09 00:00:00,44652,2016-03-19 14:45:25,2016,2016,March,March,17,9
2016-03-25 11:54:39,zu_verkaufen,privat,Offer,1000,test,kleinwagen,1998,manuell,50,fiesta,60000,Jun,Gasoline,ford,No,2016-03-25 00:00:00,76726,2016-04-06 12:45:06,2016,2016,March,March,18,6
2016-03-22 12:53:13,Ford_Fiesta_1.4_TDCi_Trend_Himmelblau_Metallic_Klima,privat,Offer,4950,control,kleinwagen,2010,manuell,68,fiesta,150000,Feb,Diesel,ford,No,2016-03-22 00:00:00,21079,2016-03-26 13:46:22,2016,2016,March,March,6,10
2016-03-29 21:44:46,FORD_FOCUS_ST170_ICOM_AUTOGAS_LPG_10/2016_TÜV,privat,Offer,2450,test,kleinwagen,2003,manuell,173,focus,150000,Jun,Lpg,ford,Other,2016-03-29 00:00:00,47137,2016-04-02 10:18:39,2016,2016,March,March,13,6
2016-03-31 00:58:30,Ford_Fiesta_1.4_TDCI,privat,Offer,950,control,kleinwagen,2007,manuell,68,fiesta,150000,Mar,Diesel,ford,No,2016-03-30 00:00:00,49076,2016-03-31 08:45:31,2016,2016,March,March,9,9
2016-03-09 15:51:20,Ford_Fiesta_1.3___TÜV_Neu,privat,Offer,1400,control,kleinwagen,2003,manuell,60,fiesta,150000,Jul,Gasoline,ford,No,2016-03-09 00:00:00,47608,2016-03-09 15:51:20,2016,2016,March,March,13,5
2016-03-20 15:45:26,Ford_Fiesta,privat,Offer,250,control,kleinwagen,1995,manuell,50,fiesta,150000,Mar,Gasoline,ford,Other,2016-03-20 00:00:00,57072,2016-03-21 18:18:35,2016,2016,March,March,21,9
2016-03-22 14:45:14,Ford_Fiesta_1.4,privat,Offer,1300,control,kleinwagen,2002,manuell,80,fiesta,150000,Dec,Gasoline,ford,No,2016-03-22 00:00:00,66780,2016-03-28 04:16:01,2016,2016,March,March,14,0
2016-03-25 22:39:14,Ford_Ka_1_3_L_44_KW_Bj_2002_wenig_KM_mit_Tuev,privat,Offer,1350,control,kleinwagen,2002,manuell,60,ka,90000,Sep,Gasoline,ford,No,2016-03-25 00:00:00,32257,2016-04-01 08:45:25,2016,2016,March,March,14,3
2016-03-11 16:39:19,Ford_Ka_KLIMA/SERVO/TÜV_NEU,privat,Offer,1250,test,kleinwagen,2005,manuell,60,ka,125000,Feb,Gasoline,ford,No,2016-03-11 00:00:00,37073,2016-03-12 06:16:40,2016,2016,March,March,11,10
2016-03-25 14:54:05,Ford_Fiesta._TÜV.AU.Neu,privat,Offer,850,control,kleinwagen,1999,manuell,44,fiesta,150000,Apr,Gasoline,ford,Other,2016-03-25 00:00:00,30167,2016-03-30 05:16:12,2016,2016,March,March,17,8
2016-03-08 20:39:06,Ford_Ka_mit_TÜV_04/2017,privat,Offer,550,control,kleinwagen,1997,manuell,0,ka,150000,Jan,Gasoline,ford,No,2016-03-08 00:00:00,58239,2016-03-10 07:15:55,2016,2016,March,March,19,11
2016-03-14 22:46:41,Ford_Ka_in_Silber,privat,Offer,300,control,kleinwagen,1998,manuell,60,ka,90000,Mar,Gasoline,ford,Other,2016-03-14 00:00:00,32257,2016-03-19 13:17:02,2016,2016,March,March,18,9
2016-03-08 20:49:09,FORD_FIESTA,privat,Offer,450,control,kleinwagen,1999,automatik,75,fiesta,150000,Mar,Gasoline,ford,Other,2016-03-08 00:00:00,6917,2016-03-12 09:15:23,2016,2016,March,March,17,9
2016-03-27 20:46:22,Ford_Ka_zu_verkaufen,privat,Offer,1000,control,kleinwagen,2000,manuell,0,ka,80000,Jan,Gasoline,ford,No,2016-03-27 00:00:00,15517,2016-04-03 18:47:12,2016,2016,March,March,16,11
2016-03-21 15:49:16,Ford_Fiesta,privat,Offer,630,control,kleinwagen,1997,manuell,60,fiesta,150000,Jun,Gasoline,ford,No,2016-03-21 00:00:00,33607,2016-03-28 11:47:16,2016,2016,March,March,19,6
2016-03-31 10:55:50,Ford_KA__1999__grau__TÜV_917__Fahrbereit__abgemeldet,privat,Offer,550,control,kleinwagen,1999,manuell,60,ka,125000,Feb,Gasoline,ford,No,2016-03-31 00:00:00,90522,2016-04-06 03:44:43,2016,2016,March,March,17,10
2016-04-07 08:25:35,Ford_Fiesta_1.3bensin___EURO4_mit_Servo_Klima_5tur_tuv05/16,privat,Offer,499,control,kleinwagen,2001,manuell,60,fiesta,125000,Jan,Gasoline,ford,No,2016-04-07 00:00:00,65428,2016-04-07 09:06:18,2016,2016,April,April,15,11
2016-03-17 20:44:47,Ford_ka_ru_8__/_2te_hand,privat,Offer,4000,control,kleinwagen,2009,manuell,69,ka,60000,Jan,Gasoline,ford,No,2016-03-17 00:00:00,7985,2016-04-07 09:16:23,2016,2016,March,March,7,11
2016-03-20 11:38:52,Ford_Fiesta,privat,Offer,299,test,kleinwagen,1998,manuell,50,fiesta,100000,Jan,Gasoline,ford,Other,2016-03-20 00:00:00,16356,2016-03-20 11:38:52,2016,2016,March,March,18,11
2016-03-09 09:56:08,Ford_Ka_Gelb,privat,Offer,1699,test,kleinwagen,2005,manuell,44,ka,125000,Mar,Gasoline,ford,Other,2016-03-09 00:00:00,45141,2016-04-07 11:44:30,2016,2016,March,March,11,9
2016-03-17 18:25:20,Ford_Fiesta__5___Tuerig__Klima__Alu,privat,Offer,950,control,kleinwagen,2001,manuell,60,fiesta,125000,Mar,Gasoline,ford,No,2016-03-17 00:00:00,60388,2016-03-20 15:16:57,2016,2016,March,March,15,9
2016-03-22 11:47:56,Ford_Fiesta_1.4_TDCI,privat,Offer,1600,control,kleinwagen,2003,Unspecified,0,fiesta,150000,Jan,Diesel,ford,No,2016-03-22 00:00:00,52351,2016-04-03 22:48:02,2016,2016,March,March,13,11
2016-03-15 14:46:48,Ford_Ka_Bj.2004_*Leder_Klima*,privat,Offer,950,control,kleinwagen,2004,Unspecified,0,ka,150000,Jan,Gasoline,ford,Other,2016-03-15 00:00:00,76571,2016-03-17 09:17:21,2016,2016,March,March,12,11
2016-03-31 15:37:21,Ford_Fiesta_abzugeben__scheckheftgepflegt.,privat,Offer,400,control,kleinwagen,1997,manuell,60,fiesta,150000,May,Gasoline,ford,No,2016-03-31 00:00:00,45476,2016-04-06 09:44:32,2016,2016,March,March,19,7
2016-03-25 12:57:20,Ford_Fiesta_Kool_TÜV_NEU,privat,Offer,900,test,kleinwagen,2000,manuell,60,fiesta,100000,Jul,Gasoline,ford,No,2016-03-25 00:00:00,31785,2016-04-02 15:47:38,2016,2016,March,March,16,5
2016-03-21 20:41:07,Ford_Fiesta_Futura_Tuev_Neu_Servo_4_Tuerer_2_hand,privat,Offer,897,control,kleinwagen,1999,manuell,60,fiesta,150000,Dec,Gasoline,ford,No,2016-03-21 00:00:00,30880,2016-04-06 23:45:48,2016,2016,March,March,17,0
2016-03-14 13:44:13,Ford_Ka_Viva_in_Cosmic_Silber_Metallic,privat,Offer,2450,test,kleinwagen,2004,manuell,60,ka,80000,Apr,Gasoline,ford,No,2016-03-14 00:00:00,48477,2016-03-29 07:17:35,2016,2016,March,March,12,8
2016-03-13 15:52:16,Ford_Fiesta,privat,Offer,750,test,kleinwagen,1998,automatik,75,fiesta,100000,May,Gasoline,ford,Other,2016-03-13 00:00:00,73312,2016-03-15 18:15:35,2016,2016,March,March,18,7
2016-04-02 17:53:56,Ford_Ka__80.000km__EZ_2000_kein_TÜV,privat,Offer,600,control,kleinwagen,2000,manuell,0,ka,80000,Jan,Gasoline,ford,Yes,2016-04-02 00:00:00,59227,2016-04-06 17:17:57,2016,2016,April,April,16,11
2016-03-29 23:41:15,Gelegenheit,privat,Offer,1200,control,kleinwagen,2001,manuell,60,fiesta,125000,Mar,Gasoline,ford,Yes,2016-03-29 00:00:00,94481,2016-04-06 10:44:56,2016,2016,March,March,15,9
2016-03-31 16:53:05,Ford_Ka_K2_Snow___Klima__Tuev___CD_Radio__Airbag...,privat,Offer,549,control,kleinwagen,1999,manuell,60,ka,150000,Apr,Gasoline,ford,No,2016-03-31 00:00:00,49477,2016-04-04 09:17:52,2016,2016,March,March,17,8
2016-03-19 03:49:41,Ford_Fiesta_1.4_Ghia,privat,Offer,1990,test,kleinwagen,2003,manuell,80,fiesta,125000,Jun,Gasoline,ford,Yes,2016-03-18 00:00:00,86152,2016-03-20 08:50:06,2016,2016,March,March,13,6
2016-03-10 16:46:53,Ford_Fiesta_zu_verkaufen_????????,privat,Offer,299,control,kleinwagen,1998,manuell,59,fiesta,50000,Mar,Gasoline,ford,Other,2016-03-10 00:00:00,3048,2016-03-20 01:44:30,2016,2016,March,March,18,9
2016-03-21 11:55:50,Ford_KA_HU_2/18_mit_Servo_4xAirbag,privat,Offer,1190,control,kleinwagen,2000,manuell,60,ka,150000,Aug,Gasoline,ford,No,2016-03-21 00:00:00,49424,2016-04-06 06:45:10,2016,2016,March,March,16,4
2016-03-29 21:50:36,Ford_Fiesta_Style_1_25_/_75_PS__Tuev_05.2016,privat,Offer,300,test,kleinwagen,1998,manuell,75,fiesta,150000,Nov,Gasoline,ford,No,2016-03-29 00:00:00,51109,2016-04-02 11:15:22,2016,2016,March,March,18,1
2016-03-05 17:59:16,Ford_Fiesta,privat,Offer,650,test,kleinwagen,1999,manuell,60,fiesta,150000,Sep,Gasoline,ford,No,2016-03-05 00:00:00,32825,2016-03-09 11:17:54,2016,2016,March,March,17,3
2016-03-24 19:51:02,Ford_Fiesta_1.3,privat,Offer,2500,control,kleinwagen,2006,manuell,69,fiesta,150000,Sep,Gasoline,ford,No,2016-03-24 00:00:00,14776,2016-04-05 13:16:34,2016,2016,March,March,10,3
2016-03-07 00:52:39,Ford_Fiesta_1.25,privat,Offer,1799,test,kleinwagen,2004,manuell,0,fiesta,125000,Mar,Gasoline,ford,No,2016-03-06 00:00:00,61169,2016-03-07 00:52:39,2016,2016,March,March,12,9
2016-03-14 07:58:51,Ford_ka_139000km,privat,Offer,250,control,kleinwagen,1999,manuell,60,ka,150000,Apr,Gasoline,ford,No,2016-03-14 00:00:00,57439,2016-03-14 09:39:51,2016,2016,March,March,17,8
2016-03-05 16:41:24,Ford_Ka_1.2_Start_Stopp_System_Trend,privat,Offer,5300,control,kleinwagen,2012,manuell,69,ka,50000,Feb,Gasoline,ford,No,2016-03-05 00:00:00,95183,2016-03-15 08:15:54,2016,2016,March,March,4,10
2016-04-02 23:59:44,Ford_Ka_ohne_TÜV,privat,Offer,650,test,kleinwagen,2005,manuell,0,ka,150000,May,Gasoline,ford,Other,2016-04-02 00:00:00,24217,2016-04-07 09:15:37,2016,2016,April,April,11,7
2016-03-30 13:50:52,Ford_Fiesta_Style,privat,Offer,550,test,kleinwagen,1997,manuell,75,fiesta,50000,Sep,Gasoline,ford,No,2016-03-30 00:00:00,80807,2016-04-07 04:44:50,2016,2016,March,March,19,3
2016-03-18 21:18:48,Ford_Fiesta_1_6,privat,Offer,2300,control,kleinwagen,2003,manuell,101,fiesta,150000,Jan,Gasoline,ford,No,2016-03-18 00:00:00,56070,2016-03-19 17:31:33,2016,2016,March,March,13,11
2016-03-05 21:56:43,ford_ka_tuev_faellig_billig,privat,Offer,550,test,kleinwagen,2004,manuell,60,ka,150000,Jun,Gasoline,ford,No,2016-03-05 00:00:00,31737,2016-03-12 22:47:13,2016,2016,March,March,12,6
2016-03-15 20:36:22,Ford_ka!_!!,privat,Offer,150,test,kleinwagen,1998,manuell,60,ka,150000,Jan,Gasoline,ford,Other,2016-03-15 00:00:00,54290,2016-04-07 04:46:40,2016,2016,March,March,18,11
2016-03-25 08:56:32,Ford_Fiesta,privat,Offer,850,control,kleinwagen,1999,manuell,50,fiesta,150000,Feb,Gasoline,ford,No,2016-03-25 00:00:00,93158,2016-03-25 08:56:32,2016,2016,March,March,17,10
2016-03-07 10:06:35,Ford_KA_TÜV_bis_July_2017,privat,Offer,1100,test,kleinwagen,2004,manuell,60,ka,100000,Mar,Gasoline,ford,No,2016-03-07 00:00:00,35683,2016-03-28 01:46:08,2016,2016,March,March,12,9
2016-03-15 18:37:16,Ford_Fiesta_Unfallfrei_mit_TÜV__1.Hand__8_fach_bereift,privat,Offer,450,control,kleinwagen,2001,manuell,50,fiesta,150000,May,Gasoline,ford,No,2016-03-15 00:00:00,6268,2016-03-16 16:15:54,2016,2016,March,March,15,7
2016-03-20 09:56:26,Ford_Fiesta,privat,Offer,450,control,kleinwagen,1997,manuell,45,fiesta,150000,Feb,Gasoline,ford,Yes,2016-03-20 00:00:00,31812,2016-04-06 06:17:42,2016,2016,March,March,19,10
2016-03-13 13:37:19,Ford_Ka_1.3_Euro_4_mit_TÜV_05/2017!!_Klima_Fahrbereit,privat,Offer,850,test,kleinwagen,2003,manuell,69,ka,150000,Jan,Gasoline,ford,Other,2016-03-13 00:00:00,41516,2016-03-17 13:16:21,2016,2016,March,March,13,11
2016-03-16 18:53:45,Ford_Fusion_1.4_TDCI,privat,Offer,2999,control,kleinwagen,2006,manuell,68,fusion,150000,Mar,Diesel,ford,No,2016-03-16 00:00:00,65934,2016-04-05 22:16:39,2016,2016,March,March,10,9
2016-03-11 18:56:51,Ford_Fiesta_1.3,privat,Offer,2300,test,kleinwagen,2003,manuell,60,fiesta,90000,Mar,Gasoline,ford,No,2016-03-11 00:00:00,19370,2016-04-05 21:17:39,2016,2016,March,March,13,9
2016-03-31 21:25:42,Ford_Ka_Futura,privat,Offer,700,control,kleinwagen,2000,manuell,60,ka,125000,Jul,Gasoline,ford,No,2016-03-31 00:00:00,65205,2016-04-01 19:20:35,2016,2016,March,March,16,5
2016-03-21 13:49:20,Ford__Fiesta_1.3,privat,Offer,2649,test,kleinwagen,2003,manuell,69,fiesta,150000,Jun,Gasoline,ford,No,2016-03-21 00:00:00,66359,2016-03-26 19:47:24,2016,2016,March,March,13,6
2016-03-25 17:36:47,Ford_Fiesta_Trend_Klima_TÜV,privat,Offer,850,test,kleinwagen,2000,manuell,75,fiesta,150000,Oct,Gasoline,ford,No,2016-03-25 00:00:00,63225,2016-04-07 14:56:11,2016,2016,March,March,16,2
2016-03-05 16:49:46,Ford_Fiesta,privat,Offer,550,control,kleinwagen,1994,manuell,60,fiesta,90000,Nov,Gasoline,ford,Other,2016-03-05 00:00:00,65510,2016-03-29 20:46:44,2016,2016,March,March,22,1
2016-03-18 14:21:50,Ford_Fiesta_mit_einwandfreiem_Austauschmotor,privat,Offer,350,test,kleinwagen,2000,manuell,57,fiesta,150000,Jan,Gasoline,ford,Yes,2016-03-18 00:00:00,35745,2016-03-29 01:45:23,2016,2016,March,March,16,11
2016-03-22 09:53:58,Ford_Fiesta_Mk6_Unfallwagen,privat,Offer,999,test,kleinwagen,2006,manuell,60,fiesta,125000,Dec,Gasoline,ford,Yes,2016-03-22 00:00:00,53940,2016-04-05 21:15:48,2016,2016,March,March,10,0
2016-03-31 03:36:18,Ford_Fiesta_TÜV_08.2016,privat,Offer,600,control,kleinwagen,1996,manuell,50,fiesta,100000,Jun,Gasoline,ford,No,2016-03-31 00:00:00,74172,2016-04-02 04:16:34,2016,2016,March,March,20,6
2016-03-12 12:54:31,Fiesta_1_3_Euro4_TÜV_NEU,privat,Offer,840,test,kleinwagen,2001,manuell,60,fiesta,150000,Jul,Gasoline,ford,Other,2016-03-12 00:00:00,64839,2016-03-22 18:45:06,2016,2016,March,March,15,5
2016-03-19 10:38:06,Ford_Fiesta,privat,Offer,500,test,kleinwagen,1996,Unspecified,0,fiesta,70000,Jan,Gasoline,ford,Other,2016-03-19 00:00:00,29699,2016-04-06 10:15:35,2016,2016,March,March,20,11
2016-03-17 18:49:21,Ford_Fiesta_3_Tuerer_1_25_ltr._EZ_2011,privat,Offer,4600,control,kleinwagen,2011,manuell,60,fiesta,125000,Mar,Gasoline,ford,Other,2016-03-17 00:00:00,54634,2016-04-07 06:16:15,2016,2016,March,March,5,9
2016-03-27 13:48:45,Ford_Fiesta_TÜV_NEU,privat,Offer,888,test,kleinwagen,1999,manuell,60,fiesta,150000,May,Gasoline,ford,Other,2016-03-27 00:00:00,58710,2016-04-07 09:46:12,2016,2016,March,March,17,7
2016-04-01 10:52:18,Ford_Fiesta_1_6_Ghia_Automatik,privat,Offer,3850,control,kleinwagen,2004,automatik,101,fiesta,150000,Jun,Gasoline,ford,No,2016-04-01 00:00:00,41748,2016-04-07 07:17:15,2016,2016,April,April,12,6
2016-03-05 17:50:52,Ford_Ka_Kool,privat,Offer,800,test,kleinwagen,1998,manuell,60,ka,80000,Nov,Gasoline,ford,Yes,2016-03-05 00:00:00,44575,2016-03-11 16:17:46,2016,2016,March,March,18,1
2016-03-17 21:52:18,Ford_Ka___mit_Winterreifen_und_Sitzheizung,privat,Offer,5000,test,kleinwagen,2012,manuell,69,ka,60000,Sep,Gasoline,ford,No,2016-03-17 00:00:00,85356,2016-04-01 15:16:16,2016,2016,March,March,4,3
2016-03-10 11:50:03,Ford_Fiesta_1.3,privat,Offer,2700,test,kleinwagen,2006,manuell,69,fiesta,100000,Jan,Gasoline,ford,No,2016-03-10 00:00:00,65366,2016-03-29 02:17:14,2016,2016,March,March,10,11
2016-03-19 16:44:47,Ford_KA_1.2_aus_1._Hand_mit_Start/Stopp_und_Scheckheft,privat,Offer,4450,test,kleinwagen,2012,manuell,70,ka,60000,Oct,Gasoline,ford,Other,2016-03-19 00:00:00,44141,2016-03-30 02:46:43,2016,2016,March,March,4,2
2016-03-09 08:55:48,Fiesta_mit_Servolenkung._4_tueren._sehr_zuverlaessig._tuev_11_2016,privat,Offer,600,test,kleinwagen,1998,manuell,50,fiesta,150000,Nov,Gasoline,ford,No,2016-03-09 00:00:00,58256,2016-03-11 00:17:43,2016,2016,March,March,18,1
2016-03-21 19:44:18,Ford_Fiesta_60Ps_2007_TÜV_Neu_Klima_TOP!!!,privat,Offer,3800,test,kleinwagen,2007,Unspecified,60,Other,150000,Jan,,ford,Other,2016-03-21 00:00:00,59077,2016-03-23 00:45:29,2016,2016,March,March,9,11
2016-03-08 11:57:42,Ford_Fiesta_Style_Family,privat,Offer,999,control,kleinwagen,1999,manuell,60,fiesta,150000,Apr,Gasoline,ford,No,2016-03-08 00:00:00,56459,2016-03-09 16:17:27,2016,2016,March,March,17,8
2016-03-25 00:57:39,Ford_Fiesta_GHIA_1_3_L_Klimaanlage_und_Schiebedach_TÜV_IST_neu,privat,Offer,1380,control,kleinwagen,2002,Unspecified,60,fiesta,150000,Jul,Gasoline,ford,No,2016-03-24 00:00:00,10961,2016-03-25 05:55:33,2016,2016,March,March,14,5
2016-03-29 11:54:11,Ford_Fiesta_1.3_Ambiente,privat,Offer,2250,test,kleinwagen,2007,manuell,69,fiesta,150000,Jun,Gasoline,ford,No,2016-03-29 00:00:00,63589,2016-03-31 04:46:08,2016,2016,March,March,9,6
2016-03-08 19:42:56,Ford_Fiesta_Style,privat,Offer,550,test,kleinwagen,1997,manuell,60,fiesta,125000,Mar,Gasoline,ford,No,2016-03-08 00:00:00,19370,2016-04-05 13:18:56,2016,2016,March,March,19,9
2016-03-14 17:40:14,Verkaufe_einen_Ford_Fiesta_Tuev_02/18_in_Silber_Bj_2000,privat,Offer,949,test,kleinwagen,2000,manuell,60,fiesta,150000,Feb,Gasoline,ford,No,2016-03-14 00:00:00,84559,2016-03-15 12:17:47,2016,2016,March,March,16,10
2016-03-27 13:53:31,Ford_Fiesta_1.6_Ghia_4_tuerig_TOP__ALU.WR.2004,privat,Offer,2850,test,kleinwagen,2004,manuell,101,fiesta,125000,Aug,Gasoline,ford,No,2016-03-27 00:00:00,63694,2016-04-01 13:17:52,2016,2016,March,March,12,4
2016-04-03 16:56:14,Ford_Fiesta_1.3_60PS,privat,Offer,349,control,kleinwagen,2002,manuell,60,fiesta,150000,Jan,Gasoline,ford,Other,2016-04-03 00:00:00,6333,2016-04-05 16:46:30,2016,2016,April,April,14,11
2016-03-22 11:45:59,Ford_ka_1_3___Tuev_10.2016,privat,Offer,0,control,kleinwagen,1998,manuell,0,ka,20000,Feb,Gasoline,ford,Other,2016-03-22 00:00:00,54413,2016-03-31 06:46:02,2016,2016,March,March,18,10
2016-03-09 01:57:15,Ford_Ka,privat,Offer,3250,control,kleinwagen,2009,manuell,69,ka,150000,Mar,Gasoline,ford,No,2016-03-09 00:00:00,27404,2016-03-09 17:16:18,2016,2016,March,March,7,9
2016-03-16 20:41:18,Ford_Fiesta,privat,Offer,1990,control,kleinwagen,2005,manuell,60,fiesta,150000,Mar,Gasoline,ford,No,2016-03-16 00:00:00,73079,2016-04-01 10:19:29,2016,2016,March,March,11,9
2016-03-31 14:55:16,Ford_Ka_mit_Klima_Efh_Alufelgen_Zv,privat,Offer,650,control,kleinwagen,2001,manuell,60,ka,70000,Apr,Gasoline,ford,Other,2016-03-31 00:00:00,64297,2016-04-02 10:16:20,2016,2016,March,March,15,8
2016-03-09 11:53:18,Ford_Ka__Klima,privat,Offer,390,test,kleinwagen,1997,manuell,60,ka,90000,Dec,Gasoline,ford,No,2016-03-09 00:00:00,95448,2016-03-10 07:46:44,2016,2016,March,March,19,0
2016-03-05 16:57:42,Ford___D___Ka__klein_wagen._Tuef_bis_03.2016,privat,Offer,150,control,kleinwagen,2002,manuell,0,ka,150000,Mar,Gasoline,ford,Other,2016-03-05 00:00:00,49191,2016-03-05 18:17:57,2016,2016,March,March,14,9
2016-03-16 17:38:14,Ford_Fiesta,privat,Offer,1050,control,kleinwagen,1999,manuell,75,fiesta,150000,Mar,Gasoline,ford,Yes,2016-03-16 00:00:00,50321,2016-04-06 23:16:35,2016,2016,March,March,17,9
2016-03-15 12:39:29,FORD_KA_LUXUS_EDITION_LUFTHANSA_VOLLAUSSATTUNG_LEDER_KLIMA_TÜV,privat,Offer,999,control,kleinwagen,1998,manuell,63,ka,125000,Feb,Gasoline,ford,No,2016-03-15 00:00:00,80939,2016-04-06 00:16:29,2016,2016,March,March,18,10
2016-03-07 19:45:01,Ford_Fiesta_Bj_2002,privat,Offer,650,control,kleinwagen,2002,manuell,62,fiesta,125000,Dec,Gasoline,ford,No,2016-03-07 00:00:00,44149,2016-03-14 10:44:28,2016,2016,March,March,14,0
2016-04-03 21:51:59,Ford_Fiesta_2.0_ST___unverbastelt_8fach_bereift,privat,Offer,5650,test,kleinwagen,2007,manuell,150,fiesta,125000,Jan,Gasoline,ford,No,2016-04-03 00:00:00,47798,2016-04-05 23:15:29,2016,2016,April,April,9,11
2016-03-23 12:48:51,Verkaufe_einen_Ford_Fiesta_IV_weiss_HU_bis_07/2016,privat,Offer,700,control,kleinwagen,1998,manuell,60,fiesta,150000,Jun,Gasoline,ford,Yes,2016-03-23 00:00:00,50321,2016-04-05 12:44:59,2016,2016,March,March,18,6
2016-03-05 21:55:12,Ford_Fiesta_1_25_Titanium,privat,Offer,5550,test,kleinwagen,2009,manuell,82,fiesta,80000,Aug,Gasoline,ford,No,2016-03-05 00:00:00,34466,2016-03-12 15:45:28,2016,2016,March,March,7,4
2016-03-29 21:45:23,Anfaenger_Auto_Bitte_nicht_150_oder_so_ein_Bloedsinn,privat,Offer,400,test,kleinwagen,1996,manuell,60,fiesta,60000,Jan,Gasoline,ford,Other,2016-03-29 00:00:00,50259,2016-04-06 08:15:57,2016,2016,March,March,20,11
2016-04-01 23:45:13,Ford_Fiesta_Sport_1_25i_16V,privat,Offer,240,control,kleinwagen,1999,manuell,75,fiesta,150000,Aug,Gasoline,ford,No,2016-04-01 00:00:00,14776,2016-04-01 23:45:13,2016,2016,April,April,17,4
2016-03-11 01:01:23,Ford_Fiesta_1.25_Trend,privat,Offer,5100,test,kleinwagen,2009,manuell,60,fiesta,100000,May,Gasoline,ford,No,2016-03-11 00:00:00,36148,2016-04-05 23:46:29,2016,2016,March,March,7,7
2016-03-27 23:51:06,Ford_Fiesta_1.3,privat,Offer,850,test,kleinwagen,2002,manuell,60,fiesta,150000,Dec,Gasoline,ford,Other,2016-03-27 00:00:00,30455,2016-03-28 06:42:48,2016,2016,March,March,14,0
2016-03-22 17:00:05,Ford_Fiesta_1_3,privat,Offer,2400,test,kleinwagen,2006,manuell,69,fiesta,150000,Mar,Gasoline,ford,No,2016-03-22 00:00:00,41540,2016-03-22 17:00:05,2016,2016,March,March,10,9
2016-04-02 12:25:26,Ford_Fusion_1.4_+,privat,Offer,3750,control,kleinwagen,2007,manuell,80,fusion,80000,Dec,Gasoline,ford,No,2016-04-02 00:00:00,65618,2016-04-03 19:10:56,2016,2016,April,April,9,0
2016-03-20 09:57:36,Ford_Focus_1_4_an_Bastler_oder_fuer_Export,privat,Offer,350,control,kleinwagen,1999,manuell,75,focus,150000,Feb,Gasoline,ford,Yes,2016-03-20 00:00:00,58453,2016-03-20 10:42:46,2016,2016,March,March,17,10
2016-03-20 22:53:36,Ford_ka_2001_ZV_klima_Leder_el._Fensterheber_el._Aussenspiegel_Tuev,privat,Offer,990,test,kleinwagen,2001,manuell,60,ka,150000,Jun,Gasoline,ford,No,2016-03-20 00:00:00,25355,2016-04-07 12:16:54,2016,2016,March,March,15,6
2016-03-17 20:53:37,Ford_Fiesta_EZ_12/1992,privat,Offer,300,control,kleinwagen,1992,manuell,52,fiesta,70000,Dec,Gasoline,ford,Other,2016-03-17 00:00:00,93466,2016-04-07 09:46:38,2016,2016,March,March,24,0
2016-03-28 15:55:25,Ford_Fiesta,privat,Offer,500,control,kleinwagen,1991,manuell,60,fiesta,125000,Jul,Gasoline,ford,No,2016-03-28 00:00:00,76479,2016-03-30 07:15:37,2016,2016,March,March,25,5
2016-03-28 12:39:48,Verkaufe_einen_ford_fiesta,privat,Offer,250,test,kleinwagen,1995,manuell,45,fiesta,150000,Apr,Gasoline,ford,No,2016-03-28 00:00:00,58452,2016-03-28 12:39:48,2016,2016,March,March,21,8
2016-04-01 13:58:22,Verkaufe_ford,privat,Offer,250,test,kleinwagen,1994,manuell,0,fiesta,150000,May,,ford,Other,2016-04-01 00:00:00,27755,2016-04-07 11:17:45,2016,2016,April,April,22,7
2016-03-12 12:49:59,Ford_Fiesta_1.4_Durashift_EST_Fun,privat,Offer,800,test,kleinwagen,2005,automatik,80,fiesta,150000,Nov,Gasoline,ford,Yes,2016-03-12 00:00:00,12043,2016-03-12 12:49:59,2016,2016,March,March,11,1
2016-03-30 12:51:13,Ford_Fiesta_1.25_Titanium_Limited_Edition_aus_1._Hand,privat,Offer,4755,control,kleinwagen,2009,manuell,82,fiesta,90000,Mar,Gasoline,ford,No,2016-03-30 00:00:00,24534,2016-03-30 12:51:13,2016,2016,March,March,7,9
2016-03-12 00:49:24,Ford_ka_zum_ausschlachten,privat,Offer,0,test,kleinwagen,1999,manuell,50,ka,150000,Jul,Gasoline,ford,No,2016-03-11 00:00:00,12249,2016-04-05 14:45:41,2016,2016,March,March,17,5
2016-03-15 16:25:17,Ford_Fusion_klima_1.4_Tuev_Neu,privat,Offer,3700,control,kleinwagen,2006,manuell,80,fusion,90000,Dec,Gasoline,ford,No,2016-03-15 00:00:00,56564,2016-03-21 12:46:35,2016,2016,March,March,10,0
2016-03-22 12:39:17,Ford_Fiesta_Top_Zustand_TÜV_NEU_3/18_vollfahrbereit,privat,Offer,750,control,kleinwagen,1996,manuell,50,fiesta,150000,Aug,Gasoline,ford,No,2016-03-22 00:00:00,73054,2016-04-03 23:45:40,2016,2016,March,March,20,4
2016-04-01 21:49:59,Verkaufe_Ford_Fiesta,privat,Offer,650,test,kleinwagen,1998,manuell,60,fiesta,150000,Jul,Gasoline,ford,No,2016-04-01 00:00:00,33442,2016-04-03 19:17:07,2016,2016,April,April,18,5
2016-03-23 20:53:05,Ford_Fiesta,privat,Offer,200,test,kleinwagen,1996,manuell,75,fiesta,150000,Feb,Gasoline,ford,Other,2016-03-23 00:00:00,9337,2016-03-29 16:45:23,2016,2016,March,March,20,10
2016-03-10 21:37:56,Ford_Fiesta_1.3,privat,Offer,2350,control,kleinwagen,2005,manuell,60,fiesta,150000,Jun,Gasoline,ford,No,2016-03-10 00:00:00,52353,2016-03-21 18:16:55,2016,2016,March,March,11,6
2016-03-22 13:49:21,Ka_Export_Ford_zum_schlachten,privat,Offer,200,control,kleinwagen,1999,manuell,0,Other,5000,Jan,Gasoline,ford,Yes,2016-03-22 00:00:00,47051,2016-04-06 02:45:36,2016,2016,March,March,17,11
2016-03-10 23:57:30,Ford_Fiesta_1.4_Black_Magic,privat,Offer,2970,test,kleinwagen,2008,manuell,80,fiesta,100000,Apr,Gasoline,ford,Yes,2016-03-10 00:00:00,51789,2016-03-12 10:48:12,2016,2016,March,March,8,8
2016-03-18 22:47:23,Fiesta_/_4_Tueren_/_Klima,privat,Offer,1850,test,kleinwagen,2002,manuell,0,fiesta,150000,Jan,Gasoline,ford,No,2016-03-18 00:00:00,89231,2016-03-20 06:15:25,2016,2016,March,March,14,11
2016-03-09 15:50:27,Ford_ka_Sport_Ka_Kleinwagen_95_PS_Sonderausstattung,privat,Offer,2200,control,kleinwagen,2004,manuell,95,ka,125000,Sep,Gasoline,ford,No,2016-03-09 00:00:00,99084,2016-03-21 21:45:31,2016,2016,March,March,12,3
2016-03-05 19:57:39,Ford_Fiesta_1.3_Ambiente_+++Klima__TÜV_NEU+++,privat,Offer,2400,test,kleinwagen,2005,manuell,60,fiesta,125000,Nov,Gasoline,ford,No,2016-03-05 00:00:00,53359,2016-03-06 04:46:09,2016,2016,March,March,11,1
2016-03-10 07:53:54,Ford_Fiesta_1.3,privat,Offer,1750,control,kleinwagen,2004,manuell,60,fiesta,150000,Nov,Gasoline,ford,No,2016-03-10 00:00:00,51061,2016-03-17 09:16:21,2016,2016,March,March,12,1
2016-03-10 21:46:16,Ford_Escort_5_Tuerer___wenig_KM__8_Fach_bereift,privat,Offer,350,control,kleinwagen,1998,manuell,0,escort,60000,Nov,Gasoline,ford,No,2016-03-10 00:00:00,88131,2016-04-02 20:18:02,2016,2016,March,March,18,1
2016-03-27 13:53:59,Ford_Fiesta_Family,privat,Offer,850,test,kleinwagen,1994,manuell,60,fiesta,125000,Sep,Gasoline,ford,No,2016-03-27 00:00:00,55296,2016-04-01 13:17:52,2016,2016,March,March,22,3
2016-03-11 20:44:23,Ford_Fiesta_**1_HAND_**,privat,Offer,1990,control,kleinwagen,2004,manuell,69,fiesta,150000,Dec,Gasoline,ford,No,2016-03-11 00:00:00,49082,2016-03-11 20:44:23,2016,2016,March,March,12,0
2016-03-15 23:57:12,ford_fiesta,privat,Offer,150,control,kleinwagen,1996,manuell,60,fiesta,100000,Mar,Gasoline,ford,Other,2016-03-15 00:00:00,52249,2016-04-05 23:16:47,2016,2016,March,March,20,9
2016-03-14 19:57:58,Ford_Fiesta_1.4_TDCI,privat,Offer,2300,control,kleinwagen,2004,automatik,68,fiesta,150000,Sep,Diesel,ford,No,2016-03-14 00:00:00,27568,2016-04-06 05:46:10,2016,2016,March,March,12,3
2016-03-17 23:58:25,bastler_auto,privat,Offer,50,control,kleinwagen,1995,Unspecified,0,fiesta,150000,Jan,Gasoline,ford,Other,2016-03-17 00:00:00,84088,2016-03-29 12:16:03,2016,2016,March,March,21,11
2016-03-30 13:55:53,Ford_Fiesta_1.3_Ambiente__Klima__Tuev_2017__Allwetter.,privat,Offer,3399,test,kleinwagen,2006,manuell,60,fiesta,100000,Oct,Gasoline,ford,No,2016-03-30 00:00:00,52428,2016-04-03 03:50:27,2016,2016,March,March,10,2
2016-03-08 14:52:17,Ford_Fiesta,privat,Offer,95,test,kleinwagen,1996,manuell,44,fiesta,125000,Aug,Gasoline,ford,No,2016-03-08 00:00:00,36251,2016-04-06 06:46:44,2016,2016,March,March,20,4
2016-03-14 18:53:42,Ford_Ka_1_3L_Ez._1999_60PS,privat,Offer,250,test,kleinwagen,1999,manuell,60,ka,150000,Jan,Gasoline,ford,No,2016-03-14 00:00:00,53773,2016-04-06 03:16:48,2016,2016,March,March,17,11
2016-03-14 13:46:32,Ford_Fiesta,privat,Offer,2950,test,kleinwagen,2007,manuell,80,fiesta,125000,Aug,Gasoline,ford,No,2016-03-14 00:00:00,71263,2016-03-29 07:46:39,2016,2016,March,March,9,4
2016-03-06 18:38:32,Ford_Ka_Klima,privat,Offer,780,control,kleinwagen,2001,manuell,60,ka,150000,Aug,Gasoline,ford,No,2016-03-06 00:00:00,51469,2016-03-14 23:47:02,2016,2016,March,March,15,4
2016-03-21 13:43:39,Ford_Focus,privat,Offer,150,test,kleinwagen,1998,manuell,85,focus,150000,Oct,Gasoline,ford,Yes,2016-03-21 00:00:00,73054,2016-04-06 08:45:57,2016,2016,March,March,18,2
2016-03-14 05:55:43,Ford_Fiesta_1.3_Viva_X,privat,Offer,2950,test,kleinwagen,2004,manuell,69,fiesta,60000,Oct,Gasoline,ford,No,2016-03-13 00:00:00,4828,2016-03-24 14:44:21,2016,2016,March,March,12,2
2016-03-27 16:43:49,Ford_fiesta_ohne_Tuev_mit_Klimaanlage,privat,Offer,250,test,kleinwagen,1999,manuell,75,fiesta,150000,Jan,,ford,Other,2016-03-27 00:00:00,26209,2016-04-01 16:45:27,2016,2016,March,March,17,11
2016-03-31 12:54:33,Ford_Focus_2.0_16V_mit_TÜV__Tausch,privat,Offer,0,test,kleinwagen,2001,manuell,0,focus,150000,Mar,Gasoline,ford,No,2016-03-31 00:00:00,8412,2016-04-06 05:46:56,2016,2016,March,March,15,9
2016-03-26 21:00:09,Ford_Ka_Metallic,privat,Offer,3200,control,kleinwagen,2009,manuell,69,ka,100000,Jun,Gasoline,ford,No,2016-03-26 00:00:00,14774,2016-04-02 14:18:40,2016,2016,March,March,7,6
2016-03-20 15:49:25,Ford_Fiesta__Bj._1999__NEU_TÜV,privat,Offer,450,control,kleinwagen,1997,manuell,60,fiesta,150000,Apr,Gasoline,ford,No,2016-03-20 00:00:00,66809,2016-03-28 15:47:33,2016,2016,March,March,19,8
2016-03-15 22:55:32,Ford_Ka_Tuev_Neu_Klima__8_Fach_Bereift,privat,Offer,1950,control,kleinwagen,2003,manuell,0,ka,80000,Sep,Gasoline,ford,No,2016-03-15 00:00:00,32289,2016-03-22 08:47:59,2016,2016,March,March,13,3
2016-03-06 23:49:17,Ford_Ka,privat,Offer,599,control,kleinwagen,2001,manuell,60,ka,150000,Jun,Gasoline,ford,No,2016-03-06 00:00:00,42115,2016-03-27 04:16:19,2016,2016,March,March,15,6
2016-03-16 20:46:54,Ford_mit_rest_tuev_nur_heute_400_festpreis,privat,Offer,499,control,kleinwagen,2001,manuell,0,ka,100000,Jan,Gasoline,ford,Other,2016-03-16 00:00:00,47166,2016-03-16 20:46:54,2016,2016,March,March,15,11
2016-03-15 21:39:01,Ford_Ka_1.2_Trend,privat,Offer,3670,control,kleinwagen,2009,manuell,69,ka,50000,Dec,Gasoline,ford,No,2016-03-15 00:00:00,95030,2016-04-07 04:46:38,2016,2016,March,March,7,0
2016-03-26 18:55:55,Ford_Ka_Ez_2001_fahrbereit_und_angemeldet,privat,Offer,690,test,kleinwagen,2001,manuell,60,ka,125000,Jan,Gasoline,ford,No,2016-03-26 00:00:00,50354,2016-03-26 18:55:55,2016,2016,March,March,15,11
2016-03-11 14:47:48,Verkaufe_Ford_Fiesta,privat,Offer,450,control,kleinwagen,1999,manuell,75,fiesta,150000,Jan,Gasoline,ford,Other,2016-03-11 00:00:00,22393,2016-03-15 05:44:55,2016,2016,March,March,17,11
2016-03-05 15:53:05,Ford_Fiesta,privat,Offer,1400,control,kleinwagen,1998,manuell,0,fiesta,125000,Mar,Gasoline,ford,No,2016-03-05 00:00:00,36179,2016-04-05 17:46:06,2016,2016,March,March,18,9
2016-03-29 09:54:38,Ford_Fiesta_1.6_16V_88PS,privat,Offer,650,test,kleinwagen,1995,manuell,88,fiesta,150000,May,Gasoline,ford,No,2016-03-29 00:00:00,39615,2016-04-05 18:47:13,2016,2016,March,March,21,7
2016-03-28 15:54:56,Ford_Gut_Erhaltenes_Treues_Fiesta_++_1_1/2_Jahre_TÜV,privat,Offer,525,control,kleinwagen,1998,manuell,60,fiesta,150000,Feb,Gasoline,ford,No,2016-03-28 00:00:00,59229,2016-04-06 20:46:45,2016,2016,March,March,18,10
2016-03-15 20:47:41,Ford_Fiesta,privat,Offer,150,test,kleinwagen,1989,manuell,60,fiesta,150000,Apr,Gasoline,ford,No,2016-03-15 00:00:00,93170,2016-03-16 18:52:08,2016,2016,March,March,27,8
2016-03-24 12:56:45,Ford_12/2005,privat,Offer,3850,test,kleinwagen,2005,manuell,116,galaxy,150000,Dec,Diesel,ford,No,2016-03-24 00:00:00,55566,2016-04-07 04:45:42,2016,2016,March,March,11,0
2016-03-13 15:47:43,Ford_Fiesta,privat,Offer,2220,test,kleinwagen,2003,manuell,69,fiesta,90000,Feb,Gasoline,ford,No,2016-03-13 00:00:00,32120,2016-03-28 13:46:09,2016,2016,March,March,13,10
2016-04-05 10:38:48,Ford_Fusion_1.6_Zahnriemen_neu_Klima,privat,Offer,2800,control,kleinwagen,2003,manuell,101,fusion,125000,Apr,Gasoline,ford,No,2016-04-05 00:00:00,72805,2016-04-05 10:38:48,2016,2016,April,April,13,8
2016-03-30 19:37:56,Ich_verkaufen_meine_Auto,privat,Offer,3700,test,kleinwagen,2006,Unspecified,116,focus,20000,Jun,,ford,Other,2016-03-30 00:00:00,51371,2016-04-07 10:46:54,2016,2016,March,March,10,6
2016-04-01 08:54:06,Gepflegter_Ford_Fiesta_/_Klima_/_ZV_/_Sitzheizung_/_4/5_Tuerer,privat,Offer,4900,test,kleinwagen,2009,manuell,82,fiesta,70000,Mar,Gasoline,ford,No,2016-04-01 00:00:00,28857,2016-04-01 09:38:18,2016,2016,April,April,7,9
2016-03-11 17:50:17,Ford_Fiesta_1_3L_mit_Steuerkette_Tuev_bis_06.2016_Fahrbereit.,privat,Offer,369,control,kleinwagen,1996,manuell,50,fiesta,125000,Oct,Gasoline,ford,No,2016-03-11 00:00:00,49661,2016-03-17 03:46:17,2016,2016,March,March,20,2
2016-04-03 11:58:09,Ford_Fiesta_1.3,privat,Offer,1650,control,kleinwagen,2003,manuell,60,fiesta,150000,Jan,Gasoline,ford,No,2016-04-03 00:00:00,31275,2016-04-03 11:58:09,2016,2016,April,April,13,11
2016-03-08 18:54:14,Verkaufe_Ford_Ka,privat,Offer,1000,test,kleinwagen,1997,manuell,60,ka,70000,Aug,Gasoline,ford,Other,2016-03-08 00:00:00,45143,2016-04-05 10:50:45,2016,2016,March,March,19,4
2016-04-01 16:36:21,Ford_Ka_zu_verkaufen.,privat,Offer,850,control,kleinwagen,1998,manuell,50,ka,50000,May,Gasoline,ford,No,2016-04-01 00:00:00,42551,2016-04-01 16:36:21,2016,2016,April,April,18,7
2016-04-02 14:25:26,Ford_Fiesta_1.4_TDCI_Ambiente,privat,Offer,2000,control,kleinwagen,2004,manuell,68,fiesta,150000,Sep,Diesel,ford,No,2016-04-02 00:00:00,60388,2016-04-03 15:37:41,2016,2016,April,April,12,3
2016-03-29 13:55:22,Ford_Fiesta,privat,Offer,750,control,kleinwagen,1998,automatik,75,fiesta,125000,Jul,Gasoline,ford,No,2016-03-29 00:00:00,47249,2016-04-05 23:17:46,2016,2016,March,March,18,5
2016-03-27 17:00:00,Ford_Fiesta_1.4_TDCI_Futura,privat,Offer,2000,test,kleinwagen,2004,manuell,68,fiesta,150000,Sep,Diesel,ford,No,2016-03-27 00:00:00,60388,2016-04-05 22:46:12,2016,2016,March,March,12,3
2016-03-07 18:53:36,Ford_Fiesta_1.4_Ambiente,privat,Offer,699,control,kleinwagen,2002,manuell,80,fiesta,150000,Nov,Gasoline,ford,No,2016-03-07 00:00:00,56564,2016-03-09 16:30:51,2016,2016,March,March,14,1
2016-03-10 17:53:47,Ford_ka_klima,privat,Offer,500,control,kleinwagen,2001,manuell,60,ka,125000,Jan,,ford,Other,2016-03-10 00:00:00,71336,2016-03-23 16:21:29,2016,2016,March,March,15,11
2016-03-26 23:56:50,Ersatzteilspender,privat,Offer,200,test,kleinwagen,1998,manuell,90,fiesta,150000,Jan,Gasoline,ford,Other,2016-03-26 00:00:00,50189,2016-03-30 12:18:06,2016,2016,March,March,18,11
2016-03-09 17:42:32,Ford_Ka_1.2_Titanium,privat,Offer,4250,test,kleinwagen,2010,manuell,69,ka,50000,Aug,Gasoline,ford,No,2016-03-09 00:00:00,80995,2016-03-23 09:18:27,2016,2016,March,March,6,4
2016-03-24 10:49:16,Schoener_Ford_Fiesta_mit_TÜV,privat,Offer,700,test,kleinwagen,1996,manuell,75,fiesta,150000,Jan,Gasoline,ford,No,2016-03-24 00:00:00,50259,2016-03-30 10:44:51,2016,2016,March,March,20,11
2016-03-19 18:50:11,Ford_Fiesta_BJ_2002_TOP,privat,Offer,1400,test,kleinwagen,2002,manuell,80,fiesta,150000,Oct,Gasoline,ford,No,2016-03-19 00:00:00,31627,2016-03-19 18:50:11,2016,2016,March,March,14,2
2016-03-12 17:56:10,Ford_Fiesta_1.3,privat,Offer,1999,test,kleinwagen,2006,manuell,75,fiesta,150000,Jan,Gasoline,ford,No,2016-03-12 00:00:00,92353,2016-04-01 13:44:46,2016,2016,March,March,10,11
2016-03-21 12:50:14,Ford_Fiesta_1_3_Bj_2001_KLIMA_SERVO_ALUFELGEN_nur_93000km_D4_Kat,privat,Offer,899,control,kleinwagen,2001,manuell,60,fiesta,100000,Jul,Gasoline,ford,Other,2016-03-21 00:00:00,10967,2016-03-28 07:44:35,2016,2016,March,March,15,5
2016-03-29 11:49:02,Ford_Fiesta_Style,privat,Offer,990,test,kleinwagen,1999,manuell,50,fiesta,150000,Mar,Gasoline,ford,No,2016-03-29 00:00:00,53894,2016-04-05 21:15:22,2016,2016,March,March,17,9
2016-03-23 15:49:49,Ford_Ka,privat,Offer,1100,test,kleinwagen,2001,manuell,60,ka,125000,Jan,Gasoline,ford,No,2016-03-23 00:00:00,12355,2016-03-29 10:44:53,2016,2016,March,March,15,11
2016-03-18 18:52:39,Ford_Fusion,privat,Offer,2990,control,kleinwagen,2003,manuell,101,fusion,100000,Mar,Gasoline,ford,No,2016-03-18 00:00:00,70599,2016-04-05 22:45:33,2016,2016,March,March,13,9
2016-03-17 10:36:57,Billiger_kleinwagen,privat,Offer,200,test,kleinwagen,1995,Unspecified,45,fiesta,150000,Jan,,ford,Other,2016-03-17 00:00:00,52531,2016-04-06 07:17:31,2016,2016,March,March,21,11
2016-03-17 13:58:05,Ford_Ka_1_3L_D3_Norm__Klima__Servo_Angemeldet_Voll_Fahrbereit,privat,Offer,350,control,kleinwagen,1999,manuell,60,ka,80000,Aug,Gasoline,ford,Other,2016-03-17 00:00:00,6844,2016-03-17 14:45:45,2016,2016,March,March,17,4
2016-03-26 15:51:35,Ford_Fiesta_1.3,privat,Offer,2600,test,kleinwagen,2003,manuell,60,fiesta,50000,Mar,Gasoline,ford,No,2016-03-26 00:00:00,71334,2016-03-29 18:18:09,2016,2016,March,March,13,9
2016-03-31 09:55:47,Ford_KA_mit_TÜV_zum_ausschlachten,privat,Offer,60,control,kleinwagen,2001,manuell,0,ka,150000,Jan,Gasoline,ford,Other,2016-03-31 00:00:00,73642,2016-03-31 10:46:03,2016,2016,March,March,15,11
2016-03-11 19:41:12,Ford_Fiesta_Style_Kool,privat,Offer,650,test,kleinwagen,1998,manuell,75,fiesta,100000,Nov,Gasoline,ford,No,2016-03-11 00:00:00,86156,2016-03-31 07:17:39,2016,2016,March,March,18,1
2016-03-15 14:39:37,Ford_Focus_1_8L_Zetec_Servo_Klima_Zv_Alufelgen_Orig_Sport,privat,Offer,249,control,kleinwagen,1999,manuell,116,focus,150000,Nov,Gasoline,ford,No,2016-03-15 00:00:00,47058,2016-03-17 08:45:48,2016,2016,March,March,17,1
2016-03-14 10:57:26,Ford_Fusion_1.4_16V,privat,Offer,1600,control,kleinwagen,2007,manuell,78,fusion,125000,Jan,Gasoline,ford,Yes,2016-03-14 00:00:00,55566,2016-03-14 11:43:12,2016,2016,March,March,9,11
2016-03-24 20:36:25,Ford_Fiesta_1.4,privat,Offer,2690,test,kleinwagen,2002,manuell,80,fiesta,150000,Jul,Gasoline,ford,No,2016-03-24 00:00:00,45307,2016-04-05 15:17:16,2016,2016,March,March,14,5
2016-03-31 09:53:38,Ford_Ka_mit_viele_Neuteile_Kupplung_Bremsen_usw.,privat,Offer,650,control,kleinwagen,2002,manuell,60,ka,125000,Mar,Gasoline,ford,Other,2016-03-31 00:00:00,70374,2016-03-31 10:38:50,2016,2016,March,March,14,9
2016-04-02 20:37:14,Ford_Fiesta_Style,privat,Offer,500,test,kleinwagen,1997,manuell,60,fiesta,150000,Jun,Gasoline,ford,No,2016-04-02 00:00:00,82178,2016-04-04 18:46:18,2016,2016,April,April,19,6
2016-03-26 19:38:30,Ford_Fusion_1.4_TDCI_Ambiente,privat,Offer,3690,control,kleinwagen,2006,manuell,68,fusion,90000,Jun,Diesel,ford,No,2016-03-26 00:00:00,89520,2016-04-06 09:15:54,2016,2016,March,March,10,6
2016-03-11 09:57:25,Ford_Focus_DAW_116PS_Guter_Zustand,privat,Offer,999,control,kleinwagen,2002,manuell,116,focus,150000,Sep,Gasoline,ford,No,2016-03-11 00:00:00,44805,2016-04-06 23:15:36,2016,2016,March,March,14,3
2016-03-11 22:51:54,Ford_Fiesta_1.4_Ghia_ZAHNRIEMEN_ERNEUERT_KLIMA_TÜV,privat,Offer,2999,control,kleinwagen,2003,manuell,80,fiesta,100000,Mar,Gasoline,ford,No,2016-03-11 00:00:00,45326,2016-04-01 04:45:13,2016,2016,March,March,13,9
2016-03-15 09:55:10,Ford_Focus_1_4_an_Bastler,privat,Offer,350,control,kleinwagen,1999,manuell,75,focus,150000,Feb,Gasoline,ford,Yes,2016-03-15 00:00:00,58453,2016-03-16 05:18:39,2016,2016,March,March,17,10
2016-03-08 18:50:52,Ford_ka_bj_2002,privat,Offer,350,test,kleinwagen,2002,manuell,60,ka,70000,Nov,,ford,Yes,2016-03-08 00:00:00,66287,2016-03-09 10:44:06,2016,2016,March,March,14,1
2016-03-09 15:58:05,Ford_Ka_1.3___TÜV_03/2018___Klima___Top_Geplegt,privat,Offer,1150,control,kleinwagen,1998,manuell,60,ka,125000,Aug,Gasoline,ford,No,2016-03-09 00:00:00,48282,2016-03-17 17:47:13,2016,2016,March,March,18,4
2016-03-16 23:38:15,Ford_Fiesta_1.3,privat,Offer,2899,test,kleinwagen,2005,manuell,69,fiesta,150000,Mar,Gasoline,ford,No,2016-03-16 00:00:00,66606,2016-03-25 03:46:07,2016,2016,March,March,11,9
2016-04-03 16:48:28,Ford_Fiesta_1.4,privat,Offer,2800,control,kleinwagen,2006,manuell,80,fiesta,150000,Sep,Gasoline,ford,No,2016-04-03 00:00:00,9474,2016-04-05 16:45:54,2016,2016,April,April,10,3
2016-03-29 00:57:12,Ford_Focus_ganz_sauber,privat,Offer,1899,test,kleinwagen,2002,manuell,0,focus,150000,Jan,Gasoline,ford,No,2016-03-28 00:00:00,30657,2016-04-05 13:45:14,2016,2016,March,March,14,11
2016-04-05 06:56:40,Ford_Fiesta,privat,Offer,1600,test,kleinwagen,2005,manuell,58,fiesta,150000,Mar,Gasoline,ford,Other,2016-04-05 00:00:00,92318,2016-04-07 10:17:50,2016,2016,April,April,11,9
2016-04-02 15:49:24,Tuev_abgelaufen_angemeldet_probefahrt_moeglich,privat,Offer,410,control,kleinwagen,2002,manuell,0,ka,150000,Oct,Gasoline,ford,Other,2016-04-02 00:00:00,33378,2016-04-06 14:45:53,2016,2016,April,April,14,2
2016-03-22 15:37:57,Ford_Fiesta_1999,privat,Offer,110,control,kleinwagen,1999,manuell,75,fiesta,150000,Apr,Gasoline,ford,Yes,2016-03-22 00:00:00,31840,2016-03-22 15:37:57,2016,2016,March,March,17,8
2016-03-25 20:53:02,Ford_ka_1_3_Tuev_10.2016,privat,Offer,0,control,kleinwagen,1997,manuell,0,ka,150000,Feb,Gasoline,ford,Other,2016-03-25 00:00:00,54413,2016-04-07 03:46:57,2016,2016,March,March,19,10
2016-04-04 07:37:02,Ford_Ka_mit_Tuev_07/2017_mit_Klima,privat,Offer,650,test,kleinwagen,2002,manuell,60,ka,125000,Aug,Gasoline,ford,No,2016-04-04 00:00:00,44339,2016-04-06 10:17:07,2016,2016,April,April,14,4
2016-03-26 20:37:57,FORD_Fiesta_1_6_l_SPORT,privat,Offer,1450,control,kleinwagen,2001,manuell,103,fiesta,150000,May,Gasoline,ford,No,2016-03-26 00:00:00,53844,2016-04-06 10:45:17,2016,2016,March,March,15,7
2016-03-15 20:48:27,Ford_Fiesta_1_4_80PS,privat,Offer,2650,test,kleinwagen,2005,manuell,80,fiesta,90000,Nov,Gasoline,ford,No,2016-03-15 00:00:00,46147,2016-04-05 00:46:44,2016,2016,March,March,11,1
2016-03-27 20:55:50,Ford_Fiesta_2.Hand_Tuv._06.2017_Sehr_Gut,privat,Offer,5600,control,kleinwagen,2010,manuell,60,fiesta,70000,Mar,Gasoline,ford,No,2016-03-27 00:00:00,59174,2016-04-05 19:45:39,2016,2016,March,March,6,9
2016-03-15 18:39:05,Fiester_Bj_2003_mit_80_ps_KLIMA,privat,Offer,1300,control,kleinwagen,2003,manuell,80,fiesta,150000,Jun,Gasoline,ford,Other,2016-03-15 00:00:00,44388,2016-03-20 15:16:47,2016,2016,March,March,13,6
2016-03-15 21:53:53,Ford_Fusion_1.4_KLIMA_RADIO/CD_NEU_TÜV,privat,Offer,2200,control,kleinwagen,2003,manuell,80,fusion,150000,Jun,Gasoline,ford,No,2016-03-15 00:00:00,71397,2016-03-23 07:50:17,2016,2016,March,March,13,6
2016-03-12 15:52:08,Ford_Fiesta__50_PS__EZ1999__voll_fahrbereit__Letzte_Preissenkung!,privat,Offer,149,control,kleinwagen,1999,manuell,50,fiesta,5000,Aug,Gasoline,ford,No,2016-03-12 00:00:00,92331,2016-03-15 21:17:48,2016,2016,March,March,17,4
2016-03-29 06:03:34,Ford_Fiesta_MK1_mit_Tuev_Neu_11.2017__und_Oldtimer_Abnahme,privat,Offer,2222,control,kleinwagen,1982,manuell,53,fiesta,150000,Mar,Gasoline,ford,No,2016-03-29 00:00:00,91616,2016-04-05 14:47:38,2016,2016,March,March,34,9
2016-03-12 16:31:21,FORD_FIESTA_KLIMA_TÜV_01/17,privat,Offer,250,control,kleinwagen,2001,manuell,75,fiesta,150000,Jun,Gasoline,ford,No,2016-03-12 00:00:00,35745,2016-03-13 20:30:43,2016,2016,March,March,15,6
2016-03-16 16:47:36,Ford_Ka,privat,Offer,2000,control,kleinwagen,2008,manuell,60,ka,150000,Jun,Gasoline,ford,No,2016-03-16 00:00:00,50354,2016-03-20 16:16:17,2016,2016,March,March,8,6
2016-04-01 17:42:42,Ford_Fiesta_1.4,privat,Offer,3998,test,kleinwagen,2007,manuell,82,fiesta,125000,Oct,Gasoline,ford,No,2016-04-01 00:00:00,21502,2016-04-05 12:47:14,2016,2016,April,April,9,2
2016-03-23 11:51:50,Ford_ka_mit_Steuerkette,privat,Offer,999,test,kleinwagen,2000,manuell,69,ka,150000,Mar,,ford,Other,2016-03-23 00:00:00,42853,2016-04-05 11:18:25,2016,2016,March,March,16,9
2016-03-23 12:54:36,Ford_Fiesta_TÜV_07/16_O.Tausch_GE_Handys_Laptop_oder_PlayStation,privat,Offer,249,control,kleinwagen,1997,manuell,0,fiesta,150000,Jan,Gasoline,ford,No,2016-03-23 00:00:00,45139,2016-04-05 12:45:12,2016,2016,March,March,19,11
2016-03-28 17:44:37,Ford_Ka_!_Ohne_TÜV_sehr_sauber_von_Privat!,privat,Offer,280,test,kleinwagen,2001,manuell,0,ka,150000,Oct,Gasoline,ford,Other,2016-03-28 00:00:00,21075,2016-04-01 02:17:07,2016,2016,March,March,15,2
2016-03-26 15:54:15,Ford_Fiesta_1.3__Rostfrei__5tuerer_Klima,privat,Offer,750,test,kleinwagen,1997,manuell,60,fiesta,125000,Feb,Gasoline,ford,No,2016-03-26 00:00:00,52441,2016-03-28 04:44:52,2016,2016,March,March,19,10
2016-04-04 20:55:50,Ford_Fiesta_1.3,privat,Offer,1200,control,kleinwagen,2003,manuell,60,fiesta,150000,Nov,Gasoline,ford,No,2016-04-04 00:00:00,54457,2016-04-04 20:55:50,2016,2016,April,April,13,1
2016-03-09 16:38:40,Ford_Fiesta_BJ._2002_mit_TÜV,privat,Offer,400,test,kleinwagen,2002,manuell,60,fiesta,150000,Jan,Gasoline,ford,Other,2016-03-09 00:00:00,99089,2016-03-10 12:17:31,2016,2016,March,March,14,11
2016-03-31 13:42:44,Ford_Fiesta_2_Jahre_TueV,privat,Offer,1100,control,kleinwagen,2002,manuell,60,fiesta,150000,May,Gasoline,ford,No,2016-03-31 00:00:00,27474,2016-04-06 05:46:56,2016,2016,March,March,14,7
2016-03-14 17:14:53,Ford_Ka_8fach_Alubereift_NEU_TÜV_3/18,privat,Offer,750,test,kleinwagen,1998,manuell,50,ka,90000,Jan,Gasoline,ford,No,2016-03-13 00:00:00,57520,2016-03-17 09:15:26,2016,2016,March,March,18,11
2016-04-03 11:36:25,Ford_Fiesta_1.25,privat,Offer,2380,control,kleinwagen,2004,manuell,69,fiesta,125000,Feb,Gasoline,ford,No,2016-04-03 00:00:00,34281,2016-04-07 12:44:39,2016,2016,April,April,12,10
2016-03-08 16:47:40,Ford_Ka,privat,Offer,500,test,kleinwagen,2001,manuell,60,ka,150000,Oct,Gasoline,ford,No,2016-03-08 00:00:00,32423,2016-03-12 15:17:11,2016,2016,March,March,15,2
2016-03-21 20:39:33,FORD_KA_1.3__BJ_2003__ROSTFREI__TÜV_NEU__VOLLAUSSTATTUNG,privat,Offer,999,control,kleinwagen,2003,manuell,60,ka,150000,Jun,Gasoline,ford,No,2016-03-21 00:00:00,51149,2016-03-21 20:39:33,2016,2016,March,March,13,6
2016-03-11 09:47:43,Fiesta_mit_wenig_Aufwand_herzurichten,privat,Offer,150,control,kleinwagen,1998,manuell,60,fiesta,125000,Jul,,ford,Yes,2016-03-11 00:00:00,25436,2016-03-11 22:45:44,2016,2016,March,March,18,5
2016-04-05 06:55:59,***_ACHTUNG_FORD_KA_MIT_NEU_TÜV_BIS_04/2018_ZU_VERKAUFEN_***,privat,Offer,1350,test,kleinwagen,2002,manuell,60,ka,150000,Aug,Gasoline,ford,Other,2016-04-05 00:00:00,25855,2016-04-07 10:44:29,2016,2016,April,April,14,4
2016-04-02 19:44:20,Ford_ka_1_3,privat,Offer,950,control,kleinwagen,2005,manuell,70,ka,70000,Apr,Gasoline,ford,No,2016-04-02 00:00:00,22119,2016-04-06 19:45:06,2016,2016,April,April,11,8
2016-03-17 12:52:26,Ford_Fiesta_60_PS,privat,Offer,50,test,kleinwagen,1995,manuell,60,fiesta,150000,Jan,Gasoline,ford,Yes,2016-03-17 00:00:00,6842,2016-04-06 15:17:13,2016,2016,March,March,21,11
2016-03-29 20:48:41,Ford_Focus_1.6_16V,privat,Offer,1250,test,kleinwagen,1999,manuell,101,focus,150000,May,Gasoline,ford,No,2016-03-29 00:00:00,42551,2016-04-06 07:17:07,2016,2016,March,March,17,7
2016-03-17 09:49:50,Ford_Ka_1.2_Trend,privat,Offer,4500,test,kleinwagen,2010,manuell,69,ka,40000,Dec,Gasoline,ford,No,2016-03-17 00:00:00,53129,2016-03-21 12:17:03,2016,2016,March,March,6,0
2016-03-11 13:49:35,Ford_Fiesta_1.4_TDCI_Ambiente,privat,Offer,1899,test,kleinwagen,2005,manuell,68,fiesta,150000,Mar,Diesel,ford,No,2016-03-11 00:00:00,59269,2016-03-16 21:47:35,2016,2016,March,March,11,9
2016-03-22 12:53:02,Ford_Fiesta_MK6,privat,Offer,2450,control,kleinwagen,2006,manuell,80,fiesta,150000,Mar,Gasoline,ford,No,2016-03-22 00:00:00,41539,2016-03-22 12:53:02,2016,2016,March,March,10,9
2016-04-02 16:59:02,Ford_ka_mit_Steuerkette,privat,Offer,999,control,kleinwagen,2000,manuell,67,ka,150000,Aug,Gasoline,ford,Other,2016-04-02 00:00:00,42857,2016-04-06 16:16:10,2016,2016,April,April,16,4
2016-03-19 15:06:43,Ford_Fiesta_D,privat,Offer,3299,test,kleinwagen,2005,manuell,0,fiesta,50000,May,Gasoline,ford,Yes,2016-03-19 00:00:00,35683,2016-04-01 10:46:52,2016,2016,March,March,11,7
2016-04-05 08:55:41,Ford_Ka_von_2007._1.2_l_TÜV_neue_Bremsen+Scheiben.118_tkm,privat,Offer,1250,test,kleinwagen,2007,manuell,0,ka,125000,Jan,Gasoline,ford,No,2016-04-05 00:00:00,47799,2016-04-05 09:47:40,2016,2016,April,April,9,11
2016-03-24 08:55:07,Ford_Fiesta_1.3_Fun_X,privat,Offer,4650,control,kleinwagen,2007,manuell,60,fiesta,20000,Aug,Gasoline,ford,No,2016-03-24 00:00:00,34292,2016-03-30 07:46:42,2016,2016,March,March,9,4
2016-03-22 16:50:22,Ford_Ka_EZ.05/2002_TÜV_bis_06/16_mit_elektr._Faltdach,privat,Offer,750,test,kleinwagen,2002,manuell,0,ka,80000,May,Gasoline,ford,Other,2016-03-22 00:00:00,21614,2016-04-06 07:17:32,2016,2016,March,March,14,7
2016-03-30 10:53:52,Ford_SportsKa___mit_toller_Ausstattung_und_sofort_Fahrbereit,privat,Offer,850,test,kleinwagen,2002,manuell,50,ka,125000,Mar,,ford,No,2016-03-30 00:00:00,71083,2016-04-07 02:15:54,2016,2016,March,March,14,9
2016-04-04 16:51:26,Super_sparsamer_Ford_ka,privat,Offer,300,test,kleinwagen,1998,manuell,44,ka,150000,Feb,Gasoline,ford,Other,2016-04-04 00:00:00,40227,2016-04-04 16:51:26,2016,2016,April,April,18,10
2016-03-11 16:57:12,Ford_Fiesta_1.6_TDCI,privat,Offer,1350,test,kleinwagen,2005,manuell,90,fiesta,150000,Jun,Diesel,ford,Yes,2016-03-11 00:00:00,35625,2016-04-06 15:15:20,2016,2016,March,March,11,6
2016-03-16 19:46:27,Ford_Fiesta,privat,Offer,950,test,kleinwagen,1994,automatik,60,fiesta,125000,Sep,Gasoline,ford,No,2016-03-16 00:00:00,70437,2016-03-30 14:17:43,2016,2016,March,March,22,3
2016-03-15 22:48:10,Biete_einen_Ford_Focus_an.Tuev/ASU_bis_01/2017__1.6,privat,Offer,2300,control,kleinwagen,2004,automatik,0,focus,150000,May,Gasoline,ford,Other,2016-03-15 00:00:00,12353,2016-03-17 21:16:40,2016,2016,March,March,12,7
2016-03-23 15:47:29,Ford_Fiesta_1.4_Klima,privat,Offer,1150,test,kleinwagen,2005,manuell,80,fiesta,150000,May,Gasoline,ford,Yes,2016-03-23 00:00:00,90537,2016-03-23 15:47:29,2016,2016,March,March,11,7
2016-04-01 13:49:36,Ford_Fiesta_Style,privat,Offer,1200,test,kleinwagen,2002,manuell,60,fiesta,150000,Mar,Gasoline,ford,No,2016-04-01 00:00:00,38640,2016-04-07 10:45:52,2016,2016,April,April,14,9
2016-03-12 14:53:16,Ford_Fiesta_1.3_Liter_mit_Klima_TAUSCH_MÖGLICH,privat,Offer,1050,test,kleinwagen,1998,manuell,60,fiesta,150000,Oct,Gasoline,ford,No,2016-03-12 00:00:00,52068,2016-03-14 06:45:14,2016,2016,March,March,18,2
2016-03-14 20:44:06,Ford_Ka_TUV_AU_11.2017,privat,Offer,900,control,kleinwagen,1998,Unspecified,60,ka,150000,Jul,Gasoline,ford,Other,2016-03-14 00:00:00,48429,2016-04-06 07:46:49,2016,2016,March,March,18,5
2016-03-11 20:53:13,Ford_Fiesta_4_tuerig,privat,Offer,890,control,kleinwagen,2000,manuell,75,fiesta,150000,Sep,Gasoline,ford,No,2016-03-11 00:00:00,67065,2016-03-15 15:19:32,2016,2016,March,March,16,3
2016-04-01 20:47:28,Ford_Fiesta_V_1.25_16V_Finesse_100_/_TÜV_Neu,privat,Offer,1990,test,kleinwagen,2003,manuell,70,fiesta,150000,Aug,Gasoline,ford,Other,2016-04-01 00:00:00,66333,2016-04-05 18:16:59,2016,2016,April,April,13,4
2016-03-20 12:43:16,Ford_Fiesta_1.4_TDCI,privat,Offer,3299,test,kleinwagen,2003,manuell,68,fiesta,150000,Jun,Diesel,ford,No,2016-03-20 00:00:00,89284,2016-04-06 11:17:49,2016,2016,March,March,13,6
2016-03-31 06:36:53,Ford_fiesta_1.2_78000km,privat,Offer,4999,control,kleinwagen,2009,manuell,75,fiesta,80000,Jan,,ford,No,2016-03-31 00:00:00,49477,2016-04-06 02:16:13,2016,2016,March,March,7,11
2016-03-26 19:50:40,FIESTA_*_5_tuerig__Klima__Rueckfahrsensoren_ALU__werkstattgepflegt,privat,Offer,4550,control,kleinwagen,2006,manuell,80,fiesta,80000,Feb,Gasoline,ford,Other,2016-03-26 00:00:00,2708,2016-04-06 09:46:57,2016,2016,March,March,10,10
2016-04-04 21:36:59,Ford_Fiesta_JD3_grau_BJ_2008_KM_134.000,privat,Offer,2900,test,kleinwagen,2008,manuell,80,fiesta,150000,Feb,Gasoline,ford,No,2016-04-04 00:00:00,54516,2016-04-07 00:15:24,2016,2016,April,April,8,10
2016-03-18 21:43:13,Ford_Ka,privat,Offer,590,control,kleinwagen,2005,manuell,60,ka,125000,Aug,Gasoline,ford,No,2016-03-18 00:00:00,23560,2016-03-18 21:43:13,2016,2016,March,March,11,4
2016-03-30 10:56:04,Ford_Fiesta_Bj._1996_/_60_ps_Bastler,privat,Offer,300,test,kleinwagen,1996,manuell,60,fiesta,150000,Feb,Gasoline,ford,Other,2016-03-30 00:00:00,33449,2016-04-07 02:15:59,2016,2016,March,March,20,10
2016-03-22 13:50:09,Ford_Fiesta_1.4,privat,Offer,2200,control,kleinwagen,2005,manuell,80,fiesta,125000,Jul,Gasoline,ford,No,2016-03-22 00:00:00,36037,2016-03-22 13:50:09,2016,2016,March,March,11,5
2016-03-13 16:46:18,Ford_Fiesta_Tuev_6.19.,privat,Offer,350,test,kleinwagen,1996,manuell,60,fiesta,150000,Jan,,ford,Other,2016-03-13 00:00:00,17109,2016-03-30 04:44:35,2016,2016,March,March,20,11
2016-03-21 02:00:11,Ford_fiesta_sehr_sparsam,privat,Offer,2300,test,kleinwagen,2004,manuell,0,fiesta,125000,Jan,,ford,No,2016-03-21 00:00:00,86156,2016-03-31 07:44:45,2016,2016,March,March,12,11
2016-04-02 19:44:23,Ford_Fiesta_1.6_TDCI,privat,Offer,2500,control,kleinwagen,2006,manuell,90,fiesta,150000,Dec,Diesel,ford,No,2016-04-02 00:00:00,22769,2016-04-06 19:45:06,2016,2016,April,April,10,0
2016-03-17 12:52:53,Ford_Ka,privat,Offer,890,test,kleinwagen,1997,manuell,50,ka,80000,Jul,Gasoline,ford,No,2016-03-17 00:00:00,47506,2016-04-06 16:45:45,2016,2016,March,March,19,5
2016-03-28 21:52:37,Ford_fiesta_guenstig_abzugeben,privat,Offer,400,control,kleinwagen,2001,manuell,55,fiesta,5000,Jan,Gasoline,ford,No,2016-03-28 00:00:00,28844,2016-03-28 21:52:37,2016,2016,March,March,15,11
2016-03-09 17:58:35,Ford_ka_gepflegt_mit_neu_Tuev_!!!!,privat,Offer,1150,test,kleinwagen,2004,manuell,0,ka,150000,May,Gasoline,ford,Other,2016-03-09 00:00:00,50969,2016-03-10 14:16:33,2016,2016,March,March,12,7
2016-03-27 22:55:09,Ford_Fiesta_elektr._FALTDACH,privat,Offer,1299,test,kleinwagen,2000,manuell,60,fiesta,100000,Jul,Gasoline,ford,No,2016-03-27 00:00:00,34123,2016-04-06 06:17:14,2016,2016,March,March,16,5
2016-03-31 21:47:08,Ford_Ka,privat,Offer,1399,test,kleinwagen,2004,manuell,60,ka,80000,Jul,Gasoline,ford,No,2016-03-31 00:00:00,25524,2016-04-04 15:46:04,2016,2016,March,March,12,5
2016-03-07 17:47:35,Ford_Fiesta___Kleinwagen___Billig___letzte_Gelegenheit,privat,Offer,100,test,kleinwagen,1998,manuell,60,fiesta,150000,May,Gasoline,ford,Yes,2016-03-07 00:00:00,18055,2016-03-09 06:45:33,2016,2016,March,March,18,7
2016-03-26 11:53:00,Top_Ford_Ka_mit_Neuem_TÜV,privat,Offer,1150,control,kleinwagen,2002,manuell,60,ka,125000,Aug,Gasoline,ford,No,2016-03-26 00:00:00,40233,2016-04-06 00:15:22,2016,2016,March,March,14,4
2016-04-04 20:53:47,Ford_KA_*Neue_TÜV_Bis_4/2018*_EZJ.:_2005,privat,Offer,995,control,kleinwagen,2005,manuell,70,ka,125000,May,Gasoline,ford,Other,2016-04-04 00:00:00,55543,2016-04-04 20:53:47,2016,2016,April,April,11,7
2016-03-30 17:50:54,Ford_Ka,privat,Offer,999,control,kleinwagen,2002,manuell,60,ka,70000,Mar,Gasoline,ford,No,2016-03-30 00:00:00,73734,2016-04-07 08:45:47,2016,2016,March,March,14,9
2016-03-10 21:56:08,Verkaufe_einen_Ford_Fiesta,privat,Offer,250,control,kleinwagen,1996,manuell,55,fiesta,150000,Jan,Diesel,ford,No,2016-03-10 00:00:00,47589,2016-04-06 22:16:00,2016,2016,March,March,20,11
2016-03-22 09:55:09,Ford_Fiesta,privat,Offer,2450,test,kleinwagen,2006,manuell,80,fiesta,150000,Mar,Gasoline,ford,No,2016-03-22 00:00:00,41541,2016-03-22 10:45:36,2016,2016,March,March,10,9
2016-03-18 11:48:16,Ford_Fiesta_Tuev_1_/_17_sehr_zuverlaessig!,privat,Offer,790,control,kleinwagen,1999,manuell,50,Other,150000,Jun,Gasoline,ford,No,2016-03-18 00:00:00,37520,2016-03-20 05:16:27,2016,2016,March,March,17,6
2016-03-24 20:59:20,Ford_Fiesta_1.4_Ghia,privat,Offer,4370,test,kleinwagen,2005,manuell,80,fiesta,20000,Feb,Gasoline,ford,No,2016-03-24 00:00:00,82216,2016-03-30 23:16:12,2016,2016,March,March,11,10
2016-03-24 22:57:27,Ford_Fiesta__Klima_4/5_Tuerer_Zahnriemen_Tuev_09/16,privat,Offer,300,control,kleinwagen,2000,manuell,75,fiesta,150000,Mar,Gasoline,ford,No,2016-03-24 00:00:00,54294,2016-03-25 06:41:13,2016,2016,March,March,16,9
2016-04-02 18:49:28,Ford_Fiesta_1.6_Sport,privat,Offer,2750,control,kleinwagen,2007,manuell,101,fiesta,150000,Jun,Gasoline,ford,No,2016-04-02 00:00:00,53773,2016-04-06 18:47:31,2016,2016,April,April,9,6
2016-04-01 16:52:41,Frord_Focus_TÜV_11_2017,privat,Offer,750,control,kleinwagen,1999,manuell,75,focus,150000,Jun,Gasoline,ford,No,2016-04-01 00:00:00,31275,2016-04-03 13:18:22,2016,2016,April,April,17,6
2016-03-22 22:53:37,Osterangebot,privat,Offer,555,control,kleinwagen,1999,manuell,50,fiesta,125000,Dec,,ford,Other,2016-03-22 00:00:00,34431,2016-03-28 21:45:24,2016,2016,March,March,17,0
2016-03-15 01:01:56,Ford_fiesta_1.6_TDI_PS_90_titanium,privat,Offer,4800,test,kleinwagen,2009,manuell,90,fiesta,80000,Oct,Diesel,ford,No,2016-03-15 00:00:00,82377,2016-03-30 23:47:42,2016,2016,March,March,7,2
2016-03-22 10:36:17,Ford_Fiesta_1.6_Ambiente,privat,Offer,2340,control,kleinwagen,2003,manuell,101,fiesta,125000,Aug,Gasoline,ford,No,2016-03-22 00:00:00,16761,2016-04-06 00:15:38,2016,2016,March,March,13,4
2016-03-07 00:41:21,FORD_KA_silber_+Klima_+CD_Radio_+TÜV_07/16___nur_kleinere_Maengel!,privat,Offer,400,test,kleinwagen,1999,manuell,60,ka,150000,Sep,Gasoline,ford,No,2016-03-06 00:00:00,58339,2016-03-08 10:45:53,2016,2016,March,March,17,3
2016-03-15 19:49:40,Ford_Fusion_1.4_+,privat,Offer,4950,control,kleinwagen,2010,manuell,80,fusion,60000,Sep,Gasoline,ford,No,2016-03-15 00:00:00,90579,2016-03-30 09:47:22,2016,2016,March,March,6,3
2016-04-04 21:45:15,Ford_Fiesta_1_4_TDCI_mit_neue_Tuev,privat,Offer,3500,test,kleinwagen,2006,manuell,0,fiesta,150000,Jan,,ford,Other,2016-04-04 00:00:00,79336,2016-04-07 00:16:33,2016,2016,April,April,10,11
2016-04-02 02:57:26,Ford_Fiesta_LPG_1_4_L__68_KW,privat,Offer,4399,control,kleinwagen,2009,manuell,92,fiesta,150000,Oct,,ford,Other,2016-04-02 00:00:00,37671,2016-04-06 06:17:07,2016,2016,April,April,7,2
2016-03-10 13:48:06,Ford_Fiesta_2.0_ST,privat,Offer,3999,test,kleinwagen,2005,manuell,150,fiesta,150000,Sep,Gasoline,ford,No,2016-03-10 00:00:00,67454,2016-04-07 09:45:36,2016,2016,March,March,11,3
2016-03-16 17:36:53,Auto_Tausch_Verkauf_Ford_Fiesta_Sport_1.6,privat,Offer,1700,control,kleinwagen,2000,manuell,103,fiesta,150000,Jul,Gasoline,ford,No,2016-03-16 00:00:00,23715,2016-04-01 02:17:34,2016,2016,March,March,16,5
2016-04-04 00:54:00,Ford_Fiesta_1.3,privat,Offer,2250,test,kleinwagen,2004,manuell,60,fiesta,125000,May,Gasoline,ford,No,2016-04-03 00:00:00,81377,2016-04-04 06:48:15,2016,2016,April,April,12,7
2016-03-26 22:36:19,Ford_Ka_1.3_TDCi_Innen_beige,privat,Offer,4499,test,kleinwagen,2009,manuell,75,ka,125000,Jun,Diesel,ford,No,2016-03-26 00:00:00,57078,2016-04-07 02:46:52,2016,2016,March,March,7,6
2016-04-03 19:52:05,Ford__ka_Kleinwagen,privat,Offer,4650,test,kleinwagen,2009,manuell,69,ka,50000,May,Gasoline,ford,No,2016-04-03 00:00:00,50181,2016-04-05 20:45:17,2016,2016,April,April,7,7
2016-04-02 21:51:12,Ford_Fiesta_1.3,privat,Offer,3950,test,kleinwagen,2005,manuell,60,fiesta,40000,Jul,Gasoline,ford,No,2016-04-02 00:00:00,38229,2016-04-06 23:44:42,2016,2016,April,April,11,5
2016-03-12 09:48:22,Ford_Fiesta_44_kw/60_PS____grau___an_Bastler__ohne_Tuev!,privat,Offer,400,control,kleinwagen,2000,manuell,60,fiesta,150000,Sep,Gasoline,ford,No,2016-03-12 00:00:00,26607,2016-03-25 08:45:20,2016,2016,March,March,16,3
2016-03-25 08:57:21,Ford_KA_mit_Flip_Flop_Lackierung,privat,Offer,2727,control,kleinwagen,2005,manuell,69,ka,125000,Feb,Gasoline,ford,No,2016-03-25 00:00:00,82481,2016-04-06 07:16:12,2016,2016,March,March,11,10
2016-03-25 00:56:00,Ford_Focus_1.6,privat,Offer,700,control,kleinwagen,2001,manuell,0,focus,150000,May,Gasoline,ford,Yes,2016-03-25 00:00:00,99310,2016-03-26 17:15:17,2016,2016,March,March,15,7
2016-03-05 16:47:59,Ford_Fiesta_*TÜV_NEU*_*Bremsen_NEU*,privat,Offer,3999,control,kleinwagen,2009,manuell,60,fiesta,125000,Mar,Gasoline,ford,No,2016-03-05 00:00:00,15864,2016-04-07 11:46:44,2016,2016,March,March,7,9
2016-04-04 18:41:48,Verkaufe_Ford_Fiesta_Style,privat,Offer,350,test,kleinwagen,1997,manuell,75,fiesta,150000,Mar,Gasoline,ford,No,2016-04-04 00:00:00,37633,2016-04-06 20:44:43,2016,2016,April,April,19,9
2016-03-14 19:41:16,Ford_KA___blau,privat,Offer,299,control,kleinwagen,2001,manuell,60,ka,150000,Sep,Gasoline,ford,No,2016-03-14 00:00:00,15859,2016-03-19 08:15:12,2016,2016,March,March,15,3
2016-04-01 10:55:05,Ford_Fiesta,privat,Offer,690,control,kleinwagen,1995,manuell,50,fiesta,125000,Jun,Gasoline,ford,No,2016-04-01 00:00:00,97340,2016-04-01 10:55:05,2016,2016,April,April,21,6
2016-03-08 11:37:36,Kopplung_Schaeden,privat,Offer,499,control,kleinwagen,1997,manuell,0,fiesta,5000,May,Diesel,ford,Other,2016-03-08 00:00:00,25337,2016-04-07 07:44:31,2016,2016,March,March,19,7
2016-03-29 22:41:48,Ford_Fiesta,privat,Offer,400,test,kleinwagen,1995,manuell,50,fiesta,125000,Aug,Gasoline,ford,No,2016-03-29 00:00:00,89407,2016-04-06 09:17:15,2016,2016,March,March,21,4
2016-03-05 15:46:03,Top_Ford_Ka,privat,Offer,1300,control,kleinwagen,2004,manuell,60,ka,70000,Jun,Gasoline,ford,No,2016-03-05 00:00:00,52499,2016-04-07 14:58:43,2016,2016,March,March,12,6
2016-03-14 19:37:18,Ford_Fiesta,privat,Offer,1695,control,kleinwagen,2004,manuell,0,fiesta,150000,Jun,Diesel,ford,Other,2016-03-14 00:00:00,30823,2016-03-29 18:45:26,2016,2016,March,March,12,6
2016-03-08 09:50:49,Ford_Fiesta_1988,privat,Offer,1500,control,kleinwagen,1988,manuell,49,fiesta,125000,Aug,Gasoline,ford,No,2016-03-08 00:00:00,38350,2016-04-06 20:19:28,2016,2016,March,March,28,4
2016-03-22 09:37:00,Ford_Fiesta_Silber_5_Tuerer_HU_Neu,privat,Offer,1445,test,kleinwagen,2002,manuell,102,fiesta,150000,Feb,Gasoline,ford,No,2016-03-22 00:00:00,31655,2016-04-05 19:47:54,2016,2016,March,March,14,10
2016-04-04 23:55:05,Ford_Ka_Top_Zustand_!!!,privat,Offer,1750,control,kleinwagen,2003,manuell,69,ka,80000,Jan,Gasoline,ford,No,2016-04-04 00:00:00,88433,2016-04-07 10:15:25,2016,2016,April,April,13,11
2016-03-19 19:41:49,Ford_Fiesta_1.25_Titanium,privat,Offer,5700,control,kleinwagen,2009,manuell,82,fiesta,100000,Jan,Gasoline,ford,No,2016-03-19 00:00:00,31319,2016-03-30 16:18:17,2016,2016,March,March,7,11
2016-03-09 13:56:23,Ford_Fiesta_1.4_Trend_*TÜV_05/17*_*Klima*_*Sommer/Winterreifen*,privat,Offer,2190,control,kleinwagen,2002,manuell,80,fiesta,150000,Aug,Gasoline,ford,No,2016-03-09 00:00:00,30519,2016-03-09 13:56:23,2016,2016,March,March,14,4
2016-03-27 21:49:29,Ford_Ka_1.2_Titanium,privat,Offer,3599,test,kleinwagen,2009,manuell,69,ka,100000,Mar,Gasoline,ford,No,2016-03-27 00:00:00,52457,2016-04-05 20:47:31,2016,2016,March,March,7,9
2016-03-07 15:57:52,Ford_ka_an_Bastler_oder_zum_Ausschlachten,privat,Offer,200,control,kleinwagen,2002,manuell,44,ka,150000,Aug,Gasoline,ford,Yes,2016-03-07 00:00:00,29313,2016-03-21 02:16:49,2016,2016,March,March,14,4
2016-03-08 16:57:42,Ford_Fiesta_1.4_Ambiente,privat,Offer,3200,test,kleinwagen,2006,manuell,80,fiesta,150000,Oct,Gasoline,ford,No,2016-03-08 00:00:00,91448,2016-03-12 16:44:52,2016,2016,March,March,10,2
2016-03-30 19:51:57,Ford_Ka_1.2__49000_Km_Inspection_Neu_TOP_GEPFLEGT,privat,Offer,4499,test,kleinwagen,2009,manuell,69,ka,50000,Jun,Gasoline,ford,No,2016-03-30 00:00:00,26133,2016-04-07 11:45:42,2016,2016,March,March,7,6
2016-03-10 21:06:25,Ford_***Tuev_und_HU_Neu__890000_KM_Top_Zustand***,privat,Offer,1500,test,kleinwagen,2002,manuell,60,ka,150000,Mar,Gasoline,ford,No,2016-03-10 00:00:00,60487,2016-03-12 01:16:22,2016,2016,March,March,14,9
2016-03-15 12:48:44,FORD_KA_GEPFLEGT__SERVO__KLIMA___MIT_NEUEM_TÜV,privat,Offer,999,control,kleinwagen,2000,manuell,60,ka,150000,Jan,Gasoline,ford,Other,2016-03-15 00:00:00,50769,2016-03-20 07:17:03,2016,2016,March,March,16,11
2016-03-20 09:56:54,Ford_Fiesta_C___TÜV_Neu,privat,Offer,700,control,kleinwagen,1994,manuell,50,fiesta,150000,Apr,Gasoline,ford,No,2016-03-20 00:00:00,88690,2016-03-20 10:42:12,2016,2016,March,March,22,8
2016-03-15 15:50:04,Auto.,privat,Offer,1150,test,kleinwagen,2006,manuell,0,ka,125000,Aug,Gasoline,ford,Other,2016-03-15 00:00:00,61231,2016-03-17 06:45:16,2016,2016,March,March,10,4
2016-04-05 08:37:39,Verkaufe_Ford_Ka,privat,Offer,650,test,kleinwagen,1999,manuell,60,ka,60000,Jan,,ford,No,2016-04-05 00:00:00,66299,2016-04-05 09:43:23,2016,2016,April,April,17,11
2016-04-01 01:36:41,Ford_Ka_Lufthansa_Edition_Volleder_Klima_El.Fenstrer_Bastlerfahrz,privat,Offer,80,control,kleinwagen,1997,manuell,60,ka,150000,Nov,Gasoline,ford,Yes,2016-04-01 00:00:00,86368,2016-04-07 05:44:34,2016,2016,April,April,19,1
2016-03-09 19:37:22,Ford_fiesta,privat,Offer,590,test,kleinwagen,1998,Unspecified,0,fiesta,80000,Nov,Gasoline,ford,No,2016-03-09 00:00:00,32791,2016-03-11 15:46:53,2016,2016,March,March,18,1
2016-03-07 11:51:56,Ford_Fiesta_5tuerer_guenstig_abzugeben,privat,Offer,499,test,kleinwagen,1998,manuell,50,fiesta,125000,Aug,Gasoline,ford,Yes,2016-03-07 00:00:00,71116,2016-03-12 18:44:48,2016,2016,March,March,18,4
2016-03-11 19:49:17,Ford_Fiesta_1.3,privat,Offer,1998,test,kleinwagen,2004,manuell,69,fiesta,125000,Feb,Gasoline,ford,No,2016-03-11 00:00:00,32547,2016-03-13 01:16:24,2016,2016,March,March,12,10
2016-03-05 19:46:29,Ford_Fiesta_1.3_Fun,privat,Offer,3300,test,kleinwagen,2006,manuell,69,fiesta,90000,Nov,Gasoline,ford,No,2016-03-05 00:00:00,50354,2016-03-06 03:46:37,2016,2016,March,March,10,1
2016-03-28 13:50:34,??Ford_Ka_TÜV_Neu_??Klima_??,privat,Offer,999,test,kleinwagen,2001,manuell,0,ka,5000,Jan,,ford,No,2016-03-28 00:00:00,4207,2016-04-04 16:16:08,2016,2016,March,March,15,11
2016-03-10 23:56:52,Ford_Fiesta_1.4__erst_77_Tkm__Zahnriemen_/_Insp._neu,privat,Offer,4790,test,kleinwagen,2008,manuell,80,fiesta,80000,Mar,Gasoline,ford,No,2016-03-10 00:00:00,6729,2016-03-26 14:45:59,2016,2016,March,March,8,9
2016-03-14 20:52:58,Fiesta_Ambiente__5_tuerig__Schiebedach__1_2L__51KW,privat,Offer,2350,control,kleinwagen,2003,manuell,70,fiesta,125000,Dec,Gasoline,ford,Other,2016-03-14 00:00:00,66780,2016-03-17 11:17:17,2016,2016,March,March,13,0
2016-03-11 13:25:52,Ford_Fiesta_1.3_Ambiente_TOP_ZUSTAND,privat,Offer,3250,test,kleinwagen,2005,manuell,69,fiesta,80000,Oct,Gasoline,ford,No,2016-03-11 00:00:00,56470,2016-03-26 10:44:25,2016,2016,March,March,11,2
2016-03-25 23:54:35,Ford_Fiesta_1_25_MK4_JAS_JBS_Zetec_Tuev_05/2017_oder_neu,privat,Offer,850,control,kleinwagen,1998,manuell,75,fiesta,125000,Nov,Gasoline,ford,No,2016-03-25 00:00:00,9575,2016-03-29 08:44:45,2016,2016,March,March,18,1
2016-03-05 15:50:45,Ford_KA_mit_Tuev_bis_Mai_16_VB,privat,Offer,100,control,kleinwagen,2005,manuell,60,ka,100000,Apr,Gasoline,ford,Other,2016-03-05 00:00:00,96237,2016-03-05 15:50:45,2016,2016,March,March,11,8
2016-03-20 11:54:00,Ford_Fiesta_1.3_Ambiente,privat,Offer,2150,test,kleinwagen,2005,manuell,69,fiesta,150000,Apr,Gasoline,ford,No,2016-03-20 00:00:00,16321,2016-04-06 10:16:29,2016,2016,March,March,11,8
2016-03-26 22:55:28,Ford_Ka_mit_Tuev_490_FESTPREIS!!!!!,privat,Offer,490,test,kleinwagen,1999,manuell,50,ka,70000,Jan,,ford,Other,2016-03-26 00:00:00,51371,2016-03-27 07:42:19,2016,2016,March,March,17,11
2016-03-20 18:46:11,Ford_Fiesta_1.4,privat,Offer,4500,test,kleinwagen,2007,manuell,80,fiesta,80000,Nov,Gasoline,ford,No,2016-03-20 00:00:00,2794,2016-04-07 02:16:08,2016,2016,March,March,9,1
2016-03-10 13:47:14,Ford_Focus_TÜV_bis_Maerz_2018_!,privat,Offer,1599,test,kleinwagen,1998,manuell,115,focus,150000,Aug,Gasoline,ford,No,2016-03-10 00:00:00,34128,2016-04-07 09:45:20,2016,2016,March,March,18,4
2016-03-12 21:53:45,Ford_ka_zum_verkaufen,privat,Offer,500,test,kleinwagen,2001,manuell,0,ka,20000,Oct,Gasoline,ford,No,2016-03-12 00:00:00,40764,2016-03-12 21:53:45,2016,2016,March,March,15,2
2016-03-25 13:53:24,Ford_Ka_1.2_Titanium,privat,Offer,4850,test,kleinwagen,2009,manuell,69,ka,70000,Jul,Gasoline,ford,No,2016-03-25 00:00:00,42653,2016-04-04 15:15:53,2016,2016,March,March,7,5
2016-03-23 10:57:02,Ford_Fiesta__Bj._1996__fuer_Bastler,privat,Offer,150,control,kleinwagen,1996,Unspecified,55,fiesta,100000,Jul,Gasoline,ford,Yes,2016-03-23 00:00:00,63071,2016-04-07 12:16:51,2016,2016,March,March,20,5
2016-03-16 23:06:57,Super_spritziger_Ford_Fiesta_1.4_80_PS,privat,Offer,3500,control,kleinwagen,2006,manuell,80,fiesta,150000,Dec,Gasoline,ford,Other,2016-03-16 00:00:00,56276,2016-03-27 22:48:00,2016,2016,March,March,10,0
2016-04-03 08:59:47,Ford_Fiesta_mit_tuev__Paul_Braun_,privat,Offer,380,test,kleinwagen,1991,manuell,50,fiesta,150000,Jan,,ford,No,2016-04-03 00:00:00,71263,2016-04-03 09:47:45,2016,2016,April,April,25,11
2016-03-27 20:45:25,FORD_KA_MIT_SERVO_2002_TÜV_NEU_3_2018_ORIG_117500km_TOP_ZUSTAND!,privat,Offer,1150,control,kleinwagen,2002,manuell,60,ka,125000,Jun,Gasoline,ford,Other,2016-03-27 00:00:00,50825,2016-04-05 19:16:38,2016,2016,March,March,14,6
2016-04-03 15:39:31,Ford_Fiesta_TÜV_11/17_8_Fach_bereift_usw_Schaut_in_meine_Anzeige,privat,Offer,998,test,kleinwagen,1999,Unspecified,60,fiesta,150000,Sep,Gasoline,ford,No,2016-04-03 00:00:00,74245,2016-04-05 14:44:52,2016,2016,April,April,17,3
2016-03-06 17:06:45,Ford_Ka__1Hand__Klima,privat,Offer,1650,control,kleinwagen,2008,manuell,95,ka,100000,Jan,Gasoline,ford,No,2016-03-06 00:00:00,65239,2016-03-08 19:44:31,2016,2016,March,March,8,11
2016-03-31 20:45:28,Ford_Fiesta,privat,Offer,1000,test,kleinwagen,2003,manuell,0,fiesta,150000,Mar,Gasoline,ford,Other,2016-03-31 00:00:00,50827,2016-04-06 15:18:07,2016,2016,March,March,13,9
2016-03-26 14:49:08,Ford_Fiest_Super_Kleinwagen/Stadtflitzer_oder_Anfaengerfahrzeug,privat,Offer,980,control,kleinwagen,1999,manuell,60,fiesta,150000,Nov,Gasoline,ford,No,2016-03-26 00:00:00,45661,2016-04-06 02:46:22,2016,2016,March,March,17,1
2016-03-06 19:06:32,Ford_Fiesta_1.3L_JBS,privat,Offer,300,test,kleinwagen,1999,manuell,60,fiesta,150000,Nov,Gasoline,ford,Other,2016-03-06 00:00:00,60320,2016-03-17 17:18:13,2016,2016,March,March,17,1
2016-03-05 14:10:01,Ford_Fiesta_Trend_1.25L_82PS*Klima*Modell_2009*123tkm*Gepflegt,privat,Offer,4490,test,kleinwagen,2008,manuell,82,fiesta,125000,Dec,Gasoline,ford,Other,2016-03-03 00:00:00,61184,2016-03-08 17:17:37,2016,2016,March,March,8,0
2016-03-29 14:57:33,Wunderschoener_schwarzer_Ford_Ka,privat,Offer,750,test,kleinwagen,2001,manuell,60,ka,150000,Oct,Gasoline,ford,No,2016-03-29 00:00:00,33098,2016-03-29 14:57:33,2016,2016,March,March,15,2
2016-03-26 18:44:12,Tuev_11/17_Ford_Fiesta_GFJ1.3_no_VW_Polo_Lupo_Golf_Opel_Corsa,privat,Offer,479,test,kleinwagen,1992,manuell,60,Other,150000,Nov,Gasoline,ford,No,2016-03-26 00:00:00,4910,2016-03-26 18:44:12,2016,2016,March,March,24,1
2016-03-10 17:55:36,Ford_Fiesta_Diesel_TÜV_AU_neu_Gruene_Plakette,privat,Offer,2499,control,kleinwagen,2002,manuell,65,fiesta,150000,Oct,Diesel,ford,Yes,2016-03-10 00:00:00,51375,2016-03-22 09:17:29,2016,2016,March,March,14,2
2016-03-17 23:37:04,Ford_Ka_Fun_X,privat,Offer,2000,control,kleinwagen,2006,manuell,60,ka,100000,Oct,Gasoline,ford,No,2016-03-17 00:00:00,63791,2016-04-05 21:18:33,2016,2016,March,March,10,2
2016-04-04 19:42:08,Anfaengerauto_FORD_FIESTA,privat,Offer,1100,test,kleinwagen,2001,manuell,60,fiesta,150000,Mar,Gasoline,ford,Other,2016-04-04 00:00:00,74579,2016-04-06 21:45:38,2016,2016,April,April,15,9
2016-04-02 05:36:21,Ford_Fiesta_mit_Motorprobleme__fuer_Bastler,privat,Offer,1200,control,kleinwagen,2002,manuell,80,fiesta,125000,May,Gasoline,ford,Yes,2016-04-02 00:00:00,47445,2016-04-02 08:49:34,2016,2016,April,April,14,7
2016-03-28 15:50:10,Ford_Fiesta_Tuev_neu,privat,Offer,500,control,kleinwagen,1994,manuell,60,fiesta,150000,Nov,Gasoline,ford,No,2016-03-28 00:00:00,76709,2016-04-02 20:18:38,2016,2016,March,March,22,1
2016-03-09 12:54:16,Ford_Focus_1_4_i,privat,Offer,750,control,kleinwagen,2000,manuell,75,focus,150000,Apr,Gasoline,ford,No,2016-03-09 00:00:00,27721,2016-03-12 09:45:05,2016,2016,March,March,16,8
2016-03-21 12:46:31,Ford_KA_Sedan,privat,Offer,499,control,kleinwagen,1998,manuell,60,Other,70000,Mar,Gasoline,ford,No,2016-03-21 00:00:00,34121,2016-04-06 07:16:59,2016,2016,March,March,18,9
2016-03-13 00:57:53,Gepflegter_Ford_Ka_..._frische_HU_03/2017!_Klima_Servo,privat,Offer,1200,control,kleinwagen,1997,manuell,0,ka,90000,Aug,Gasoline,ford,No,2016-03-13 00:00:00,45326,2016-03-17 12:18:37,2016,2016,March,March,19,4
2016-03-25 17:57:24,Ford_Fiesta_1.4_Sport,privat,Offer,3400,test,kleinwagen,2006,manuell,80,fiesta,125000,May,Gasoline,ford,No,2016-03-25 00:00:00,84529,2016-04-06 23:17:21,2016,2016,March,March,10,7
2016-04-04 00:55:02,Ford_FIESTA_TÜV_2.2018,privat,Offer,800,test,kleinwagen,2001,manuell,50,fiesta,150000,May,Gasoline,ford,No,2016-04-04 00:00:00,46562,2016-04-04 08:40:54,2016,2016,April,April,15,7
2016-04-04 10:49:55,Gepfl_Ford_Fiesta_Original_126000_Km_gelaufen_mit_TÜV_bis_10/2017,privat,Offer,925,control,kleinwagen,2000,manuell,50,fiesta,150000,Nov,Gasoline,ford,No,2016-04-04 00:00:00,42551,2016-04-04 11:41:31,2016,2016,April,April,16,1
2016-03-11 20:51:22,Ford_Ka_Royal_TÜV_Neu!!,privat,Offer,1199,control,kleinwagen,2002,manuell,60,ka,50000,Jul,Gasoline,ford,No,2016-03-11 00:00:00,26133,2016-03-17 09:15:21,2016,2016,March,March,14,5
2016-03-30 18:50:39,Ford_Fiesta._Ohne_Rost,privat,Offer,300,test,kleinwagen,1996,manuell,59,fiesta,150000,Dec,Gasoline,ford,No,2016-03-30 00:00:00,30165,2016-03-30 18:50:39,2016,2016,March,March,20,0
2016-04-02 12:48:01,Ford_Fiesta_ST150_TÜV_1/2018,privat,Offer,3999,test,kleinwagen,2006,manuell,150,fiesta,150000,Apr,Gasoline,ford,No,2016-04-02 00:00:00,53909,2016-04-06 10:46:50,2016,2016,April,April,10,8
2016-04-03 22:49:58,Ford_Fiesta_mit_Tuv_bis_Juli,privat,Offer,750,control,kleinwagen,2003,manuell,60,fiesta,150000,Jan,Gasoline,ford,No,2016-04-03 00:00:00,54295,2016-04-06 00:45:17,2016,2016,April,April,13,11
2016-03-10 21:44:30,Top_ford_ka_ohne_oder_mit_tuev._Klima._Extra_winterreifen,privat,Offer,349,control,kleinwagen,2000,manuell,60,ka,125000,Jan,,ford,No,2016-03-10 00:00:00,49624,2016-03-14 05:15:44,2016,2016,March,March,16,11
2016-03-20 16:57:16,Ford_fiesta_diesel_gruene_pllakette_onhe_tuev,privat,Offer,1200,test,kleinwagen,2002,manuell,68,fiesta,150000,Dec,Diesel,ford,Other,2016-03-20 00:00:00,47139,2016-03-25 17:48:28,2016,2016,March,March,14,0
2016-03-24 20:46:25,Tausche_Ford_Ka_gegen_5_tuerer,privat,Offer,1200,test,kleinwagen,2002,manuell,60,ka,125000,Apr,Gasoline,ford,Other,2016-03-24 00:00:00,32108,2016-03-27 17:45:12,2016,2016,March,March,14,8
2016-03-27 18:53:03,Verkaufe_Ford_Ka_TÜV_neu,privat,Offer,1250,control,kleinwagen,2000,manuell,0,ka,125000,Jan,Gasoline,ford,Other,2016-03-27 00:00:00,4617,2016-03-29 09:16:36,2016,2016,March,March,16,11
2016-03-11 16:43:31,Ford_Fiesta_TÜV_04/2017_Rentnerfahrzeug,privat,Offer,600,test,kleinwagen,1998,manuell,50,fiesta,70000,Mar,Gasoline,ford,No,2016-03-11 00:00:00,14797,2016-03-11 16:43:31,2016,2016,March,March,18,9
2016-03-16 23:47:31,Ford_Fiesta_1.3_Ambiente,privat,Offer,3250,test,kleinwagen,2005,manuell,60,fiesta,90000,Jul,Gasoline,ford,No,2016-03-16 00:00:00,2708,2016-03-23 13:48:53,2016,2016,March,March,11,5
2016-03-22 13:49:57,Kleinwagen,privat,Offer,999,control,kleinwagen,2005,manuell,70,ka,150000,Dec,Gasoline,ford,No,2016-03-22 00:00:00,36100,2016-04-06 02:45:52,2016,2016,March,March,11,0
2016-03-31 15:48:44,Ford_Ka_Futura_2,privat,Offer,750,control,kleinwagen,2001,manuell,60,ka,80000,Aug,Gasoline,ford,No,2016-03-31 00:00:00,41352,2016-04-04 08:16:19,2016,2016,March,March,15,4
2016-04-01 10:36:44,Ford_Ka_1.2,privat,Offer,4500,control,kleinwagen,2009,Unspecified,0,ka,80000,Dec,Gasoline,ford,No,2016-04-01 00:00:00,73054,2016-04-07 08:16:46,2016,2016,April,April,7,0
2016-03-22 07:36:21,Ford_Fiesta_1.3_Benzina_euro4,privat,Offer,1100,control,kleinwagen,2003,manuell,0,fiesta,150000,May,Gasoline,ford,Other,2016-03-22 00:00:00,66763,2016-03-26 09:45:54,2016,2016,March,March,13,7
2016-03-20 16:48:04,Ford_Ka,privat,Offer,1500,test,kleinwagen,2004,manuell,68,ka,150000,Jul,Gasoline,ford,No,2016-03-20 00:00:00,23795,2016-04-06 22:17:34,2016,2016,March,March,12,5
2016-03-25 20:37:41,Ford_KA_mit_Lederausstattung,privat,Offer,750,control,kleinwagen,1997,manuell,0,ka,60000,Jan,Gasoline,ford,No,2016-03-25 00:00:00,47475,2016-03-27 09:18:31,2016,2016,March,March,19,11
2016-03-13 11:47:37,Ford_Ka,privat,Offer,550,control,kleinwagen,2000,manuell,60,ka,150000,Dec,Gasoline,ford,No,2016-03-13 00:00:00,97450,2016-03-19 12:17:25,2016,2016,March,March,16,0
2016-03-27 16:50:30,Fiesta_Mk1__1000_L,privat,Offer,3500,test,kleinwagen,1982,manuell,68,fiesta,125000,Jan,Gasoline,ford,Other,2016-03-27 00:00:00,53721,2016-04-05 12:21:31,2016,2016,March,March,34,11
2016-03-12 12:53:35,Ford_Fiesta,privat,Offer,600,test,kleinwagen,2001,manuell,50,fiesta,125000,Jan,Gasoline,ford,No,2016-03-12 00:00:00,46145,2016-03-17 11:17:49,2016,2016,March,March,15,11
2016-03-28 18:49:01,Ford_Fiesta_1.6_TDCi_Econetic,privat,Offer,5700,control,kleinwagen,2010,manuell,95,fiesta,150000,Oct,Diesel,ford,No,2016-03-28 00:00:00,50259,2016-04-07 01:15:55,2016,2016,March,March,6,2
2016-03-31 16:50:47,Ford_fiesra_viva,privat,Offer,3900,control,kleinwagen,2005,manuell,0,fiesta,125000,May,Gasoline,ford,No,2016-03-31 00:00:00,76646,2016-04-06 10:15:58,2016,2016,March,March,11,7
2016-03-08 20:43:56,Verkaufe_ford,privat,Offer,0,control,kleinwagen,1991,manuell,50,fiesta,80000,Apr,Gasoline,ford,Other,2016-03-08 00:00:00,17489,2016-03-11 05:17:52,2016,2016,March,March,25,8
2016-03-14 16:43:25,Ford_focus_1_6l_Euro_4_101_PS_ez_2004_122000km,privat,Offer,1600,test,kleinwagen,2004,manuell,101,focus,125000,Jul,,ford,No,2016-03-14 00:00:00,1109,2016-03-15 11:17:19,2016,2016,March,March,12,5
2016-03-24 11:48:21,Fiesta_Modell_2002_Super_Auto_Festpreis,privat,Offer,550,test,kleinwagen,2002,manuell,50,fiesta,150000,Mar,Gasoline,ford,No,2016-03-24 00:00:00,79115,2016-03-24 11:48:21,2016,2016,March,March,14,9
2016-03-24 20:57:43,Ford_Ka__Titanium_mit_super_Ausstattung_zu_Verkaufen,privat,Offer,5500,test,kleinwagen,2011,manuell,69,ka,60000,Feb,Gasoline,ford,No,2016-03-24 00:00:00,78166,2016-04-05 14:46:27,2016,2016,March,March,5,10
2016-03-27 20:52:40,Ford_Fiesta_1.3,privat,Offer,1900,control,kleinwagen,2002,manuell,60,fiesta,125000,Aug,Gasoline,ford,No,2016-03-27 00:00:00,24109,2016-04-05 20:44:26,2016,2016,March,March,14,4
2016-04-05 19:36:24,Ford_Ka_K2_Snow_Edition,privat,Offer,500,test,kleinwagen,1999,manuell,60,ka,90000,Apr,Gasoline,ford,No,2016-04-05 00:00:00,27777,2016-04-05 19:36:24,2016,2016,April,April,17,8
2016-03-21 18:45:21,Ford_Fiesta_Tuev_bis_2017_an_hoechst_bietenen_zuverkaufen,privat,Offer,0,test,kleinwagen,2001,manuell,60,fiesta,125000,Jan,Gasoline,ford,No,2016-03-21 00:00:00,26532,2016-03-21 18:45:21,2016,2016,March,March,15,11
2016-04-02 01:36:59,Ford_Fiesta,privat,Offer,3299,test,kleinwagen,2005,manuell,68,fiesta,150000,Jun,Diesel,ford,No,2016-04-02 00:00:00,86551,2016-04-06 06:44:34,2016,2016,April,April,11,6
2016-04-03 19:38:34,Ford_ka_reserwiert_bis_15.4,privat,Offer,290,test,kleinwagen,1999,manuell,0,ka,100000,Dec,Gasoline,ford,No,2016-04-03 00:00:00,30165,2016-04-05 20:15:37,2016,2016,April,April,17,0
2016-04-03 00:56:01,Fort_fiesta_sehr_sparsam,privat,Offer,1050,control,kleinwagen,2001,manuell,90,fiesta,150000,Dec,,ford,No,2016-04-02 00:00:00,51766,2016-04-03 08:42:43,2016,2016,April,April,15,0
2016-03-05 15:44:34,Ford_Fiesta_TÜV_04/17,privat,Offer,749,control,kleinwagen,1996,manuell,60,fiesta,150000,Oct,Gasoline,ford,No,2016-03-05 00:00:00,41066,2016-03-14 09:16:54,2016,2016,March,March,20,2
2016-03-14 22:57:34,Ford_Ka_Ez12._2007_Tuev_bis_11.2016_auf_wuensch_neu,privat,Offer,1290,control,kleinwagen,2007,manuell,60,ka,125000,Dec,,ford,No,2016-03-14 00:00:00,33613,2016-03-20 22:17:36,2016,2016,March,March,9,0
2016-03-31 12:48:49,Ford_Fiesta_2004__Anthrazit_grau,privat,Offer,1999,test,kleinwagen,2004,manuell,69,fiesta,150000,Oct,Gasoline,ford,No,2016-03-31 00:00:00,40882,2016-04-02 07:47:22,2016,2016,March,March,12,2
2016-03-22 15:38:57,Ford_Fiesta_1.3,privat,Offer,1500,control,kleinwagen,2003,Unspecified,0,fiesta,150000,Jun,Gasoline,ford,No,2016-03-22 00:00:00,50939,2016-04-06 05:15:29,2016,2016,March,March,13,6
2016-03-29 12:38:44,Ford_Fiesta,privat,Offer,850,test,kleinwagen,1999,manuell,75,fiesta,125000,Jan,Gasoline,ford,No,2016-03-29 00:00:00,53721,2016-03-29 12:38:44,2016,2016,March,March,17,11
2016-03-24 17:06:24,Ford_Fiesta_1_3_liter,privat,Offer,2690,test,kleinwagen,2003,manuell,60,fiesta,80000,Jan,Gasoline,ford,Other,2016-03-24 00:00:00,56579,2016-04-06 04:15:54,2016,2016,March,March,13,11
2016-03-22 18:06:17,Ford_Fiesta_ohne_TÜV_an_Bastler,privat,Offer,150,control,kleinwagen,2001,manuell,75,fiesta,150000,Apr,Gasoline,ford,Yes,2016-03-22 00:00:00,56269,2016-04-07 08:44:58,2016,2016,March,March,15,8
2016-03-09 18:55:10,Ford_Fiesta_1.3_Fun_X,privat,Offer,2950,test,kleinwagen,2007,manuell,60,fiesta,100000,Oct,Gasoline,ford,No,2016-03-09 00:00:00,50859,2016-03-10 15:18:42,2016,2016,March,March,9,2
2016-03-29 13:55:17,Ford_Fiesta_1.3_/_Klima_/_CD_/_Frontscheibenheizung_/_3Tuer_/_2.Hd,privat,Offer,3950,control,kleinwagen,2007,manuell,70,fiesta,80000,Aug,Gasoline,ford,No,2016-03-29 00:00:00,55234,2016-04-02 01:16:26,2016,2016,March,March,9,4
2016-03-05 17:44:49,Ford_Fiesta,privat,Offer,3400,test,kleinwagen,2006,manuell,0,fiesta,40000,Sep,Gasoline,ford,No,2016-03-05 00:00:00,88045,2016-03-12 04:46:51,2016,2016,March,March,10,3
2016-03-27 22:36:17,Ford_fiesta_diesel,privat,Offer,2900,test,kleinwagen,2007,manuell,68,fiesta,150000,Apr,,ford,Other,2016-03-27 00:00:00,13437,2016-03-29 21:17:04,2016,2016,March,March,9,8
2016-03-11 11:56:50,Ford_Fiesta,privat,Offer,749,control,kleinwagen,2002,manuell,60,fiesta,150000,Apr,Gasoline,ford,No,2016-03-11 00:00:00,70327,2016-03-19 17:44:51,2016,2016,March,March,14,8
2016-03-12 10:46:28,ford_fiesta_1.3_Tuev_Klima_5_Tuerer,privat,Offer,350,control,kleinwagen,1997,manuell,60,fiesta,100000,May,Gasoline,ford,No,2016-03-12 00:00:00,22523,2016-03-23 21:16:24,2016,2016,March,March,19,7
2016-03-11 15:49:27,Ford_Fiesta_mit_2_Jahre_Tuev__3_Tuerig,privat,Offer,1500,test,kleinwagen,2005,manuell,0,fiesta,150000,Feb,Gasoline,ford,No,2016-03-11 00:00:00,40547,2016-03-24 20:17:52,2016,2016,March,March,11,10
2016-03-28 09:36:55,Ford_Ka___guenstig_abzugeben,privat,Offer,400,control,kleinwagen,2005,manuell,0,ka,90000,Apr,,ford,Yes,2016-03-28 00:00:00,44869,2016-03-28 09:36:55,2016,2016,March,March,11,8
2016-03-20 15:52:54,Ford_Ka__Bj_2004__nur_68000_Km!!!,privat,Offer,1300,control,kleinwagen,2004,manuell,62,ka,70000,Apr,,ford,No,2016-03-20 00:00:00,90763,2016-03-25 16:18:05,2016,2016,March,March,12,8
2016-04-03 21:25:19,Ford_Fiesta_Flair,privat,Offer,800,test,kleinwagen,1998,manuell,60,fiesta,150000,Apr,Gasoline,ford,No,2016-04-03 00:00:00,65462,2016-04-03 23:46:18,2016,2016,April,April,18,8
2016-03-29 15:39:13,Ford_Fiesta_1.3_Ambiente,privat,Offer,4395,control,kleinwagen,2007,manuell,60,fiesta,60000,Oct,Gasoline,ford,No,2016-03-29 00:00:00,4860,2016-04-06 01:15:36,2016,2016,March,March,9,2
2016-03-29 12:56:51,Ford_Ka_als_Bastlerfahrzeug,privat,Offer,150,test,kleinwagen,1998,manuell,60,ka,50000,Mar,Gasoline,ford,Yes,2016-03-29 00:00:00,45772,2016-03-29 12:56:51,2016,2016,March,March,18,9
2016-03-23 20:56:38,Ford_Fiesta_1.3_Ambiente_/_Klima_/_TÜV&AU_bis_04.2017,privat,Offer,2650,test,kleinwagen,2006,manuell,60,fiesta,80000,Feb,Gasoline,ford,No,2016-03-23 00:00:00,67677,2016-04-06 02:46:05,2016,2016,March,March,10,10
2016-03-10 14:56:04,"Ford_Fiesta_""_Style""__TÜV_neu",privat,Offer,2799,test,kleinwagen,2008,manuell,65,fiesta,150000,Aug,Gasoline,ford,No,2016-03-10 00:00:00,56818,2016-03-22 05:46:23,2016,2016,March,March,8,4
2016-03-18 10:25:23,Ford_Fiesta_1.4_16V,privat,Offer,3500,test,kleinwagen,2006,Unspecified,80,fiesta,150000,Dec,Gasoline,ford,No,2016-03-18 00:00:00,56276,2016-03-18 18:18:37,2016,2016,March,March,10,0
2016-04-03 10:48:18,FORD_KA___ORIGINAL_69000_KM___KLIMA___TÜV_UND_AU_NEU,privat,Offer,899,control,kleinwagen,1999,manuell,0,ka,70000,Jan,Gasoline,ford,No,2016-04-03 00:00:00,12279,2016-04-07 11:46:17,2016,2016,April,April,17,11
2016-03-30 11:25:21,Verkaufe_ein_Ford_fista_1_Vorbesitzer,privat,Offer,750,control,kleinwagen,1999,Unspecified,0,Other,150000,Dec,Gasoline,ford,Other,2016-03-30 00:00:00,65195,2016-04-02 21:20:48,2016,2016,March,March,17,0
2016-03-07 11:57:04,Ford_fiesta,privat,Offer,290,test,kleinwagen,1997,manuell,60,fiesta,150000,Nov,Gasoline,ford,Other,2016-03-07 00:00:00,44627,2016-03-12 18:45:17,2016,2016,March,March,19,1
2016-03-29 09:51:11,Ford_Fiesta,privat,Offer,1250,control,kleinwagen,2004,manuell,0,fiesta,150000,Sep,Gasoline,ford,No,2016-03-29 00:00:00,60386,2016-03-29 19:08:13,2016,2016,March,March,12,3
2016-03-29 17:50:29,Ford_ka_ohne_tuev,privat,Offer,100,control,kleinwagen,2000,manuell,0,ka,125000,May,Gasoline,ford,Other,2016-03-29 00:00:00,65183,2016-04-06 04:46:31,2016,2016,March,March,16,7
2016-04-03 14:46:20,Ford_Ka,privat,Offer,799,test,kleinwagen,2001,manuell,60,ka,150000,Feb,Gasoline,ford,No,2016-04-03 00:00:00,48703,2016-04-05 13:45:50,2016,2016,April,April,15,10
2016-03-19 01:52:06,Ford_Ka_Royal__VOLLAUSTATTUNG/KLIMA_LEDER_ALU_FUNK_ZV,privat,Offer,1300,control,kleinwagen,2001,manuell,60,ka,150000,Mar,Gasoline,ford,No,2016-03-19 00:00:00,52064,2016-03-23 20:46:56,2016,2016,March,March,15,9
2016-03-12 22:40:55,Ford_Fiesta,privat,Offer,1899,control,kleinwagen,2001,manuell,60,fiesta,70000,Jan,Gasoline,ford,No,2016-03-12 00:00:00,41517,2016-03-29 10:15:49,2016,2016,March,March,15,11
2016-03-19 17:42:26,Ford_fiesta_bj_97_mit_Rest_tuev,privat,Offer,110,control,kleinwagen,1997,Unspecified,45,fiesta,150000,Dec,,ford,Other,2016-03-19 00:00:00,49584,2016-03-27 09:16:09,2016,2016,March,March,19,0
2016-03-30 19:39:00,Ford_Fiesta_1.4_TDCI_Wolf_Edition_Klima_Sitzheizung_usw._TÜV_NEU,privat,Offer,2149,test,kleinwagen,2004,manuell,84,fiesta,150000,Feb,Diesel,ford,No,2016-03-30 00:00:00,1689,2016-04-07 10:46:57,2016,2016,March,March,12,10
2016-03-23 18:53:07,Ford_Fiesta,privat,Offer,450,test,kleinwagen,1998,manuell,59,fiesta,150000,Mar,Gasoline,ford,Other,2016-03-23 00:00:00,97340,2016-04-05 23:45:46,2016,2016,March,March,18,9
2016-03-12 13:37:00,Ford_Ka_Tuev_05/2017_Servolenkung_Top_Zustand,privat,Offer,800,control,kleinwagen,1999,manuell,60,ka,150000,Feb,Gasoline,ford,No,2016-03-12 00:00:00,49324,2016-03-20 12:48:09,2016,2016,March,March,17,10
2016-03-25 21:56:00,Ford_Fiesta_JAS_1.3l_Klima_AHK,privat,Offer,350,test,kleinwagen,1997,manuell,60,fiesta,150000,Jan,Gasoline,ford,No,2016-03-25 00:00:00,95326,2016-04-07 07:44:32,2016,2016,March,March,19,11
2016-03-08 20:51:03,Verkaufe._Ford_Ka,privat,Offer,200,test,kleinwagen,2002,manuell,50,ka,150000,Jan,Gasoline,ford,Other,2016-03-08 00:00:00,65719,2016-03-10 09:37:05,2016,2016,March,March,14,11
2016-03-24 11:06:21,Roter_Ford_fiesta,privat,Offer,500,test,kleinwagen,2001,manuell,75,fiesta,150000,Aug,Diesel,ford,No,2016-03-24 00:00:00,64569,2016-04-05 19:46:58,2016,2016,March,March,15,4
2016-03-29 21:39:54,Ford_Fiesta_ST,privat,Offer,3190,test,kleinwagen,2005,manuell,150,fiesta,150000,Jan,Gasoline,ford,No,2016-03-29 00:00:00,93049,2016-04-06 07:46:24,2016,2016,March,March,11,11
2016-03-22 19:53:43,Ford_Fiesta,privat,Offer,1500,test,kleinwagen,2003,manuell,50,fiesta,80000,Mar,Gasoline,ford,No,2016-03-22 00:00:00,88279,2016-03-30 02:16:24,2016,2016,March,March,13,9
2016-04-03 00:56:23,Ford_Fiesta_Ghia,privat,Offer,650,control,kleinwagen,1999,manuell,75,fiesta,150000,Oct,Gasoline,ford,No,2016-04-03 00:00:00,85570,2016-04-03 08:45:58,2016,2016,April,April,17,2
2016-03-23 11:58:25,Ford_Fiesta_60Ps_2007_TÜV_Neu_Klima_TOP!!!,privat,Offer,3800,test,kleinwagen,2007,manuell,60,fiesta,150000,Jan,Gasoline,ford,No,2016-03-23 00:00:00,59077,2016-03-29 05:45:04,2016,2016,March,March,9,11
2016-04-02 01:36:24,Ford_Fiesta,privat,Offer,1500,test,kleinwagen,2000,manuell,60,fiesta,125000,Apr,Gasoline,ford,No,2016-04-02 00:00:00,15344,2016-04-06 06:17:50,2016,2016,April,April,16,8
2016-03-21 11:56:35,Ford_fiesta_sehr_gepflegt,privat,Offer,150,control,kleinwagen,1996,manuell,50,fiesta,150000,Mar,,ford,Yes,2016-03-21 00:00:00,56244,2016-04-06 14:17:04,2016,2016,March,March,20,9
2016-03-11 06:36:21,Kleinwagen_mit_neuem_Tuev,privat,Offer,990,test,kleinwagen,2001,manuell,60,ka,150000,Oct,Gasoline,ford,No,2016-03-11 00:00:00,48432,2016-03-25 10:16:49,2016,2016,March,March,15,2
2016-03-10 18:55:45,Ford_Fiesta_Fun___ideal_als_Zweitwagen_oder_fuer_Fahranfaenger,privat,Offer,890,test,kleinwagen,1994,manuell,50,fiesta,90000,May,Gasoline,ford,Other,2016-03-10 00:00:00,49477,2016-04-02 02:19:00,2016,2016,March,March,22,7
2016-03-28 16:52:18,Ford_Fiesta,privat,Offer,500,test,kleinwagen,2000,manuell,75,fiesta,150000,Mar,Gasoline,ford,No,2016-03-28 00:00:00,42799,2016-04-06 22:17:45,2016,2016,March,March,16,9
2016-04-02 23:36:44,Schlachtfest,privat,Offer,0,test,kleinwagen,1999,Unspecified,0,fiesta,80000,Jan,Gasoline,ford,Yes,2016-04-02 00:00:00,67069,2016-04-03 08:40:25,2016,2016,April,April,17,11
2016-03-31 10:57:59,Ford_KA_mit_TÜV,privat,Offer,630,control,kleinwagen,1998,manuell,0,ka,100000,Apr,Gasoline,ford,No,2016-03-31 00:00:00,44651,2016-03-31 11:44:24,2016,2016,March,March,18,8
2016-03-05 21:49:41,Ford_KA_1_3l_44KW_ohne_TÜV,privat,Offer,450,test,kleinwagen,2005,manuell,60,ka,150000,Jan,Gasoline,ford,No,2016-03-05 00:00:00,32457,2016-03-06 03:45:35,2016,2016,March,March,11,11
2016-03-28 17:52:24,Ford_Fiesta,privat,Offer,150,test,kleinwagen,1999,manuell,50,fiesta,100000,Jan,Gasoline,ford,Other,2016-03-28 00:00:00,47055,2016-03-28 17:52:24,2016,2016,March,March,17,11
2016-03-12 15:45:25,Ford_Fiesta_1.1__mit_HU_noch_angemeldet,privat,Offer,250,control,kleinwagen,1993,manuell,50,fiesta,60000,Aug,Gasoline,ford,No,2016-03-12 00:00:00,47249,2016-03-14 07:44:12,2016,2016,March,March,23,4
2016-04-01 17:57:25,Ford_Fiesta_1.8D_Turbodiesel_TÜV_NEU_AHK_Klima,privat,Offer,1100,test,kleinwagen,2000,manuell,75,fiesta,150000,Jun,Diesel,ford,Other,2016-04-01 00:00:00,23558,2016-04-05 13:45:01,2016,2016,April,April,16,6
2016-03-07 17:54:39,Ford_Fiesta_1_4_TDCI_Viva_X_mit_guter_Ausstattung,privat,Offer,3490,test,kleinwagen,2004,manuell,67,fiesta,150000,Oct,Diesel,ford,No,2016-03-07 00:00:00,30938,2016-03-10 00:16:35,2016,2016,March,March,12,2
2016-04-02 16:50:32,Ford_Fiesta_1.3,privat,Offer,2499,control,kleinwagen,2002,manuell,60,fiesta,60000,Jun,Gasoline,ford,No,2016-04-02 00:00:00,84144,2016-04-02 16:50:32,2016,2016,April,April,14,6
2016-03-19 13:40:53,Ford_Fiesta__TÜV_03/2018__Faltdach__Servo__elektr._Fensterheber,privat,Offer,800,test,kleinwagen,2001,manuell,60,fiesta,150000,May,Gasoline,ford,No,2016-03-19 00:00:00,28876,2016-03-24 07:18:39,2016,2016,March,March,15,7
2016-03-15 19:57:43,Verkaufe_ford_ka,privat,Offer,450,control,kleinwagen,2000,manuell,0,Other,100000,Nov,Gasoline,ford,No,2016-03-15 00:00:00,66450,2016-03-17 16:17:05,2016,2016,March,March,16,1
2016-04-02 17:51:00,Ford_Fiesta_1.4_Ambiente_mit_Klima,privat,Offer,2650,control,kleinwagen,2004,manuell,80,fiesta,150000,Aug,Gasoline,ford,No,2016-04-02 00:00:00,46147,2016-04-04 15:47:23,2016,2016,April,April,12,4
2016-03-11 11:55:44,FORD_FOCUS_SEDAN__3_TÜRER_,privat,Offer,1400,control,kleinwagen,2000,manuell,55,focus,150000,Jun,Gasoline,ford,Other,2016-03-11 00:00:00,30173,2016-03-12 01:44:45,2016,2016,March,March,16,6
2016-04-01 15:51:34,kein_schoener_ford,privat,Offer,150,test,kleinwagen,1998,manuell,60,ka,125000,Aug,Gasoline,ford,Yes,2016-04-01 00:00:00,34454,2016-04-01 15:51:34,2016,2016,April,April,18,4
2016-03-25 23:53:57,Ford_Fiesta_1.4_TDCI,privat,Offer,5399,control,kleinwagen,2010,manuell,68,fiesta,125000,Jun,Diesel,ford,No,2016-03-25 00:00:00,41849,2016-04-05 18:18:22,2016,2016,March,March,6,6
2016-03-22 16:59:11,Ford_Fiesta_1.3_aus_erster_Hand__Privatverkauf,privat,Offer,2200,test,kleinwagen,2004,manuell,69,fiesta,150000,May,Gasoline,ford,No,2016-03-22 00:00:00,71229,2016-03-31 15:44:29,2016,2016,March,March,12,7
2016-03-15 18:51:15,Ford_Fiesta,privat,Offer,600,control,kleinwagen,2001,manuell,50,fiesta,125000,Nov,Gasoline,ford,No,2016-03-15 00:00:00,21614,2016-04-06 20:45:59,2016,2016,March,March,15,1
2016-04-07 14:07:20,Ford_Ka_zum_ausschlachten,privat,Offer,100,control,kleinwagen,1999,manuell,50,ka,150000,Apr,Gasoline,ford,Yes,2016-04-07 00:00:00,55120,2016-04-07 14:07:20,2016,2016,April,April,17,8
2016-03-14 17:25:20,Ford_Fiesta_1.4_Autom._Titanium,privat,Offer,950,control,kleinwagen,2012,automatik,97,fiesta,40000,May,Gasoline,ford,Yes,2016-03-14 00:00:00,56379,2016-04-06 14:15:49,2016,2016,March,March,4,7
2016-03-16 00:49:44,Ford_Ka_Klima_El_Fensterheber_Zv_Leder_Nichtraucher,privat,Offer,999,test,kleinwagen,2001,automatik,60,ka,150000,Dec,Gasoline,ford,No,2016-03-15 00:00:00,25355,2016-03-31 06:17:26,2016,2016,March,March,15,0
2016-03-16 15:53:27,Zu_Verkaufen,privat,Offer,950,test,kleinwagen,1998,manuell,75,fiesta,125000,Jan,Gasoline,ford,Other,2016-03-16 00:00:00,88281,2016-03-21 18:44:53,2016,2016,March,March,18,11
2016-03-23 13:58:11,Ford_Fiesta_mit_TÜV_bis_Maerz_17,privat,Offer,300,test,kleinwagen,1998,manuell,60,fiesta,125000,Jan,Gasoline,ford,Other,2016-03-23 00:00:00,13051,2016-04-05 15:45:20,2016,2016,March,March,18,11
2016-03-26 17:55:30,Ford_Fiesta_1.4_TDCI_Ambiente_Ohne_Maengel,privat,Offer,1890,control,kleinwagen,2004,manuell,68,fiesta,150000,Mar,Diesel,ford,No,2016-03-26 00:00:00,63110,2016-04-06 06:46:14,2016,2016,March,March,12,9
2016-03-08 23:55:09,Ford_Ka_1.2_Titanium,privat,Offer,5450,control,kleinwagen,2009,manuell,69,ka,50000,Apr,Gasoline,ford,No,2016-03-08 00:00:00,87719,2016-04-07 04:47:05,2016,2016,March,March,7,8
2016-03-15 22:51:21,Ford_Fiesta_1.3,privat,Offer,2500,control,kleinwagen,2003,manuell,60,fiesta,90000,Oct,Gasoline,ford,No,2016-03-15 00:00:00,45968,2016-03-23 11:17:46,2016,2016,March,March,13,2
2016-03-29 12:06:24,Ford_Fiesta_1.4,privat,Offer,2690,control,kleinwagen,2004,manuell,80,fiesta,125000,May,Gasoline,ford,No,2016-03-29 00:00:00,35510,2016-04-07 11:46:01,2016,2016,March,March,12,7
2016-03-11 12:52:58,...........Ford_KA.........,privat,Offer,100,test,kleinwagen,2001,Unspecified,60,ka,150000,Jan,,ford,Other,2016-03-11 00:00:00,49196,2016-03-12 02:45:38,2016,2016,March,March,15,11
2016-03-20 16:39:39,Ford_Fiesta_1.4_Ambiente,privat,Offer,3400,test,kleinwagen,2008,manuell,80,fiesta,100000,May,Gasoline,ford,No,2016-03-20 00:00:00,47051,2016-03-20 16:39:39,2016,2016,March,March,8,7
2016-03-24 02:02:32,Kleines__sparsames_zuverlaessiges_Auto__voll_ausgestattet,privat,Offer,0,test,kleinwagen,2006,manuell,69,ka,150000,Mar,Gasoline,ford,No,2016-03-24 00:00:00,17039,2016-04-06 09:17:00,2016,2016,March,March,10,9
2016-03-20 13:46:17,FORD_KA_MIT_2_JAHRE_TÜV,privat,Offer,1050,test,kleinwagen,2002,manuell,60,ka,100000,Nov,Gasoline,ford,Other,2016-03-20 00:00:00,30455,2016-03-21 16:18:13,2016,2016,March,March,14,1
2016-03-21 11:38:23,Ford_Fiesta_1.4_TDCI,privat,Offer,2850,control,kleinwagen,2004,manuell,68,fiesta,150000,Nov,Diesel,ford,No,2016-03-21 00:00:00,93152,2016-03-23 23:15:51,2016,2016,March,March,12,1
2016-03-06 10:48:04,Ford_Fiesta_1.3,privat,Offer,2250,test,kleinwagen,2005,manuell,60,fiesta,125000,Jul,Gasoline,ford,No,2016-03-06 00:00:00,57439,2016-03-11 20:18:13,2016,2016,March,March,11,5
2016-03-12 19:44:25,Ford_Fiesta_1.4,privat,Offer,2100,test,kleinwagen,2004,manuell,80,fiesta,150000,Mar,Gasoline,ford,No,2016-03-12 00:00:00,24768,2016-03-22 05:44:52,2016,2016,March,March,12,9
2016-03-11 21:45:54,Ford_Focus_1_6_Futura_Silbergrau_Metallic,privat,Offer,1800,test,kleinwagen,2002,manuell,101,focus,150000,Nov,Gasoline,ford,No,2016-03-11 00:00:00,28876,2016-03-25 13:17:20,2016,2016,March,March,14,1
2016-04-07 04:36:18,Ford_KA___Edition_LUFTHANSA,privat,Offer,199,test,kleinwagen,1997,manuell,60,ka,80000,Dec,Gasoline,ford,Other,2016-04-07 00:00:00,4564,2016-04-07 04:36:18,2016,2016,April,April,19,0
2016-03-14 21:38:16,Ford_Fiesta_1.3Liter_mit_Klima_TueV_06/2017,privat,Offer,999,test,kleinwagen,1998,manuell,60,fiesta,150000,Oct,Gasoline,ford,No,2016-03-14 00:00:00,52068,2016-03-19 11:15:57,2016,2016,March,March,18,2
2016-04-02 13:36:59,Ford_Fiesta_an_Bastler_abzugeben,privat,Offer,550,test,kleinwagen,1998,manuell,75,fiesta,150000,Apr,Gasoline,ford,Yes,2016-04-02 00:00:00,45257,2016-04-06 12:46:10,2016,2016,April,April,18,8
2016-03-29 08:52:57,Ford_Fiesta_Style,privat,Offer,900,control,kleinwagen,1999,manuell,75,fiesta,100000,Jan,Gasoline,ford,No,2016-03-29 00:00:00,30823,2016-04-05 19:16:20,2016,2016,March,March,17,11
2016-03-30 22:55:35,Ford_Fiesta_1.4_Durashift_EST,privat,Offer,1799,control,kleinwagen,2005,Unspecified,80,fiesta,150000,Nov,Gasoline,ford,No,2016-03-30 00:00:00,21775,2016-03-31 01:41:54,2016,2016,March,March,11,1
2016-03-22 14:52:06,Ford_fiesta_teile_sehr_guter_Zustand,privat,Offer,150,control,kleinwagen,1998,Unspecified,0,Other,5000,Jan,,ford,Other,2016-03-22 00:00:00,37434,2016-04-06 04:16:55,2016,2016,March,March,18,11
2016-03-07 10:52:04,Ford_fiesta_16V,privat,Offer,0,test,kleinwagen,2016,manuell,75,fiesta,150000,Feb,,ford,Yes,2016-03-07 00:00:00,27572,2016-03-09 00:17:21,2016,2016,March,March,0,10
2016-04-01 18:48:54,Ford_Focus,privat,Offer,250,control,kleinwagen,1999,Unspecified,0,focus,150000,Jan,Gasoline,ford,Other,2016-04-01 00:00:00,26624,2016-04-01 18:48:54,2016,2016,April,April,17,11
2016-03-11 14:42:52,Ford_fiesta,privat,Offer,2500,control,kleinwagen,2007,Unspecified,82,fiesta,100000,Jan,Gasoline,ford,No,2016-03-11 00:00:00,72805,2016-03-17 21:44:57,2016,2016,March,March,9,11
2016-03-23 19:57:49,Ford_Ka_Fun_X,privat,Offer,2890,control,kleinwagen,2007,manuell,69,ka,40000,May,Gasoline,ford,No,2016-03-23 00:00:00,51065,2016-03-31 08:17:13,2016,2016,March,March,9,7
2016-04-02 11:38:57,Ford_Fiesta___5_Tuerig__1_4__107tsd_KM,privat,Offer,1965,test,kleinwagen,2002,Unspecified,80,fiesta,125000,Jun,Gasoline,ford,No,2016-04-02 00:00:00,52372,2016-04-06 09:16:18,2016,2016,April,April,14,6
2016-04-03 13:47:50,Ford_Fiesta_JD3_schwarz,privat,Offer,2300,control,kleinwagen,2003,manuell,61,fiesta,100000,Sep,Gasoline,ford,Other,2016-04-03 00:00:00,37075,2016-04-05 12:46:00,2016,2016,April,April,13,3
2016-04-01 00:37:19,Ford_fiesta_1.4_tdci,privat,Offer,0,test,kleinwagen,2004,manuell,0,fiesta,150000,Jan,Diesel,ford,Other,2016-03-31 00:00:00,51067,2016-04-07 04:16:37,2016,2016,March,April,12,11
2016-03-11 14:56:25,Ford_Ka_1.2_FRAUENHAND,privat,Offer,4450,control,kleinwagen,2009,Unspecified,69,ka,70000,Sep,Gasoline,ford,Other,2016-03-11 00:00:00,32584,2016-04-07 13:15:26,2016,2016,March,March,7,3
2016-03-13 16:53:02,Ford_Fiesta,privat,Offer,1449,test,kleinwagen,2001,manuell,50,fiesta,60000,Sep,Gasoline,ford,No,2016-03-13 00:00:00,59320,2016-03-13 16:53:02,2016,2016,March,March,15,3
2016-03-16 17:53:52,Ford_Ka_mit_Tuev_9/17,privat,Offer,500,control,kleinwagen,1997,manuell,60,ka,125000,Jul,Gasoline,ford,Other,2016-03-16 00:00:00,47137,2016-03-16 17:53:52,2016,2016,March,March,19,5
2016-04-03 17:40:16,Ford_Focus_DAW_160TKm_BJ_2001,privat,Offer,1400,test,kleinwagen,2001,manuell,101,focus,150000,May,Gasoline,ford,Other,2016-04-03 00:00:00,2994,2016-04-05 17:26:37,2016,2016,April,April,15,7
2016-03-13 12:37:51,Ford_Ka,privat,Offer,2490,test,kleinwagen,2006,manuell,60,ka,100000,Aug,Gasoline,ford,No,2016-03-13 00:00:00,38477,2016-04-02 16:18:57,2016,2016,March,March,10,4
2016-03-08 16:55:56,Ford_Fiesta,privat,Offer,999,test,kleinwagen,2001,manuell,60,fiesta,70000,Feb,Gasoline,ford,No,2016-03-08 00:00:00,85368,2016-03-09 16:18:56,2016,2016,March,March,15,10
2016-03-28 15:53:51,Ford_Ka_1.2_Titanium,privat,Offer,5450,control,kleinwagen,2010,manuell,69,ka,60000,Oct,Gasoline,ford,No,2016-03-28 00:00:00,75045,2016-04-01 00:18:02,2016,2016,March,March,6,2
2016-03-16 16:45:04,Ford_Fiesta_Florida,privat,Offer,1200,control,kleinwagen,2002,manuell,50,fiesta,100000,Jan,Gasoline,ford,No,2016-03-16 00:00:00,29640,2016-03-16 16:45:04,2016,2016,March,March,14,11
2016-03-22 16:25:17,?Ford_Ka__mit_Klima__mit_neuen_TÜV,privat,Offer,650,test,kleinwagen,1997,manuell,60,ka,150000,Jan,Gasoline,ford,No,2016-03-22 00:00:00,61440,2016-03-22 17:25:59,2016,2016,March,March,19,11
2016-04-04 16:43:35,Ford_Ka_aubergine,privat,Offer,500,test,kleinwagen,2001,manuell,60,ka,150000,Jun,Gasoline,ford,Yes,2016-04-04 00:00:00,7422,2016-04-06 18:17:06,2016,2016,April,April,15,6
2016-03-31 12:48:58,Ford_Ka_zu_verkaufen,privat,Offer,400,test,kleinwagen,1998,manuell,60,ka,125000,Jan,Gasoline,ford,No,2016-03-31 00:00:00,45219,2016-03-31 12:48:58,2016,2016,March,March,18,11
2016-03-31 15:47:17,Ford_Ka_Collection_Polar_Silber,privat,Offer,700,control,kleinwagen,1999,manuell,60,ka,60000,Apr,Gasoline,ford,No,2016-03-31 00:00:00,59229,2016-04-06 08:45:55,2016,2016,March,March,17,8
2016-04-05 10:50:30,Ford_Fiesta_mir_Resttuev_und_KLIMA,privat,Offer,250,control,kleinwagen,1998,manuell,60,fiesta,150000,Jan,Gasoline,ford,Yes,2016-04-05 00:00:00,24113,2016-04-07 14:32:56,2016,2016,April,April,18,11
2016-03-16 19:46:51,Automatik_oelt_nicht__kein_Rost__wenig_KM_TOP,privat,Offer,950,test,kleinwagen,1994,automatik,60,fiesta,125000,Sep,Gasoline,ford,Other,2016-03-16 00:00:00,70437,2016-03-30 14:17:51,2016,2016,March,March,22,3
2016-03-08 19:51:11,Ford_Focus_*TÜV_NEU*_Sehr_gepflegt_Klimaanlage,privat,Offer,1750,test,kleinwagen,2003,manuell,0,focus,150000,Mar,Gasoline,ford,No,2016-03-08 00:00:00,39218,2016-03-12 21:20:39,2016,2016,March,March,13,9
2016-04-02 12:54:22,Ford_Fiesta_1.25l_TÜV_bis_01.2018,privat,Offer,1050,test,kleinwagen,1999,manuell,75,fiesta,150000,Mar,Gasoline,ford,Other,2016-04-02 00:00:00,50321,2016-04-06 11:15:22,2016,2016,April,April,17,9
2016-03-19 13:56:02,Ford_Fiesta_1_3l_5Tuerer_Euro4,privat,Offer,250,test,kleinwagen,2001,manuell,44,fiesta,150000,Sep,Gasoline,ford,Yes,2016-03-19 00:00:00,52066,2016-04-06 20:18:51,2016,2016,March,March,15,3
2016-03-24 16:36:17,Unfall_Auto,privat,Offer,1199,control,kleinwagen,2006,manuell,69,fiesta,150000,Jun,Gasoline,ford,Other,2016-03-24 00:00:00,64625,2016-03-30 19:15:31,2016,2016,March,March,10,6
2016-03-09 16:44:52,Ford_Fiesta_1.3_Ambiente,privat,Offer,2200,test,kleinwagen,2005,manuell,60,fiesta,150000,Mar,Gasoline,ford,No,2016-03-09 00:00:00,30179,2016-04-07 04:46:47,2016,2016,March,March,11,9
2016-03-12 13:52:22,Ford_KA_in_gruen,privat,Offer,1200,control,kleinwagen,2000,manuell,60,ka,125000,Apr,Gasoline,ford,No,2016-03-12 00:00:00,66571,2016-04-06 21:18:41,2016,2016,March,March,16,8
2016-03-19 14:52:15,Ford_Fiesta_1.3,privat,Offer,2250,test,kleinwagen,2004,manuell,60,fiesta,125000,Mar,Gasoline,ford,No,2016-03-19 00:00:00,52134,2016-04-06 22:44:33,2016,2016,March,March,12,9
2016-03-06 10:44:35,Ford_Focus,privat,Offer,700,test,kleinwagen,2001,Unspecified,101,Other,125000,Jan,Gasoline,ford,Other,2016-03-06 00:00:00,27324,2016-03-06 10:44:35,2016,2016,March,March,15,11
2016-03-20 08:54:06,Ford_Fiesta_Futura,privat,Offer,799,test,kleinwagen,2000,manuell,75,fiesta,80000,Sep,Gasoline,ford,No,2016-03-20 00:00:00,13591,2016-04-06 04:44:39,2016,2016,March,March,16,3
2016-03-12 15:43:45,Ford_ka_1300ccm_Einspritzung,privat,Offer,850,control,kleinwagen,1999,manuell,54,ka,50000,Mar,,ford,Other,2016-03-12 00:00:00,85221,2016-04-07 02:46:15,2016,2016,March,March,17,9
2016-03-07 19:46:17,Top_gepflegter_Fiesta_1_25_Trend_Klima,privat,Offer,4300,control,kleinwagen,2009,manuell,60,fiesta,125000,Mar,Gasoline,ford,No,2016-03-07 00:00:00,8280,2016-04-01 14:48:37,2016,2016,March,March,7,9
2016-03-09 14:56:32,Ford_Ka_Gruen_Stadtflitzer___Sparsam__MP3_AUX,privat,Offer,150,test,kleinwagen,2001,manuell,60,ka,150000,Mar,Gasoline,ford,Other,2016-03-09 00:00:00,45768,2016-03-25 15:48:40,2016,2016,March,March,15,9
2016-03-07 14:06:18,Ford_Fiesta_1.4_Titanium,privat,Offer,3450,test,kleinwagen,2009,manuell,97,fiesta,125000,Apr,Gasoline,ford,No,2016-03-07 00:00:00,57629,2016-03-14 09:48:52,2016,2016,March,March,7,8
2016-03-23 18:45:41,Verkaufe_Ford_Ka_Bj.2003_TÜV_bis_Maerz_2018,privat,Offer,1300,test,kleinwagen,2003,manuell,0,ka,150000,Mar,Gasoline,ford,Other,2016-03-23 00:00:00,73525,2016-03-23 18:45:41,2016,2016,March,March,13,9
2016-04-01 17:48:19,Ford_Ka_TÜV_und_Au_bis_06.2017,privat,Offer,980,test,kleinwagen,2002,manuell,60,ka,150000,Jul,Gasoline,ford,No,2016-04-01 00:00:00,59073,2016-04-03 14:19:02,2016,2016,April,April,14,5
2016-03-11 16:54:35,Ford_Fiesta_1.3_D3_Servo_Tuev/Asu_09.2016,privat,Offer,1000,test,kleinwagen,2002,manuell,60,fiesta,150000,Oct,Gasoline,ford,No,2016-03-11 00:00:00,47166,2016-03-12 21:19:57,2016,2016,March,March,14,2
2016-03-24 09:53:36,Ford_Fiesta_1.25,privat,Offer,4550,control,kleinwagen,2008,manuell,82,fiesta,125000,Sep,Gasoline,ford,No,2016-03-24 00:00:00,16761,2016-03-24 10:42:47,2016,2016,March,March,8,3
2016-03-11 18:44:55,Ford_Fiesta_Style,privat,Offer,900,test,kleinwagen,1998,manuell,60,fiesta,150000,May,Gasoline,ford,No,2016-03-11 00:00:00,58553,2016-04-05 20:16:59,2016,2016,March,March,18,7
2016-03-08 22:38:57,Ford_Fiesta_1._Hand__97.000_gelaufen!!!_Rentnerfahrzeug!!!!!!!!,privat,Offer,900,test,kleinwagen,1997,manuell,60,fiesta,100000,Sep,Gasoline,ford,No,2016-03-08 00:00:00,56626,2016-03-14 20:44:47,2016,2016,March,March,19,3
2016-03-21 15:45:44,Ford_Fiesta_1.25_Trend,privat,Offer,5500,control,kleinwagen,2009,manuell,82,fiesta,100000,Feb,Gasoline,ford,No,2016-03-21 00:00:00,88299,2016-04-06 13:17:20,2016,2016,March,March,7,10
2016-03-14 10:41:09,Ford_Fiesta_TÜV_Oktober_2016,privat,Offer,250,control,kleinwagen,2001,manuell,50,fiesta,150000,Jan,Gasoline,ford,No,2016-03-14 00:00:00,66578,2016-03-15 04:45:06,2016,2016,March,March,15,11
2016-03-25 17:48:59,An_Bastler,privat,Offer,350,test,kleinwagen,2001,manuell,60,ka,125000,Oct,Gasoline,ford,Other,2016-03-25 00:00:00,53721,2016-03-27 05:17:46,2016,2016,March,March,15,2
2016-03-26 18:47:30,Ford_Fiesta_1.3,privat,Offer,3900,test,kleinwagen,2007,manuell,69,fiesta,90000,Mar,Gasoline,ford,No,2016-03-26 00:00:00,53919,2016-03-29 21:45:49,2016,2016,March,March,9,9
2016-03-27 16:53:38,FORD_FIESTA_TÜV_bis_09/16_ANFÄNGERAUTO_FAHRBEREIT_8fach_bereift,privat,Offer,550,test,kleinwagen,1999,manuell,60,fiesta,150000,Sep,Gasoline,ford,Yes,2016-03-27 00:00:00,95352,2016-04-05 12:44:30,2016,2016,March,March,17,3
2016-03-09 11:56:12,Ford_Ka_zum_Ausschlachten/Bastler_TÜV_4/16,privat,Offer,199,test,kleinwagen,1999,manuell,0,ka,150000,Jan,Gasoline,ford,Yes,2016-03-09 00:00:00,53125,2016-03-10 07:44:29,2016,2016,March,March,17,11
2016-03-26 14:52:19,ford_fiesta,privat,Offer,2750,control,kleinwagen,2006,manuell,100,fiesta,150000,Jun,Gasoline,ford,No,2016-03-26 00:00:00,63512,2016-03-31 10:17:22,2016,2016,March,March,10,6
2016-03-10 23:46:20,Ford_Ka_in_gutem_Zustand,privat,Offer,750,test,kleinwagen,2001,manuell,60,ka,100000,Oct,Gasoline,ford,No,2016-03-10 00:00:00,47119,2016-03-11 17:47:13,2016,2016,March,March,15,2
2016-03-20 18:45:09,Ford_Ka_1.2_Trend,privat,Offer,5000,test,kleinwagen,2009,manuell,69,ka,60000,Feb,Gasoline,ford,No,2016-03-20 00:00:00,30855,2016-04-07 02:16:38,2016,2016,March,March,7,10
2016-03-17 19:43:14,Ford_k_mit_TÜV_1.2017,privat,Offer,350,control,kleinwagen,2001,Unspecified,0,ka,150000,Feb,,ford,Other,2016-03-17 00:00:00,47533,2016-03-17 19:43:14,2016,2016,March,March,15,10
2016-03-20 15:42:03,Ford_Fiesta_gfj_1.3l_Einzelstueck,privat,Offer,600,control,kleinwagen,1994,manuell,60,fiesta,150000,Dec,Gasoline,ford,No,2016-03-20 00:00:00,29352,2016-04-06 19:45:57,2016,2016,March,March,22,0
2016-03-20 01:51:13,FORD___Fiesta____Tuev___10/2017______4x_wie_neu_Jahres_Reifen,privat,Offer,550,test,kleinwagen,1996,manuell,55,fiesta,150000,Dec,Gasoline,ford,Other,2016-03-19 00:00:00,24939,2016-03-22 13:16:02,2016,2016,March,March,20,0
2016-03-10 17:46:12,Ford_Fiesta,privat,Offer,450,control,kleinwagen,1999,manuell,75,fiesta,150000,Mar,Gasoline,ford,Other,2016-03-10 00:00:00,14547,2016-03-12 08:17:07,2016,2016,March,March,17,9
2016-04-03 18:55:05,Ford_Fiesta_Ghia,privat,Offer,750,control,kleinwagen,1997,manuell,75,fiesta,150000,Sep,Gasoline,ford,No,2016-04-03 00:00:00,63110,2016-04-05 19:19:21,2016,2016,April,April,19,3
2016-03-08 18:56:00,Ford_Ka_mit_Tuev,privat,Offer,299,test,kleinwagen,1999,manuell,60,Other,125000,Jan,Gasoline,ford,Other,2016-03-08 00:00:00,57539,2016-04-01 17:51:52,2016,2016,March,March,17,11
2016-04-03 17:55:46,Ford_Fiesta_4_tuerer_TÜV_2/17,privat,Offer,650,test,kleinwagen,1998,manuell,0,Other,150000,Dec,Gasoline,ford,No,2016-04-03 00:00:00,28832,2016-04-05 18:17:47,2016,2016,April,April,18,0
2016-03-16 16:44:51,Ford_KA_Futura_mit_Klimaanlage_*TÜV_NEU*,privat,Offer,850,control,kleinwagen,2001,manuell,60,ka,150000,May,Gasoline,ford,Other,2016-03-16 00:00:00,76359,2016-04-06 20:19:21,2016,2016,March,March,15,7
2016-03-22 08:54:46,Ford_Fiesta_Ghia___KLIMA___TÜV_10/2016,privat,Offer,999,control,kleinwagen,2001,manuell,75,fiesta,125000,Nov,Gasoline,ford,Other,2016-03-22 00:00:00,4736,2016-03-24 23:45:19,2016,2016,March,March,15,1
2016-03-14 10:54:11,Ford_Fiesta,privat,Offer,500,control,kleinwagen,2002,manuell,60,fiesta,125000,Feb,Gasoline,ford,Yes,2016-03-14 00:00:00,66701,2016-03-15 05:45:27,2016,2016,March,March,14,10
2016-03-27 14:49:03,Ford_Ka_Color,privat,Offer,780,control,kleinwagen,1999,manuell,60,ka,100000,Dec,Gasoline,ford,No,2016-03-27 00:00:00,21244,2016-04-07 11:45:01,2016,2016,March,March,17,0
2016-03-21 22:52:32,Ford_Fiesta,privat,Offer,500,control,kleinwagen,2001,manuell,60,fiesta,150000,May,Gasoline,ford,No,2016-03-21 00:00:00,42655,2016-04-07 05:45:35,2016,2016,March,March,15,7
2016-03-07 18:38:22,Ford_Fiesta_mit_LPG_Anlage,privat,Offer,1250,control,kleinwagen,2001,manuell,60,fiesta,150000,Jan,Lpg,ford,No,2016-03-07 00:00:00,72145,2016-04-07 01:44:30,2016,2016,March,March,15,11
2016-03-30 21:44:29,Ford_Fiesta,privat,Offer,1400,test,kleinwagen,2001,manuell,50,fiesta,125000,Sep,Gasoline,ford,No,2016-03-30 00:00:00,54486,2016-04-05 11:46:44,2016,2016,March,March,15,3
2016-03-11 16:25:17,Ford_Fiesta,privat,Offer,500,control,kleinwagen,2002,manuell,60,fiesta,150000,Mar,Gasoline,ford,No,2016-03-11 00:00:00,56220,2016-03-17 12:47:27,2016,2016,March,March,14,9
2016-03-26 14:37:56,Ford_Fiesta,privat,Offer,999,control,kleinwagen,2002,manuell,0,fiesta,125000,Jul,Gasoline,ford,Other,2016-03-26 00:00:00,45888,2016-04-06 02:17:04,2016,2016,March,March,14,5
2016-03-08 20:57:34,FORD___Fiesta____Tuev___10/2017______4x_wie_neu_Jahres_Reifen,privat,Offer,575,control,kleinwagen,1996,manuell,55,fiesta,10000,Dec,Gasoline,ford,No,2016-03-08 00:00:00,24939,2016-03-19 04:44:32,2016,2016,March,March,20,0
2016-03-14 10:42:25,Ford_Ka_+++SUPER_EINSTIEGS___ODER_STADTAUTO++,privat,Offer,1490,control,kleinwagen,2007,manuell,60,ka,100000,Jan,Gasoline,ford,No,2016-03-14 00:00:00,22851,2016-04-07 10:45:00,2016,2016,March,March,9,11
2016-03-31 20:48:28,Ford_Fusion_1.4_Trend,privat,Offer,2299,test,kleinwagen,2003,manuell,80,fusion,90000,Jul,Gasoline,ford,No,2016-03-31 00:00:00,91332,2016-04-04 14:44:47,2016,2016,March,March,13,5
2016-03-26 13:06:22,Bastlerfahrzeug,privat,Offer,350,test,kleinwagen,2000,manuell,0,fiesta,150000,Feb,Gasoline,ford,Yes,2016-03-26 00:00:00,65428,2016-03-26 13:49:21,2016,2016,March,March,16,10
2016-03-31 17:56:10,Ford_KA_60_ps,privat,Offer,2000,control,kleinwagen,2003,manuell,60,Other,60000,Aug,Gasoline,ford,No,2016-03-31 00:00:00,74629,2016-04-06 11:44:41,2016,2016,March,March,13,4
2016-03-16 17:43:24,Ford_Fiesta,privat,Offer,550,control,kleinwagen,1999,manuell,0,fiesta,150000,Jan,Gasoline,ford,Yes,2016-03-16 00:00:00,40670,2016-03-19 15:18:20,2016,2016,March,March,17,11
2016-03-31 18:57:50,Ford_Ka_TÜV_bis_ende_04/16,privat,Offer,170,control,kleinwagen,1998,manuell,60,ka,150000,Feb,Gasoline,ford,Other,2016-03-31 00:00:00,78573,2016-04-02 14:45:31,2016,2016,March,March,18,10
2016-03-07 13:31:12,Ford_Ka_Zu_verkaufen_Tuev_03/2016,privat,Offer,50,test,kleinwagen,1999,manuell,0,ka,150000,Jul,Gasoline,ford,Other,2016-03-07 00:00:00,65199,2016-03-08 14:38:02,2016,2016,March,March,17,5
2016-03-31 16:49:06,Ford_ka_violett,privat,Offer,50,control,kleinwagen,1998,manuell,55,ka,150000,Nov,Gasoline,ford,No,2016-03-31 00:00:00,79618,2016-04-04 09:17:40,2016,2016,March,March,18,1
2016-03-27 23:25:24,ford_focus_2009,privat,Offer,1990,test,kleinwagen,2009,manuell,0,focus,90000,Oct,Diesel,ford,No,2016-03-27 00:00:00,65510,2016-03-29 14:33:22,2016,2016,March,March,7,2
2016-04-03 23:36:55,Ford_Ka_2005__Klima_Tuev_bis_04.2018_Wenig_gelaufen_Scheckheftgepf,privat,Offer,1650,control,kleinwagen,2005,manuell,69,ka,100000,Oct,Gasoline,ford,No,2016-04-03 00:00:00,22761,2016-04-06 08:16:59,2016,2016,April,April,11,2
2016-03-09 19:54:50,Auto_zu_verkaufen_zuschlagen_!,privat,Offer,200,test,kleinwagen,2001,manuell,50,Other,150000,Feb,Gasoline,ford,Yes,2016-03-09 00:00:00,22143,2016-03-30 23:44:43,2016,2016,March,March,15,10
2016-03-25 15:46:43,Ford_ka_mit_1_Jahr_TÜV,privat,Offer,490,test,kleinwagen,1997,Unspecified,0,ka,150000,May,Gasoline,ford,Yes,2016-03-25 00:00:00,32425,2016-03-25 15:46:43,2016,2016,March,March,19,7
2016-03-08 07:56:16,Ford_Fiesta_1_25___16v_*GHIA*_*KLIMA*_*TÜV_bis_12/2016*,privat,Offer,590,test,kleinwagen,1999,manuell,75,fiesta,150000,Dec,Gasoline,ford,No,2016-03-08 00:00:00,38226,2016-03-11 09:15:40,2016,2016,March,March,17,0
2016-03-08 16:53:02,Ford_Fiesta,privat,Offer,250,test,kleinwagen,1999,manuell,0,fiesta,5000,Jan,Gasoline,ford,Other,2016-03-08 00:00:00,47441,2016-03-17 19:15:23,2016,2016,March,March,17,11
2016-03-15 08:37:21,Ford_Fiesta____4_tuerig_mit____TÜV_bis_2_/17,privat,Offer,799,test,kleinwagen,1998,manuell,0,Other,150000,Nov,Gasoline,ford,Other,2016-03-15 00:00:00,42549,2016-04-05 17:25:45,2016,2016,March,March,18,1
2016-03-14 11:45:53,Ford_Fiesta,privat,Offer,600,test,kleinwagen,2001,manuell,60,fiesta,100000,Sep,Gasoline,ford,No,2016-03-14 00:00:00,83435,2016-03-22 05:16:23,2016,2016,March,March,15,3
2016-03-29 11:58:40,tiefergelegter_Ford_Ka,privat,Offer,600,test,kleinwagen,2005,manuell,60,ka,80000,Jan,Gasoline,ford,No,2016-03-29 00:00:00,25845,2016-04-05 21:45:20,2016,2016,March,March,11,11
2016-03-22 22:58:07,Ford_KA_fuer_Bastler__Aufkaeufer_oder_zum_Ausschlachten,privat,Offer,0,control,kleinwagen,2003,manuell,60,ka,125000,Feb,Gasoline,ford,Yes,2016-03-22 00:00:00,54470,2016-03-23 06:45:02,2016,2016,March,March,13,10
2016-03-18 18:42:58,biete_hier_einen_ford_fiesta_baujahr_95,privat,Offer,500,control,kleinwagen,1995,Unspecified,54,fiesta,10000,Jun,Gasoline,ford,No,2016-03-18 00:00:00,27755,2016-03-23 18:17:30,2016,2016,March,March,21,6
2016-04-01 07:58:47,Verkaufe_Ford_Fiesta,privat,Offer,100,test,kleinwagen,1999,manuell,75,fiesta,90000,Sep,Gasoline,ford,Yes,2016-04-01 00:00:00,19071,2016-04-05 02:46:42,2016,2016,April,April,17,3
2016-03-22 15:57:07,Ford_Fiesta_1.4,privat,Offer,2690,control,kleinwagen,2003,manuell,80,fiesta,150000,Apr,Gasoline,ford,No,2016-03-22 00:00:00,35066,2016-04-06 06:45:03,2016,2016,March,March,13,8
2016-03-29 19:51:09,Ford_Ka_zum_herrichten_oder_Ausschlachten,privat,Offer,199,control,kleinwagen,1996,manuell,60,ka,125000,Jun,Gasoline,ford,Yes,2016-03-29 00:00:00,69234,2016-04-04 05:16:36,2016,2016,March,March,20,6
2016-03-16 12:47:16,Fiesta_Ghia_70_PS_5_tuerig_TÜV_11/2017,privat,Offer,1900,test,kleinwagen,2006,manuell,70,fiesta,150000,Jul,Gasoline,ford,No,2016-03-16 00:00:00,58509,2016-03-16 12:47:16,2016,2016,March,March,10,5
2016-03-27 18:42:39,Ford_Fiesta_S,privat,Offer,3666,control,kleinwagen,2008,manuell,101,fiesta,150000,Jul,Gasoline,ford,No,2016-03-27 00:00:00,88483,2016-04-05 15:15:26,2016,2016,March,March,8,5
2016-03-15 16:45:42,Ford_Fiesta_Euro_4_Klimaanlage,privat,Offer,760,control,kleinwagen,2000,manuell,60,fiesta,125000,May,Gasoline,ford,Other,2016-03-15 00:00:00,78224,2016-03-15 16:45:42,2016,2016,March,March,16,7
2016-03-28 00:49:42,Ford_Ka_Finesse,privat,Offer,1350,control,kleinwagen,2002,manuell,60,ka,90000,Sep,Gasoline,ford,No,2016-03-27 00:00:00,32257,2016-04-02 11:17:52,2016,2016,March,March,14,3
2016-03-20 17:36:57,MINI_HOT_ROD__OLDTIMER__US_CAR__ROCKABILLY,privat,Offer,3000,test,kleinwagen,2013,manuell,1000,andere,150000,Jan,Gasoline,ford,Yes,2016-03-20 00:00:00,4626,2016-04-06 23:46:35,2016,2016,March,March,3,11
2016-03-14 02:51:39,ford_focus_!,privat,Offer,1000,test,kleinwagen,2003,manuell,131,focus,150000,Jan,Gasoline,ford,No,2016-03-14 00:00:00,56637,2016-03-30 04:16:23,2016,2016,March,March,13,11
2016-03-21 18:43:49,Ford_Fiesta_Giha_Bj_1996_1_25_L,privat,Offer,400,test,kleinwagen,1996,manuell,75,fiesta,150000,Jun,Gasoline,ford,Other,2016-03-21 00:00:00,30966,2016-03-21 18:43:49,2016,2016,March,March,20,6
2016-03-19 14:55:40,Ford_Focus_1_6l_74kw_TÜV_1/2017,privat,Offer,899,test,kleinwagen,1999,manuell,100,focus,150000,Jul,Gasoline,ford,No,2016-03-19 00:00:00,23881,2016-04-06 22:45:47,2016,2016,March,March,17,5
2016-03-21 23:25:26,Ford_Ka_Futura,privat,Offer,750,test,kleinwagen,2000,manuell,60,ka,150000,Apr,Gasoline,ford,No,2016-03-21 00:00:00,65474,2016-03-23 18:30:49,2016,2016,March,March,16,8
2016-03-06 13:46:13,Ford_Fiesta_TÜV_12/2017,privat,Offer,1200,test,kleinwagen,2002,manuell,60,fiesta,150000,Oct,Gasoline,ford,No,2016-03-06 00:00:00,44149,2016-04-06 05:46:15,2016,2016,March,March,14,2
2016-03-28 15:38:50,Ford_Trend_super_gepflegt,privat,Offer,4600,control,kleinwagen,2009,manuell,0,ka,40000,Jun,Gasoline,ford,No,2016-03-28 00:00:00,33649,2016-04-02 19:47:09,2016,2016,March,March,7,6
2016-03-22 16:47:01,schwarzer_Ford_Fiesta__Erstzulassung_2000,privat,Offer,1000,test,kleinwagen,2000,manuell,60,fiesta,150000,Feb,Gasoline,ford,No,2016-03-22 00:00:00,88662,2016-04-06 06:46:38,2016,2016,March,March,16,10
2016-04-01 11:50:59,Ford_Fiesta_1.3_mit_Klimaanlage_und_Tuev_sowie_8_fach_Bereift.,privat,Offer,1800,test,kleinwagen,2005,manuell,69,fiesta,150000,Sep,Gasoline,ford,No,2016-04-01 00:00:00,47589,2016-04-03 07:50:57,2016,2016,April,April,11,3
2016-04-02 08:55:19,Ford_Ka,privat,Offer,909,control,kleinwagen,1998,manuell,50,ka,50000,Nov,Gasoline,ford,No,2016-04-02 00:00:00,45964,2016-04-06 07:17:25,2016,2016,April,April,18,1
2016-04-06 22:25:24,Ford_Fiesta_1_3,privat,Offer,600,control,kleinwagen,1997,manuell,60,fiesta,150000,Nov,Gasoline,ford,Other,2016-04-06 00:00:00,56244,2016-04-06 22:25:24,2016,2016,April,April,19,1
2016-03-24 21:48:59,Ford_Focus,privat,Offer,2800,test,kleinwagen,2003,manuell,101,focus,90000,Aug,Gasoline,ford,No,2016-03-24 00:00:00,39393,2016-04-05 17:17:18,2016,2016,March,March,13,4
2016-03-16 07:44:36,Ford_Focus_1.4___Tuev_Neu,privat,Offer,1980,control,kleinwagen,2002,manuell,75,focus,150000,Dec,Gasoline,ford,No,2016-03-15 00:00:00,66578,2016-03-17 05:45:20,2016,2016,March,March,14,0
2016-03-11 16:55:53,Ford_ka_voll_fahrbereit,privat,Offer,750,test,kleinwagen,1999,manuell,0,ka,125000,Dec,Gasoline,ford,Other,2016-03-11 00:00:00,50226,2016-03-23 14:19:47,2016,2016,March,March,17,0
2016-03-29 23:55:20,Ford_Ka__TÜV_bis_2018__sehr_guter_Zustand_,privat,Offer,2390,control,kleinwagen,2006,manuell,60,ka,60000,Jun,Gasoline,ford,No,2016-03-29 00:00:00,24105,2016-04-04 19:17:15,2016,2016,March,March,10,6
2016-03-07 14:54:34,Ford_Focus_Ghia_Unfallschaden,privat,Offer,600,control,kleinwagen,2004,manuell,115,focus,150000,Aug,Gasoline,ford,Yes,2016-03-07 00:00:00,95519,2016-03-10 14:17:55,2016,2016,March,March,12,4
2016-03-15 07:56:20,Ford_Fiesta_TÜV_bis_7/16,privat,Offer,550,test,kleinwagen,1997,manuell,0,fiesta,150000,Jul,Gasoline,ford,Other,2016-03-15 00:00:00,48366,2016-03-16 04:47:05,2016,2016,March,March,19,5
2016-03-13 12:48:20,Ford_Fiesta_1.4_TDCI,privat,Offer,1190,test,kleinwagen,2004,manuell,68,fiesta,150000,Feb,Diesel,ford,Yes,2016-03-13 00:00:00,46282,2016-03-19 12:17:53,2016,2016,March,March,12,10
2016-03-06 03:02:24,Ford_Fiesta_1.4_TDCI_NAVI_KLIMA_GHIA,privat,Offer,2250,control,kleinwagen,2004,manuell,0,fiesta,150000,Jul,Diesel,ford,Other,2016-03-06 00:00:00,66111,2016-03-08 14:45:17,2016,2016,March,March,12,5
2016-03-29 20:54:33,FORD_KA_TÜV_NEU_03_/_2018_!,privat,Offer,1350,test,kleinwagen,2004,manuell,60,ka,100000,Jul,Gasoline,ford,No,2016-03-29 00:00:00,88499,2016-03-31 14:45:53,2016,2016,March,March,12,5
2016-03-30 18:42:55,Ford_Fiesta_Ghia,privat,Offer,750,test,kleinwagen,2000,manuell,75,fiesta,150000,May,Gasoline,ford,No,2016-03-30 00:00:00,66333,2016-04-07 09:45:01,2016,2016,March,March,16,7
2016-03-24 22:42:44,Ford_Escort_1.6_16V_GAL_|_HU_05/2017,privat,Offer,400,control,kleinwagen,1992,manuell,90,escort,125000,Aug,Gasoline,ford,Yes,2016-03-24 00:00:00,58730,2016-04-05 17:17:19,2016,2016,March,March,24,4
2016-03-22 17:36:39,Verkaufe_mein_Winter_Auto,privat,Offer,600,control,kleinwagen,1997,manuell,0,Other,150000,Oct,,ford,Other,2016-03-22 00:00:00,91555,2016-04-06 08:16:35,2016,2016,March,March,19,2
2016-03-24 23:58:24,Ford_Fiesta_Ghia_1.Hand_nur_67TKM_Klima_Rentnerfzg.,privat,Offer,1200,test,kleinwagen,2002,manuell,60,fiesta,70000,Jan,Gasoline,ford,Yes,2016-03-24 00:00:00,50931,2016-03-25 08:42:05,2016,2016,March,March,14,11
2016-03-22 12:48:28,Ford_Fiesta_1_3i_Tuev_neu_2Hd_Öl_Rfn_Br_neuw.Klima_Alu,privat,Offer,1697,control,kleinwagen,2002,manuell,60,fiesta,125000,Jan,Gasoline,ford,No,2016-03-22 00:00:00,55232,2016-03-23 20:17:56,2016,2016,March,March,14,11
2016-03-15 12:49:24,Ford_mondeo,privat,Offer,1250,control,kleinwagen,1999,manuell,116,mondeo,70000,Jan,Gasoline,ford,No,2016-03-15 00:00:00,45525,2016-03-15 12:49:24,2016,2016,March,March,17,11
2016-04-01 14:37:15,Ford_Fiesta_fuer_bastler,privat,Offer,150,test,kleinwagen,2001,manuell,44,fiesta,150000,Sep,Gasoline,ford,Yes,2016-04-01 00:00:00,66679,2016-04-07 11:17:38,2016,2016,April,April,15,3
2016-03-30 10:36:39,Ford_Ka_1.3_mit_Extras._TÜV____Neu_!!!,privat,Offer,1100,test,kleinwagen,2002,manuell,60,ka,20000,Mar,Gasoline,ford,No,2016-03-30 00:00:00,41063,2016-03-30 10:36:39,2016,2016,March,March,14,9
2016-04-02 00:47:58,Ford_Fiesta_Futura,privat,Offer,1350,test,kleinwagen,2000,manuell,60,fiesta,125000,Feb,Gasoline,ford,No,2016-04-01 00:00:00,53229,2016-04-06 03:17:13,2016,2016,April,April,16,10
2016-03-23 16:50:06,Ford_Ka,privat,Offer,1990,test,kleinwagen,2006,manuell,60,ka,100000,Aug,Gasoline,ford,No,2016-03-23 00:00:00,38477,2016-04-01 22:47:48,2016,2016,March,March,10,4
2016-03-20 20:41:30,Ford_Focus_1_4_an_Bastler,privat,Offer,350,test,kleinwagen,1999,manuell,75,focus,150000,Feb,Gasoline,ford,Yes,2016-03-20 00:00:00,58453,2016-03-20 20:41:30,2016,2016,March,March,17,10
2016-03-31 17:49:38,Ford_Ka_wennig_Rost__als_Wiederaufbau_zu_Verkaufen,privat,Offer,300,control,kleinwagen,2002,Unspecified,0,ka,125000,Nov,Gasoline,ford,Yes,2016-03-31 00:00:00,99625,2016-04-06 11:44:20,2016,2016,March,March,14,1
2016-03-29 19:58:22,Ford_Fiesta,privat,Offer,500,control,kleinwagen,1999,manuell,60,fiesta,150000,Sep,Gasoline,ford,No,2016-03-29 00:00:00,18439,2016-04-06 06:16:00,2016,2016,March,March,17,3
2016-03-16 20:55:18,Pro.7_Editin_Ford_Ka_Leder,privat,Offer,900,control,kleinwagen,1999,manuell,0,ka,150000,Jul,Gasoline,ford,Other,2016-03-16 00:00:00,44147,2016-04-07 07:46:15,2016,2016,March,March,17,5
2016-03-27 13:58:22,Ford_Fiesta_1.4_Style,privat,Offer,4950,test,kleinwagen,2007,manuell,80,fiesta,30000,Nov,Gasoline,ford,No,2016-03-27 00:00:00,83052,2016-04-07 09:46:30,2016,2016,March,March,9,1
2016-03-07 11:53:53,Ford_Ka_TÜV_01/2016,privat,Offer,0,test,kleinwagen,1998,manuell,60,ka,150000,Jan,Gasoline,ford,Other,2016-03-07 00:00:00,86152,2016-03-08 12:16:47,2016,2016,March,March,18,11
2016-03-26 11:47:08,Ford_Fiesta,privat,Offer,300,control,kleinwagen,1993,manuell,0,fiesta,90000,Jan,Gasoline,ford,Yes,2016-03-26 00:00:00,2727,2016-04-05 23:16:32,2016,2016,March,March,23,11
2016-03-10 12:54:07,Ford_Fiesta,privat,Offer,0,test,kleinwagen,1991,manuell,60,fiesta,150000,May,Gasoline,ford,No,2016-03-10 00:00:00,7318,2016-03-30 16:15:39,2016,2016,March,March,25,7
2016-03-09 11:53:38,Ford_Fiesta_/_KLIMA_servo,privat,Offer,600,test,kleinwagen,1999,manuell,50,fiesta,70000,Feb,Gasoline,ford,No,2016-03-09 00:00:00,28239,2016-03-10 06:46:31,2016,2016,March,March,17,10
2016-03-17 09:49:50,Ford_Fiesta_1.6_Ti_VCT_Sport,privat,Offer,5600,test,kleinwagen,2009,manuell,120,fiesta,150000,Nov,Gasoline,ford,No,2016-03-17 00:00:00,16248,2016-04-06 06:16:29,2016,2016,March,March,7,1
2016-03-24 12:55:54,Ford_Fusion_2003_8fach_bereift__viele_Extras,privat,Offer,1599,test,kleinwagen,2003,manuell,100,fusion,150000,Mar,Gasoline,ford,Other,2016-03-24 00:00:00,47807,2016-03-24 13:40:14,2016,2016,March,March,13,9
2016-03-10 12:58:43,Ford_Fiesta_1_4_mit_neue_Tuev_bis_3/18,privat,Offer,1250,test,kleinwagen,2003,manuell,80,fiesta,150000,Jan,Gasoline,ford,Other,2016-03-10 00:00:00,35510,2016-03-15 02:46:08,2016,2016,March,March,13,11
2016-03-20 16:37:01,Ford_Ka____Gepflegt___wenig_km__Tuev,privat,Offer,599,test,kleinwagen,2001,manuell,44,Other,125000,Jun,,ford,No,2016-03-20 00:00:00,52351,2016-03-20 16:37:01,2016,2016,March,March,15,6
2016-03-24 16:51:23,Ford_KA_zu_verkaufen,privat,Offer,250,control,kleinwagen,2000,manuell,50,ka,125000,Mar,Gasoline,ford,Other,2016-03-24 00:00:00,86343,2016-03-24 16:51:23,2016,2016,March,March,16,9
2016-03-17 15:57:59,Ford__focus__gegen_bestes__gebot,privat,Offer,0,test,kleinwagen,1996,manuell,75,focus,150000,Jan,Gasoline,ford,Yes,2016-03-17 00:00:00,27283,2016-03-24 11:15:38,2016,2016,March,March,20,11
2016-04-03 00:36:34,Ford_Fiesta,privat,Offer,2500,control,kleinwagen,2004,manuell,69,fiesta,90000,Apr,Gasoline,ford,No,2016-04-03 00:00:00,70435,2016-04-07 09:44:40,2016,2016,April,April,12,8
2016-03-08 00:54:37,neu_tuw_2.2018_.motor_mit_kette.tel.015205423607,privat,Offer,899,control,kleinwagen,1998,manuell,55,ka,150000,May,Gasoline,ford,No,2016-03-07 00:00:00,78532,2016-03-09 19:47:09,2016,2016,March,March,18,7
2016-03-28 08:36:42,Ford_Fusion_1.25_Ambiente_Zahnriemen_&_Inspektion_neu,privat,Offer,2500,test,kleinwagen,2006,manuell,75,fusion,150000,Mar,Gasoline,ford,No,2016-03-28 00:00:00,28777,2016-03-30 00:18:25,2016,2016,March,March,10,9
2016-03-15 13:38:12,Ford_Fiesta,privat,Offer,1350,control,kleinwagen,2001,manuell,50,fiesta,150000,Mar,Gasoline,ford,No,2016-03-15 00:00:00,59909,2016-03-28 02:44:23,2016,2016,March,March,15,9
2016-03-22 17:45:18,?Ford_Ka__mit_Klima__mit_neuen_TÜV,privat,Offer,650,test,kleinwagen,1997,manuell,60,ka,150000,Jan,Gasoline,ford,No,2016-03-22 00:00:00,60311,2016-03-23 09:44:39,2016,2016,March,March,19,11
2016-03-17 19:39:03,Ford_KA_TÜV_3/2016,privat,Offer,200,control,kleinwagen,1998,manuell,60,ka,150000,Jun,Gasoline,ford,Yes,2016-03-17 00:00:00,33100,2016-03-17 19:39:03,2016,2016,March,March,18,6
2016-03-30 00:55:35,Ford_Fiesta_Bj._2006_in_guten_sehr_gepflegten_zustand_5_Tuerig,privat,Offer,2700,test,kleinwagen,2006,manuell,69,fiesta,80000,Jun,Gasoline,ford,No,2016-03-30 00:00:00,71364,2016-04-06 22:46:02,2016,2016,March,March,10,6
2016-03-31 11:58:14,Ford_Fiesta_Bj_2007,privat,Offer,3200,control,kleinwagen,2007,manuell,60,fiesta,100000,Jan,Gasoline,ford,No,2016-03-31 00:00:00,71067,2016-04-06 04:46:45,2016,2016,March,March,9,11
2016-04-05 09:51:00,Ford_Focus_5_turig_gut_gepflegt_grau,privat,Offer,1400,control,kleinwagen,2001,manuell,75,focus,150000,Sep,Gasoline,ford,Other,2016-04-05 00:00:00,13355,2016-04-07 13:16:39,2016,2016,April,April,15,3
2016-03-11 16:43:26,Ford_Fiesta_1.3__wenig_Kilometer_Einparkhilfe_Klima_,privat,Offer,2500,test,kleinwagen,2004,manuell,69,fiesta,80000,Apr,Gasoline,ford,No,2016-03-11 00:00:00,52457,2016-04-05 14:17:43,2016,2016,March,March,12,8
2016-03-30 12:55:47,Ford_KA_1.3__alln_Extras__mit_neuem_Tuv._TÜV_bis_2018_Marz,privat,Offer,1100,control,kleinwagen,2002,manuell,60,ka,125000,Aug,Gasoline,ford,No,2016-03-30 00:00:00,41065,2016-03-30 13:41:48,2016,2016,March,March,14,4
2016-03-09 18:48:05,Super_Anfaengerauto_Ford_Ka_Tuev_bis_2017!,privat,Offer,800,test,kleinwagen,2002,manuell,50,ka,100000,Jan,Gasoline,ford,No,2016-03-09 00:00:00,26871,2016-03-14 11:47:15,2016,2016,March,March,14,11
2016-03-09 19:31:03,Ford_Ka_Bj_2002_60_Ps,privat,Offer,120,test,kleinwagen,2002,manuell,60,ka,40000,Mar,Gasoline,ford,Yes,2016-03-09 00:00:00,61267,2016-04-05 12:47:37,2016,2016,March,March,14,9
2016-03-08 15:36:23,Ford_Fiesta_1.3i_BJ2001_TÜV_Nov._2016_!!!,privat,Offer,150,test,kleinwagen,2001,manuell,59,fiesta,125000,Sep,Gasoline,ford,Yes,2016-03-08 00:00:00,21033,2016-03-08 16:43:50,2016,2016,March,March,15,3
2016-03-21 19:46:08,**Ford_Ka_**Erste_Hand**Rostfrei**Super_Anfaengerauto**,privat,Offer,2150,test,kleinwagen,1997,manuell,50,ka,40000,Apr,Gasoline,ford,No,2016-03-21 00:00:00,40789,2016-04-06 21:47:44,2016,2016,March,March,19,8
2016-03-25 11:55:52,Ford_KA_Titanium,privat,Offer,4300,test,kleinwagen,2009,manuell,69,ka,125000,Feb,Gasoline,ford,No,2016-03-25 00:00:00,74861,2016-04-06 13:45:08,2016,2016,March,March,7,10
2016-03-12 20:42:24,Top_Anfaenger_Auto,privat,Offer,1000,test,kleinwagen,1999,Unspecified,75,focus,150000,Jan,,ford,No,2016-03-12 00:00:00,24644,2016-04-05 13:45:17,2016,2016,March,March,17,11
2016-03-07 09:51:39,FORD_KA_1.3_Klima_BJ_2006_el._Fensterheber_8x_Raeder,privat,Offer,590,control,kleinwagen,2006,manuell,60,ka,90000,Aug,Gasoline,ford,Yes,2016-03-07 00:00:00,9337,2016-03-26 02:46:12,2016,2016,March,March,10,4
2016-03-19 13:47:05,Ford_Fiesta_1.3_Ambiente,privat,Offer,1500,test,kleinwagen,2003,manuell,60,fiesta,150000,Jun,Gasoline,ford,No,2016-03-19 00:00:00,94424,2016-03-31 23:18:24,2016,2016,March,March,13,6
2016-03-16 12:46:33,Ford_fiesta_bj_2001,privat,Offer,150,test,kleinwagen,2001,manuell,0,fiesta,150000,Mar,Gasoline,ford,Other,2016-03-16 00:00:00,26871,2016-03-17 10:17:45,2016,2016,March,March,15,9
2016-04-02 16:48:07,Ford_Ka_1.2_Titanium,privat,Offer,4700,control,kleinwagen,2009,manuell,69,ka,70000,Oct,Gasoline,ford,No,2016-04-02 00:00:00,66901,2016-04-06 16:15:36,2016,2016,April,April,7,2
2016-03-14 12:37:36,Servo_und_anhengakuplung,privat,Offer,100,test,kleinwagen,1996,manuell,60,fiesta,125000,Oct,Gasoline,ford,No,2016-03-14 00:00:00,64347,2016-03-17 00:17:08,2016,2016,March,March,20,2
2016-03-22 11:55:27,Forma_ka_von_2005_Tuev04/2018,privat,Offer,999,control,kleinwagen,2005,manuell,0,ka,125000,Aug,Gasoline,ford,Other,2016-03-22 00:00:00,25436,2016-04-06 00:16:23,2016,2016,March,March,11,4
2016-03-26 21:50:46,Ford_Fiesta_jd3_Gear_Ausstattung,privat,Offer,1300,control,kleinwagen,2002,manuell,80,fiesta,125000,Nov,Gasoline,ford,Other,2016-03-26 00:00:00,16866,2016-04-06 14:15:39,2016,2016,March,March,14,1
2016-03-06 12:51:29,Ford_Ka_1HAND_KLIMA_Werkstatt_gepflegt,privat,Offer,980,test,kleinwagen,2001,manuell,60,ka,150000,Feb,Gasoline,ford,No,2016-03-06 00:00:00,24214,2016-03-13 00:45:43,2016,2016,March,March,15,10
2016-04-01 22:47:45,Ford_Ka_mit_neuem_TÜV,privat,Offer,1350,test,kleinwagen,2001,manuell,0,ka,80000,May,,ford,Other,2016-04-01 00:00:00,25524,2016-04-01 22:47:45,2016,2016,April,April,15,7
2016-03-17 13:53:03,Ford_Fiesta,privat,Offer,1000,control,kleinwagen,1998,manuell,60,fiesta,60000,Mar,Gasoline,ford,Yes,2016-03-17 00:00:00,93098,2016-04-06 18:45:36,2016,2016,March,March,18,9
2016-03-29 20:38:17,Ford_Fiesta_1.6_TDCi_Trend,privat,Offer,5500,test,kleinwagen,2009,manuell,90,fiesta,100000,Nov,Diesel,ford,No,2016-03-29 00:00:00,25746,2016-03-31 14:15:54,2016,2016,March,March,7,1
2016-03-20 15:51:44,Ford_fiesta_Ambiente_mit_neuem_TÜV,privat,Offer,1800,control,kleinwagen,2004,manuell,58,fiesta,150000,Aug,Diesel,ford,No,2016-03-20 00:00:00,51149,2016-04-06 20:45:28,2016,2016,March,March,12,4
2016-03-15 17:44:46,Ford_Fiesta_1.2_Gutes_Anfaengerauto_TÜV_12.2016__servo_und_4_tuerig,privat,Offer,399,control,kleinwagen,1998,manuell,60,fiesta,125000,Nov,Gasoline,ford,No,2016-03-15 00:00:00,58099,2016-03-16 15:15:28,2016,2016,March,March,18,1
2016-03-28 19:56:02,Ford_Fiesta_1_4_TDCI_3_tuerer_8fach_bereift,privat,Offer,2500,control,kleinwagen,2007,manuell,68,fiesta,150000,Dec,Diesel,ford,No,2016-03-28 00:00:00,71334,2016-04-01 05:18:06,2016,2016,March,March,9,0
2016-03-19 22:44:12,Ford_Fiesta__Bastlerfahrzeug__Reifen_und_Motor_gut,privat,Offer,300,test,kleinwagen,1997,manuell,75,fiesta,150000,Feb,Gasoline,ford,No,2016-03-19 00:00:00,26487,2016-04-07 12:17:22,2016,2016,March,March,19,10
2016-03-27 18:51:12,FIESTA_1.3_EURO_4,privat,Offer,1599,control,kleinwagen,2002,manuell,0,fiesta,150000,Oct,,ford,Other,2016-03-27 00:00:00,36093,2016-03-27 18:51:12,2016,2016,March,March,14,2
2016-03-20 19:48:50,Ford_Fiesta_1.4_TDCi_Trend,privat,Offer,5250,test,kleinwagen,2011,manuell,69,fiesta,125000,Jan,Diesel,ford,No,2016-03-20 00:00:00,33647,2016-03-30 13:46:10,2016,2016,March,March,5,11
2016-03-16 15:52:44,Ford_Fiesta_1.4_Bastler_Export_Focus,privat,Offer,250,test,kleinwagen,2001,manuell,0,fiesta,150000,Sep,Gasoline,ford,Yes,2016-03-16 00:00:00,74564,2016-04-06 18:45:47,2016,2016,March,March,15,3
2016-03-27 12:56:07,Ford_Puma_Futura_2,privat,Offer,500,test,kleinwagen,2001,manuell,125,andere,150000,Jan,,ford,Other,2016-03-27 00:00:00,90768,2016-03-27 12:56:07,2016,2016,March,March,15,11
2016-03-21 22:51:35,Ford_Fiesta_1.25,privat,Offer,5500,control,kleinwagen,2010,manuell,82,fiesta,80000,Apr,Gasoline,ford,No,2016-03-21 00:00:00,52525,2016-03-22 00:41:24,2016,2016,March,March,6,8
2016-03-07 14:06:36,Ford_Ka,privat,Offer,700,test,kleinwagen,2002,manuell,60,ka,125000,Mar,Gasoline,ford,Yes,2016-03-07 00:00:00,65550,2016-03-14 11:46:38,2016,2016,March,March,14,9
2016-03-08 13:47:53,Ford_Ka_1.2,privat,Offer,3199,control,kleinwagen,2008,manuell,69,ka,150000,Nov,Gasoline,ford,No,2016-03-08 00:00:00,52441,2016-03-08 13:47:53,2016,2016,March,March,8,1
2016-03-29 17:37:50,Ford_Fiesta,privat,Offer,600,control,kleinwagen,2001,manuell,75,fiesta,150000,Apr,Gasoline,ford,Other,2016-03-29 00:00:00,94327,2016-04-06 03:15:56,2016,2016,March,March,15,8
2016-03-22 21:47:54,Ford_Ka_1.3__TÜV_neu,privat,Offer,1000,control,kleinwagen,2002,manuell,60,ka,150000,Jun,Gasoline,ford,No,2016-03-22 00:00:00,79395,2016-04-06 16:45:06,2016,2016,March,March,14,6
2016-03-22 20:39:12,Ford_Fusion_1.6_TDCI_+,privat,Offer,3150,control,kleinwagen,2007,manuell,90,fusion,150000,Jun,Diesel,ford,No,2016-03-22 00:00:00,73037,2016-04-06 14:17:12,2016,2016,March,March,9,6
2016-03-06 13:47:48,Ford_ka_mit_Klima_tuev_03/2018,privat,Offer,1150,test,kleinwagen,2000,manuell,60,ka,150000,Nov,,ford,No,2016-03-06 00:00:00,6484,2016-03-12 12:15:36,2016,2016,March,March,16,1
2016-03-14 21:31:28,Ford_Ka,privat,Offer,1050,control,kleinwagen,2005,manuell,60,ka,150000,Aug,Gasoline,ford,No,2016-03-14 00:00:00,65760,2016-04-06 23:16:28,2016,2016,March,March,11,4
2016-03-24 17:38:00,Schicker_gut_erhaltener_Ford_Ka_Tuev_neu_12/2017_mit_Klima,privat,Offer,1300,control,kleinwagen,2000,manuell,60,ka,150000,Sep,Gasoline,ford,No,2016-03-24 00:00:00,39218,2016-03-29 03:15:20,2016,2016,March,March,16,3
2016-03-22 19:46:56,Ford_Fiesta_1.3_Ambiente,privat,Offer,2500,test,kleinwagen,2005,manuell,60,fiesta,150000,Nov,Gasoline,ford,No,2016-03-22 00:00:00,42389,2016-03-22 19:46:56,2016,2016,March,March,11,1
2016-04-03 12:36:45,Ford_Ka_Bj.2005,privat,Offer,690,control,kleinwagen,2005,Unspecified,0,ka,125000,Jan,Gasoline,ford,Other,2016-04-03 00:00:00,85609,2016-04-07 14:56:54,2016,2016,April,April,11,11
2016-03-31 18:44:26,Ford_ka_titanium,privat,Offer,3990,control,kleinwagen,2009,manuell,69,ka,150000,Jun,Gasoline,ford,No,2016-03-31 00:00:00,26131,2016-04-06 12:16:58,2016,2016,March,March,7,6
2016-03-11 16:54:20,Ford_Ka_Viva,privat,Offer,1400,test,kleinwagen,2003,manuell,60,ka,125000,Oct,Gasoline,ford,No,2016-03-11 00:00:00,13403,2016-03-24 21:47:46,2016,2016,March,March,13,2
2016-04-04 21:53:15,Ford_Fiesta,privat,Offer,1100,test,kleinwagen,2001,manuell,60,fiesta,150000,Dec,Gasoline,ford,No,2016-04-04 00:00:00,58507,2016-04-07 00:45:09,2016,2016,April,April,15,0
2016-03-14 12:52:49,Ford_Ka,privat,Offer,649,test,kleinwagen,2002,manuell,60,ka,125000,Mar,Gasoline,ford,No,2016-03-14 00:00:00,56564,2016-04-07 04:46:32,2016,2016,March,March,14,9
2016-03-09 20:54:57,Ford_Ka_in_schwarZ,privat,Offer,500,test,kleinwagen,2000,manuell,75,ka,150000,Dec,Gasoline,ford,No,2016-03-09 00:00:00,12353,2016-03-17 03:46:57,2016,2016,March,March,16,0
2016-03-20 13:57:08,Ford_Ka__Kleinwagen,privat,Offer,999,test,kleinwagen,2000,manuell,60,ka,80000,May,Gasoline,ford,No,2016-03-20 00:00:00,54552,2016-03-25 13:45:38,2016,2016,March,March,16,7
2016-03-12 21:50:18,Ford_Fiesta_1.3_Style_TÜV_NEU_Scheckheftgepflegt_Garagenfahrzeug,privat,Offer,4350,test,kleinwagen,2008,manuell,60,fiesta,60000,Apr,Gasoline,ford,Other,2016-03-12 00:00:00,50858,2016-03-21 05:16:20,2016,2016,March,March,8,8
2016-03-20 03:03:01,Ford___Ka____RBT,privat,Offer,1300,control,kleinwagen,2004,manuell,60,ka,100000,Jan,Gasoline,ford,Other,2016-03-20 00:00:00,41844,2016-04-06 04:44:45,2016,2016,March,March,12,11
2016-03-10 19:38:34,Ford_Focus;_2002__silber_metallic__166.000_km_zu_verkaufen,privat,Offer,2500,control,kleinwagen,2002,manuell,100,focus,150000,Feb,,ford,No,2016-03-10 00:00:00,49632,2016-03-21 09:45:37,2016,2016,March,March,14,10
2016-03-22 14:55:41,Ford_Fiesta,privat,Offer,250,control,kleinwagen,1991,manuell,75,fiesta,70000,May,Gasoline,ford,Other,2016-03-22 00:00:00,64625,2016-04-06 05:15:31,2016,2016,March,March,25,7
2016-03-09 13:51:53,Ford_Fiesta_Trend,privat,Offer,3499,control,kleinwagen,2009,manuell,82,fiesta,150000,Jun,Gasoline,ford,No,2016-03-09 00:00:00,68804,2016-03-11 08:44:42,2016,2016,March,March,7,6
2016-03-17 18:30:46,Verkaufe_mein_Ford_ka,privat,Offer,450,control,kleinwagen,2002,Unspecified,0,ka,150000,Nov,Gasoline,ford,Other,2016-03-17 00:00:00,61206,2016-03-21 17:50:20,2016,2016,March,March,14,1
2016-03-10 16:47:46,Ford_Fiesta_1.3_TÜV_Neu_Service_Neu_Klima_Service_Neu,privat,Offer,1500,control,kleinwagen,2003,manuell,69,fiesta,150000,Aug,Gasoline,ford,No,2016-03-10 00:00:00,92526,2016-04-05 15:47:22,2016,2016,March,March,13,4
2016-03-07 20:45:45,Ford_Fiesta_1.4_Klima_4_Tuerer,privat,Offer,3990,test,kleinwagen,2008,manuell,80,fiesta,90000,Jan,,ford,No,2016-03-07 00:00:00,44369,2016-03-29 08:16:35,2016,2016,March,March,8,11
2016-03-05 14:50:15,Ford_Ka_1.2_aus_1._Hand_mit_Start/Stopp_und_Scheckheft,privat,Offer,4350,control,kleinwagen,2012,manuell,70,ka,60000,Jan,Gasoline,ford,Other,2016-03-05 00:00:00,44141,2016-03-16 10:48:07,2016,2016,March,March,4,11
2016-04-02 22:47:20,Ford_Fiesta_1.4_TDCI_Ghia,privat,Offer,2800,test,kleinwagen,2004,manuell,68,fiesta,150000,Sep,Diesel,ford,No,2016-04-02 00:00:00,44145,2016-04-06 23:45:52,2016,2016,April,April,12,3
2016-03-12 16:58:59,Ford_KA__2.Hand_TÜV_NEU!!!!!,privat,Offer,1000,control,kleinwagen,2004,manuell,60,ka,150000,Feb,Gasoline,ford,Other,2016-03-12 00:00:00,25421,2016-04-07 14:32:26,2016,2016,March,March,12,10
2016-03-13 20:46:58,Ford_Fiesta,privat,Offer,999,control,kleinwagen,1999,manuell,75,fiesta,150000,Oct,Gasoline,ford,No,2016-03-13 00:00:00,49847,2016-04-06 19:16:46,2016,2016,March,March,17,2
2016-03-25 16:52:08,Ford_Ka_baujahr_2003_mit_Tuev_bis_09.2016,privat,Offer,300,control,kleinwagen,2003,manuell,60,ka,150000,Feb,,ford,Yes,2016-03-25 00:00:00,78549,2016-03-25 16:52:08,2016,2016,March,March,13,10
2016-03-13 11:38:56,Ford_Fiesta_1.25,privat,Offer,4000,control,kleinwagen,2010,manuell,60,fiesta,100000,Feb,Gasoline,ford,No,2016-03-13 00:00:00,21465,2016-04-04 14:15:45,2016,2016,March,March,6,10
2016-04-02 16:37:02,Ford_Fiesta_Flair,privat,Offer,1199,control,kleinwagen,1996,manuell,50,fiesta,100000,Feb,Gasoline,ford,No,2016-04-02 00:00:00,22045,2016-04-06 16:46:12,2016,2016,April,April,20,10
2016-04-04 11:54:48,Ford_KA_ohne_Tuev_mit_Top_Ausstattung,privat,Offer,200,control,kleinwagen,2001,manuell,60,ka,150000,Jan,Gasoline,ford,Other,2016-04-04 00:00:00,24143,2016-04-06 13:44:26,2016,2016,April,April,15,11
2016-03-12 20:47:04,Ford_Fiesta_TÜV_neu_alle_Service_gemacht_Klima_2_Hand_95000tkm,privat,Offer,1850,test,kleinwagen,2001,manuell,75,fiesta,100000,Nov,Gasoline,ford,Other,2016-03-12 00:00:00,70372,2016-04-05 14:17:34,2016,2016,March,March,15,1
2016-03-20 18:52:07,Ford_Ka_Baujahr_2004_Lederausstattung_1500_VB,privat,Offer,1500,test,kleinwagen,2004,manuell,70,ka,150000,Jan,Gasoline,ford,Other,2016-03-20 00:00:00,59320,2016-04-07 02:45:23,2016,2016,March,March,12,11
2016-03-31 19:58:58,Ford_Ka_1.2_KLIMA,privat,Offer,4200,control,kleinwagen,2009,manuell,69,ka,100000,Jun,Gasoline,ford,No,2016-03-31 00:00:00,88400,2016-04-06 15:15:59,2016,2016,March,March,7,6
2016-03-14 22:49:34,Ford_Fiesta_1.6,privat,Offer,580,control,kleinwagen,2002,manuell,101,fiesta,150000,May,Gasoline,ford,Yes,2016-03-14 00:00:00,54497,2016-03-30 06:46:30,2016,2016,March,March,14,7
2016-03-18 18:23:00,Ford_Focus_mit_Rest_TÜV,privat,Offer,400,test,kleinwagen,1999,automatik,131,focus,150000,Apr,Gasoline,ford,No,2016-03-18 00:00:00,56479,2016-04-06 07:46:00,2016,2016,March,March,17,8
2016-03-22 01:51:01,Geeignet_fuer_Bastler_und_Verkehr,privat,Offer,500,test,kleinwagen,1997,manuell,65,fiesta,150000,May,,ford,Yes,2016-03-21 00:00:00,75172,2016-04-05 15:17:42,2016,2016,March,March,19,7
2016-03-11 01:57:22,Ford_FIESTA_1.4_DURATEC_/_KLIMA_/_SERVICE_/_8_FACH_!,privat,Offer,2500,test,kleinwagen,2004,manuell,80,fiesta,150000,Jan,Gasoline,ford,No,2016-03-11 00:00:00,90451,2016-03-26 09:18:18,2016,2016,March,March,12,11
2016-03-23 13:50:19,Ford_Fusion_1.4_Euro_4_Klima_2.Hand,privat,Offer,3200,test,kleinwagen,2007,manuell,80,fusion,150000,Oct,Gasoline,ford,No,2016-03-23 00:00:00,60433,2016-04-06 11:17:54,2016,2016,March,March,9,2
2016-03-11 14:56:47,Ich_verkaufe_mein_Lieblingsauto_mit_gute_Zustand.,privat,Offer,999,control,kleinwagen,2005,manuell,0,ka,125000,Sep,Gasoline,ford,Other,2016-03-11 00:00:00,80992,2016-03-11 14:56:47,2016,2016,March,March,11,3
2016-03-28 21:56:32,Wunderschoener_Ford_KA_LUXUS_MODEL_Vollausstattung!!nur_vb:1499,privat,Offer,1499,control,kleinwagen,2004,manuell,69,ka,150000,Feb,Gasoline,ford,No,2016-03-28 00:00:00,80939,2016-03-28 22:44:52,2016,2016,March,March,12,10
2016-03-28 16:06:45,Ford_Fiesta_1_3,privat,Offer,1250,control,kleinwagen,2003,manuell,60,fiesta,150000,Jan,Gasoline,ford,Other,2016-03-28 00:00:00,56414,2016-03-29 15:21:54,2016,2016,March,March,13,11
2016-03-06 14:42:26,Ford_Fiesta_1.4_TDCI_Viva_X_1._Hand__Top_Zustand,privat,Offer,3500,test,kleinwagen,2005,manuell,68,fiesta,100000,Oct,Diesel,ford,No,2016-03-06 00:00:00,35037,2016-03-07 19:29:58,2016,2016,March,March,11,2
2016-03-25 21:55:32,Verkaufe_Ford_Fiesta,privat,Offer,650,test,kleinwagen,1998,manuell,60,fiesta,150000,Jan,Gasoline,ford,No,2016-03-25 00:00:00,15890,2016-04-07 07:44:35,2016,2016,March,March,18,11
2016-03-08 12:50:05,Ford_Fiesta_Style,privat,Offer,750,control,kleinwagen,1999,manuell,50,fiesta,90000,May,Gasoline,ford,No,2016-03-08 00:00:00,35685,2016-03-10 09:29:15,2016,2016,March,March,17,7
2016-03-20 13:36:57,Ford_Ka,privat,Offer,999,test,kleinwagen,2000,manuell,60,ka,80000,May,Gasoline,ford,No,2016-03-20 00:00:00,54552,2016-03-25 12:51:00,2016,2016,March,March,16,7
2016-03-11 23:46:37,Ford_Fiesta_1.6_Ghia,privat,Offer,1850,test,kleinwagen,2003,manuell,101,fiesta,125000,Dec,Gasoline,ford,No,2016-03-11 00:00:00,9399,2016-03-19 20:16:51,2016,2016,March,March,13,0
2016-03-09 12:53:29,Ford_Fiesta_1.3_TÜV_Neu,privat,Offer,2199,control,kleinwagen,2005,manuell,69,fiesta,90000,Jan,Gasoline,ford,No,2016-03-09 00:00:00,70734,2016-03-12 09:45:01,2016,2016,March,March,11,11
2016-03-25 10:47:20,Gelber_Ford_Ka_an_Bastler__44_Kw__gelbe_AluFelgen__geringe_Maengel,privat,Offer,195,test,kleinwagen,1997,manuell,44,ka,125000,Oct,Diesel,ford,Yes,2016-03-25 00:00:00,31228,2016-04-06 10:17:17,2016,2016,March,March,19,2
2016-03-22 15:39:00,Ford_Ka_Royal_1_3i_44KW_60PS_,privat,Offer,1300,control,kleinwagen,2000,manuell,60,ka,125000,Nov,Gasoline,ford,No,2016-03-22 00:00:00,17489,2016-03-28 05:17:36,2016,2016,March,March,16,1
2016-04-03 11:51:20,Ford_Fiesta_GFJ,privat,Offer,450,control,kleinwagen,1995,manuell,60,fiesta,150000,Jul,Gasoline,ford,Other,2016-04-03 00:00:00,30177,2016-04-07 12:47:03,2016,2016,April,April,21,5
2016-03-22 18:51:32,Verkaufe_Ford_fiesta,privat,Offer,200,control,kleinwagen,1997,manuell,0,fiesta,90000,Oct,Gasoline,ford,Other,2016-03-22 00:00:00,89233,2016-04-04 10:18:08,2016,2016,March,March,19,2
2016-03-21 12:57:14,Ford_Fiesta_1.4_Ghia,privat,Offer,2250,control,kleinwagen,2004,manuell,80,fiesta,150000,Oct,Gasoline,ford,No,2016-03-21 00:00:00,35578,2016-03-22 21:29:45,2016,2016,March,March,12,2
2016-03-12 11:56:10,Ford_Fiesta_Style_Polar__Silber__Metallic,privat,Offer,800,test,kleinwagen,1998,manuell,75,fiesta,60000,Dec,Gasoline,ford,No,2016-03-12 00:00:00,79694,2016-03-13 03:16:03,2016,2016,March,March,18,0
2016-03-15 11:41:51,Ford_Fiesta_mit_Tuev,privat,Offer,1750,test,kleinwagen,2004,manuell,60,fiesta,150000,Nov,Gasoline,ford,No,2016-03-15 00:00:00,51061,2016-03-17 05:16:20,2016,2016,March,March,12,1
2016-04-04 08:49:28,Ford_KA_Basis_SERVO/Technisch_Tip_/Top_/Sommer+Winterreifen______,privat,Offer,975,control,kleinwagen,2005,manuell,60,ka,125000,Dec,Gasoline,ford,No,2016-04-04 00:00:00,45896,2016-04-04 09:43:47,2016,2016,April,April,11,0
2016-03-14 10:48:42,Gut_gepflegter_Ford_Fiesta,privat,Offer,2500,control,kleinwagen,2004,manuell,69,fiesta,100000,Jan,Gasoline,ford,Other,2016-03-14 00:00:00,76764,2016-03-14 10:48:42,2016,2016,March,March,12,11
2016-03-28 18:46:57,Ford_Fiesta_Kleinwagen_1_Jahr_TÜV_bis_April_2017,privat,Offer,666,control,kleinwagen,1996,manuell,50,fiesta,125000,Feb,Gasoline,ford,Other,2016-03-28 00:00:00,89443,2016-04-07 00:46:12,2016,2016,March,March,20,10
2016-03-15 17:56:26,Fiester_D_Automatik,privat,Offer,250,control,kleinwagen,1997,automatik,75,Other,150000,Nov,Gasoline,ford,Yes,2016-03-15 00:00:00,44627,2016-04-06 17:15:38,2016,2016,March,March,19,1
2016-04-04 00:44:51,Ford_Fiesta_1.3_Trend,privat,Offer,1599,test,kleinwagen,2003,manuell,69,fiesta,150000,May,Gasoline,ford,No,2016-04-03 00:00:00,45133,2016-04-06 03:44:26,2016,2016,April,April,13,7
2016-03-28 16:43:08,Ford_Fiesta__4_Trg_Graumetallick,privat,Offer,1350,test,kleinwagen,2001,manuell,0,Other,125000,Dec,,ford,No,2016-03-28 00:00:00,33611,2016-04-04 19:18:56,2016,2016,March,March,15,0
2016-03-30 17:38:39,Ford_Fiesta_1.3,privat,Offer,2400,control,kleinwagen,2005,manuell,68,fiesta,150000,Sep,Gasoline,ford,No,2016-03-30 00:00:00,47057,2016-03-30 17:38:39,2016,2016,March,March,11,3
2016-04-02 10:48:14,Gutes_Anfaenger_Auto,privat,Offer,990,test,kleinwagen,2002,automatik,0,fiesta,150000,Aug,Gasoline,ford,No,2016-04-02 00:00:00,77736,2016-04-04 07:50:43,2016,2016,April,April,14,4
2016-03-15 12:48:06,Ford_Fiesta,privat,Offer,180,control,kleinwagen,1997,manuell,60,fiesta,125000,Jan,Gasoline,ford,No,2016-03-15 00:00:00,82178,2016-04-06 01:15:57,2016,2016,March,March,19,11
2016-04-01 21:40:50,Ford_Fusion_1.4_+,privat,Offer,3200,test,kleinwagen,2004,manuell,80,fusion,100000,Oct,Gasoline,ford,No,2016-04-01 00:00:00,1099,2016-04-05 19:16:04,2016,2016,April,April,12,2
2016-04-04 14:38:10,Ford_Fiesta_45_Tuerig_KLIMA,privat,Offer,790,test,kleinwagen,2002,manuell,75,fiesta,150000,Feb,Gasoline,ford,Other,2016-04-04 00:00:00,58256,2016-04-04 14:38:10,2016,2016,April,April,14,10
2016-03-24 23:45:55,Ford_ka__reserviert,privat,Offer,350,test,kleinwagen,1999,Unspecified,0,ka,100000,Dec,Gasoline,ford,Other,2016-03-24 00:00:00,30165,2016-03-29 11:44:57,2016,2016,March,March,17,0
2016-03-05 16:55:43,Ford_Fiesta_1_3_l_BJ_2003,privat,Offer,1300,control,kleinwagen,2003,manuell,69,fiesta,150000,Jul,Gasoline,ford,No,2016-03-05 00:00:00,83543,2016-03-08 12:44:46,2016,2016,March,March,13,5
2016-03-10 09:51:36,Ford_Ka_BJ_2001_mit_KLIMA_****Tuev_&_Asu_Neu_60Ps,privat,Offer,900,test,kleinwagen,2001,manuell,60,ka,150000,Feb,Gasoline,ford,Other,2016-03-10 00:00:00,94227,2016-04-06 07:16:49,2016,2016,March,March,15,10
2016-03-10 19:48:34,Ford_fiesta,privat,Offer,2150,control,kleinwagen,2006,manuell,80,fiesta,150000,Jun,Gasoline,ford,Other,2016-03-10 00:00:00,40625,2016-04-06 03:45:58,2016,2016,March,March,10,6
2016-04-05 11:55:12,Ford_Focus,privat,Offer,4600,test,kleinwagen,2002,automatik,131,focus,40000,Dec,Gasoline,ford,No,2016-04-05 00:00:00,53842,2016-04-05 12:42:32,2016,2016,April,April,14,0
2016-03-15 20:55:05,Ford_Ka_Fun_X,privat,Offer,2250,test,kleinwagen,2007,manuell,60,ka,100000,Mar,Gasoline,ford,No,2016-03-15 00:00:00,78250,2016-04-07 03:45:35,2016,2016,March,March,9,9
2016-03-26 14:59:40,Ford_Fusion,privat,Offer,3200,control,kleinwagen,2004,manuell,80,fusion,150000,Jan,Diesel,ford,No,2016-03-26 00:00:00,84508,2016-04-06 02:46:34,2016,2016,March,March,12,11
2016-03-24 22:50:29,Ford_Fiesta_1.4_80_ps,privat,Offer,3550,control,kleinwagen,2008,manuell,80,fiesta,100000,Nov,Gasoline,ford,No,2016-03-24 00:00:00,59077,2016-04-05 20:44:28,2016,2016,March,March,8,1
2016-03-07 01:47:15,Ford_Ford_Fiesta_TÜV/_AU_Neu,privat,Offer,2250,control,kleinwagen,2002,manuell,69,fiesta,100000,Dec,Gasoline,ford,No,2016-03-06 00:00:00,24568,2016-03-08 16:19:00,2016,2016,March,March,14,0
2016-03-29 17:54:48,An_Bastler,privat,Offer,450,control,kleinwagen,2000,manuell,115,focus,125000,Apr,Gasoline,ford,Yes,2016-03-29 00:00:00,33014,2016-03-29 17:54:48,2016,2016,March,March,16,8
2016-03-28 11:49:29,Ford_Fiesta_1.3___8_fach_bereift___Klima,privat,Offer,2690,control,kleinwagen,2004,manuell,51,fiesta,150000,Oct,Gasoline,ford,No,2016-03-28 00:00:00,67744,2016-03-30 02:16:34,2016,2016,March,March,12,2
2016-03-29 16:46:12,Ford_Ka_TÜV_01/2016,privat,Offer,0,control,kleinwagen,1998,manuell,60,ka,150000,Jan,Gasoline,ford,Other,2016-03-29 00:00:00,86199,2016-03-29 16:46:12,2016,2016,March,March,18,11
2016-03-12 19:42:23,Ford_Escort_fuer_Bastler,privat,Offer,450,test,kleinwagen,1998,manuell,75,escort,150000,Jan,Gasoline,ford,Yes,2016-03-12 00:00:00,25779,2016-03-27 16:17:03,2016,2016,March,March,18,11
2016-03-30 15:55:08,Biete_Auto_an_.,privat,Offer,1100,test,kleinwagen,2003,Unspecified,0,fiesta,150000,Nov,Gasoline,ford,No,2016-03-30 00:00:00,84524,2016-03-30 16:41:49,2016,2016,March,March,13,1
2016-03-31 18:45:45,FORD_Fiesta_V_5__5_trg__ZV__Schiebedach,privat,Offer,1250,control,kleinwagen,2002,manuell,80,fiesta,150000,Apr,Gasoline,ford,Yes,2016-03-31 00:00:00,59757,2016-04-06 12:44:33,2016,2016,March,March,14,8
2016-03-20 12:36:43,Ford_Fiesta,privat,Offer,1450,test,kleinwagen,2003,manuell,69,fiesta,150000,Mar,Gasoline,ford,No,2016-03-20 00:00:00,47051,2016-03-21 14:46:05,2016,2016,March,March,13,9
2016-03-12 16:49:23,Ford_Fiesta,privat,Offer,300,control,kleinwagen,1994,manuell,0,fiesta,125000,Mar,Gasoline,ford,No,2016-03-12 00:00:00,55234,2016-03-14 09:15:22,2016,2016,March,March,22,9
2016-03-22 23:36:43,Ford_Fiesta_mit_Sommer_und_Winterraeder_und_neuem_TÜV,privat,Offer,1290,test,kleinwagen,2001,manuell,0,fiesta,70000,Nov,Gasoline,ford,No,2016-03-22 00:00:00,39418,2016-04-07 06:46:29,2016,2016,March,March,15,1
2016-03-26 12:38:59,Ford_Fiesta_1.4_TDCI_2._Hand_TÜV_06/17,privat,Offer,2150,control,kleinwagen,2006,manuell,0,fiesta,150000,Mar,Diesel,ford,Other,2016-03-26 00:00:00,53842,2016-04-05 12:38:01,2016,2016,March,March,10,9
2016-03-07 11:47:43,Ford_Fiesta_Flair___unfallfrei!,privat,Offer,500,test,kleinwagen,1996,manuell,0,fiesta,90000,Sep,Gasoline,ford,No,2016-03-07 00:00:00,14163,2016-03-09 09:47:02,2016,2016,March,March,20,3
2016-03-18 15:38:35,Ford_Fusion,privat,Offer,2900,control,kleinwagen,2003,manuell,0,fusion,100000,May,Gasoline,ford,No,2016-03-18 00:00:00,26506,2016-04-05 22:17:41,2016,2016,March,March,13,7
2016-04-01 21:54:06,Ford_Fiesta_1.3__Klima__sehr_gepflegt__1._Hd.,privat,Offer,3599,test,kleinwagen,2008,manuell,60,fiesta,80000,Apr,Gasoline,ford,No,2016-04-01 00:00:00,42655,2016-04-03 19:46:29,2016,2016,April,April,8,8
2016-03-12 09:57:07,Verkaufe_Ford_KA_Fun_Bj2006_TÜV_11/2016_Scheckheft_bei_Ford_!,privat,Offer,950,control,kleinwagen,2006,manuell,60,ka,150000,Feb,Gasoline,ford,No,2016-03-12 00:00:00,30625,2016-03-13 01:17:20,2016,2016,March,March,10,10
2016-03-15 10:57:31,FORD_FOCUS_1.4_TÜV_01.2018,privat,Offer,899,control,kleinwagen,1998,manuell,75,focus,150000,May,Gasoline,ford,No,2016-03-15 00:00:00,42897,2016-03-16 06:48:44,2016,2016,March,March,18,7
2016-03-28 11:39:11,Ford_Ka_mit_1300ccm,privat,Offer,1499,control,kleinwagen,2004,manuell,0,ka,125000,Mar,Gasoline,ford,No,2016-03-28 00:00:00,94496,2016-04-06 13:17:34,2016,2016,March,March,12,9
2016-03-29 11:56:04,Ford_Ka_Guter_Zustand,privat,Offer,2500,test,kleinwagen,2000,manuell,60,ka,150000,Jul,Gasoline,ford,No,2016-03-29 00:00:00,33803,2016-04-05 21:45:22,2016,2016,March,March,16,5
2016-03-31 15:36:23,Ford_Fiesta_1.4_Klima_Bilder_folgen,privat,Offer,2990,control,kleinwagen,2008,manuell,80,fiesta,150000,May,Gasoline,ford,No,2016-03-31 00:00:00,45739,2016-04-06 09:45:35,2016,2016,March,March,8,7
2016-03-25 13:45:11,Ford_Fusion_1.4_Trend,privat,Offer,700,test,kleinwagen,2005,manuell,80,fusion,150000,Jul,Gasoline,ford,Yes,2016-03-25 00:00:00,45888,2016-03-28 12:46:59,2016,2016,March,March,11,5
2016-03-09 16:51:40,Weisser_Ford_KA,privat,Offer,4800,test,kleinwagen,2009,manuell,69,ka,40000,Sep,Gasoline,ford,Other,2016-03-09 00:00:00,53545,2016-04-05 03:46:10,2016,2016,March,March,7,3
2016-03-22 08:36:16,Ford_Ka_Titanium_1_2_l,privat,Offer,2600,control,kleinwagen,2009,manuell,69,ka,125000,Sep,Gasoline,ford,No,2016-03-22 00:00:00,40789,2016-03-22 09:49:50,2016,2016,March,March,7,3
2016-03-14 08:54:52,Ford_Fiesta_Flair,privat,Offer,600,test,kleinwagen,1996,manuell,60,fiesta,150000,Oct,Gasoline,ford,No,2016-03-14 00:00:00,41066,2016-03-14 08:54:52,2016,2016,March,March,20,2
2016-03-20 20:56:27,Ford_Fiesta_1.4,privat,Offer,2800,test,kleinwagen,2004,manuell,80,fiesta,125000,Jun,Gasoline,ford,No,2016-03-20 00:00:00,86489,2016-03-30 15:47:17,2016,2016,March,March,12,6
2016-03-23 19:42:34,Ford_Fiesta_*RESERVIERT*,privat,Offer,950,control,kleinwagen,2005,manuell,60,fiesta,150000,Jan,Gasoline,ford,No,2016-03-23 00:00:00,50169,2016-04-06 00:17:42,2016,2016,March,March,11,11
2016-03-21 21:46:54,Ford_Ka_Royal,privat,Offer,1520,control,kleinwagen,2002,manuell,60,ka,125000,Sep,Gasoline,ford,No,2016-03-21 00:00:00,49406,2016-04-07 01:45:32,2016,2016,March,March,14,3
2016-04-05 10:37:19,Ford_Focus_3Tuerer_ohne_Tuev,privat,Offer,500,control,kleinwagen,1999,manuell,0,focus,150000,Feb,,ford,No,2016-04-05 00:00:00,8412,2016-04-07 13:16:15,2016,2016,April,April,17,10
2016-03-22 22:42:12,Gepflegter_Ford_Ka,privat,Offer,290,control,kleinwagen,2001,manuell,60,ka,125000,Jan,Gasoline,ford,Yes,2016-03-22 00:00:00,31582,2016-03-22 22:42:12,2016,2016,March,March,15,11
2016-03-29 14:40:29,Ford_Ka,privat,Offer,1300,test,kleinwagen,2005,manuell,60,ka,125000,Mar,Gasoline,ford,No,2016-03-29 00:00:00,52388,2016-04-05 23:47:06,2016,2016,March,March,11,9
2016-03-16 15:48:16,Ford_fiesta_1.3i,privat,Offer,250,test,kleinwagen,1996,manuell,60,fiesta,150000,Jan,Gasoline,ford,Other,2016-03-16 00:00:00,95145,2016-03-17 13:46:10,2016,2016,March,March,20,11
2016-03-29 09:50:41,Ford_Ka_Fun_X,privat,Offer,2500,test,kleinwagen,2007,manuell,69,ka,60000,Feb,Gasoline,ford,No,2016-03-29 00:00:00,86420,2016-04-05 19:17:11,2016,2016,March,March,9,10
2016-03-08 12:54:46,Ford_Fiesta_Blues,privat,Offer,750,test,kleinwagen,1994,manuell,60,fiesta,50000,Jun,Gasoline,ford,No,2016-03-08 00:00:00,50189,2016-03-23 14:47:28,2016,2016,March,March,22,6
2016-03-31 13:38:32,Ford_Fiesta_1.3_Duratec_8V__3_tuerig_in_Silber_Metallic,privat,Offer,2990,control,kleinwagen,2004,manuell,69,fiesta,125000,Aug,Gasoline,ford,No,2016-03-31 00:00:00,76887,2016-04-06 05:46:46,2016,2016,March,March,12,4
2016-03-10 14:38:51,Ford_Fiesta_1.4_TDCI_Klima_TÜV_NEU,privat,Offer,1450,test,kleinwagen,2003,manuell,68,fiesta,150000,Mar,Diesel,ford,No,2016-03-10 00:00:00,85643,2016-03-10 14:38:51,2016,2016,March,March,13,9
2016-03-13 11:53:17,Verkaufe_Ford_KA_Fun_Bj2006_TÜV_11/2016_Scheckheft_bei_Ford_!,privat,Offer,850,control,kleinwagen,2002,manuell,60,ka,150000,Sep,Gasoline,ford,No,2016-03-13 00:00:00,30625,2016-03-13 11:53:17,2016,2016,March,March,14,3
2016-03-17 15:51:06,Der_Ford_Ka_ist_fahrbereit,privat,Offer,250,test,kleinwagen,2001,manuell,0,ka,90000,Jan,Gasoline,ford,Other,2016-03-17 00:00:00,88450,2016-03-17 15:51:06,2016,2016,March,March,15,11
2016-03-22 11:36:22,Ford_Ka,privat,Offer,700,control,kleinwagen,1998,manuell,60,ka,125000,Jul,Gasoline,ford,No,2016-03-22 00:00:00,84364,2016-03-23 19:47:21,2016,2016,March,March,18,5
2016-03-16 20:50:15,Ford_KA_1.3___nur_63.000KM__Klimaautomatik/Euro_4,privat,Offer,399,control,kleinwagen,2002,manuell,60,ka,70000,Jun,Gasoline,ford,No,2016-03-16 00:00:00,96317,2016-04-07 07:45:49,2016,2016,March,March,14,6
2016-03-05 14:43:29,Ford_Focus_Finesse,privat,Offer,1550,control,kleinwagen,2002,manuell,100,focus,150000,Jun,Gasoline,ford,No,2016-03-05 00:00:00,90542,2016-03-06 03:46:19,2016,2016,March,March,14,6
2016-03-19 00:53:31,Ford_Fiesta_SEHR_GEPFLEGT._2.HAND._TÜV_07/2017,privat,Offer,950,control,kleinwagen,2000,manuell,50,fiesta,125000,Jun,Gasoline,ford,No,2016-03-19 00:00:00,24143,2016-03-21 11:46:07,2016,2016,March,March,16,6
2016-03-17 17:43:28,Ford_Fiesta,privat,Offer,2700,control,kleinwagen,2001,manuell,55,fiesta,5000,Jan,Gasoline,ford,No,2016-03-17 00:00:00,30655,2016-04-07 03:17:25,2016,2016,March,March,15,11
2016-03-13 13:42:15,Ford_Fiesta,privat,Offer,999,test,kleinwagen,1999,manuell,50,fiesta,90000,Feb,Gasoline,ford,No,2016-03-13 00:00:00,87700,2016-04-02 16:46:46,2016,2016,March,March,17,10
2016-03-29 17:45:51,Ford_Fusion_1.4,privat,Offer,1890,control,kleinwagen,2003,manuell,80,fusion,150000,May,Gasoline,ford,No,2016-03-29 00:00:00,20257,2016-04-06 03:17:05,2016,2016,March,March,13,7
2016-03-31 15:38:52,Ford_Ka_Fun_69PS_mit_Klimaanlage,privat,Offer,1800,control,kleinwagen,2007,manuell,69,ka,125000,Mar,Gasoline,ford,No,2016-03-31 00:00:00,14165,2016-04-06 08:16:44,2016,2016,March,March,9,9
2016-03-22 11:46:05,Ford_Ka_als_Bastlerfahrzeug__Als_Ersatzteillager_oder_zum_Export,privat,Offer,100,control,kleinwagen,1999,manuell,45,ka,150000,May,Gasoline,ford,Yes,2016-03-22 00:00:00,28816,2016-03-22 11:46:05,2016,2016,March,March,17,7
2016-03-15 10:53:34,Ford__KA__Kleinwagen,privat,Offer,500,control,kleinwagen,1999,manuell,0,ka,125000,Mar,Gasoline,ford,No,2016-03-15 00:00:00,48161,2016-04-05 19:47:27,2016,2016,March,March,17,9
2016-03-07 11:36:55,Zuverlaessiger_Ford_Fiesta_Ghia___HU_5/17,privat,Offer,950,test,kleinwagen,2000,manuell,75,fiesta,150000,Mar,Gasoline,ford,Other,2016-03-07 00:00:00,85084,2016-03-10 12:46:23,2016,2016,March,March,16,9
2016-03-08 22:53:37,Ford_Ka__origi._84.900_km_1._Hand_gepflegter_Zustand__Scheckheft,privat,Offer,250,test,kleinwagen,1998,manuell,60,ka,90000,Jan,Gasoline,ford,Yes,2016-03-08 00:00:00,57399,2016-03-28 13:18:13,2016,2016,March,March,18,11
2016-04-03 19:47:25,Ford_Ka_2_Jahre_TÜV,privat,Offer,1199,test,kleinwagen,2001,manuell,0,ka,80000,May,Gasoline,ford,Other,2016-04-03 00:00:00,25524,2016-04-05 20:19:28,2016,2016,April,April,15,7
2016-04-04 12:54:26,Ford_Fusion_1.4_Klima_80PS_TÜV_CD_Radio_Mischung_aus_Fiesta_Focus,privat,Offer,2499,control,kleinwagen,2002,manuell,80,fusion,150000,Sep,Gasoline,ford,No,2016-04-04 00:00:00,16567,2016-04-05 12:50:16,2016,2016,April,April,14,3
2016-03-25 22:45:06,Auto!!__Guenstig!!,privat,Offer,950,control,kleinwagen,2002,manuell,0,focus,150000,Feb,Gasoline,ford,Other,2016-03-25 00:00:00,66954,2016-04-07 05:17:24,2016,2016,March,March,14,10
2016-03-07 17:59:02,Ford_Fiesta,privat,Offer,1900,test,kleinwagen,2002,manuell,68,fiesta,150000,Nov,Diesel,ford,Yes,2016-03-07 00:00:00,59199,2016-04-01 00:16:11,2016,2016,March,March,14,1
2016-03-21 10:57:12,Verkauf_wegen_Neuanschaffung,privat,Offer,600,test,kleinwagen,1999,manuell,115,focus,150000,Jan,Gasoline,ford,Other,2016-03-21 00:00:00,4603,2016-03-21 11:38:54,2016,2016,March,March,17,11
2016-03-15 13:54:14,++++_Ford_Fiesta_Bj_2004_++++,privat,Offer,1500,control,kleinwagen,2004,manuell,0,fiesta,150000,Oct,Gasoline,ford,Yes,2016-03-15 00:00:00,64521,2016-03-19 07:45:36,2016,2016,March,March,12,2
2016-04-04 20:57:59,Ford_Fiesta,privat,Offer,600,control,kleinwagen,1997,manuell,60,fiesta,150000,Aug,Gasoline,ford,No,2016-04-04 00:00:00,27356,2016-04-06 23:44:25,2016,2016,April,April,19,4
2016-03-29 17:55:48,Ford_Ka_Futura,privat,Offer,999,control,kleinwagen,2000,manuell,60,ka,150000,Aug,Gasoline,ford,Other,2016-03-29 00:00:00,41470,2016-04-06 03:45:27,2016,2016,March,March,16,4
2016-03-30 20:43:09,Ford_Fiesta_Style_1.2,privat,Offer,750,control,kleinwagen,1997,manuell,75,fiesta,150000,Dec,Gasoline,ford,Yes,2016-03-30 00:00:00,33397,2016-04-07 12:45:21,2016,2016,March,March,19,0
2016-03-12 08:52:59,Keine_TÜV_vollfarberait,privat,Offer,200,control,kleinwagen,1996,Unspecified,0,fiesta,125000,Sep,,ford,No,2016-03-12 00:00:00,64347,2016-03-12 08:52:59,2016,2016,March,March,20,3
2016-03-20 23:55:28,Technisch_ueberholtes_Fahrzeug_zu_verkaufen,privat,Offer,250,control,kleinwagen,1999,manuell,55,fiesta,150000,Mar,,ford,Yes,2016-03-20 00:00:00,65549,2016-04-06 07:44:19,2016,2016,March,March,17,9
2016-03-12 09:37:03,Ford_Fiesta,privat,Offer,450,control,kleinwagen,2001,manuell,50,fiesta,150000,Nov,Gasoline,ford,No,2016-03-12 00:00:00,26826,2016-03-13 01:17:21,2016,2016,March,March,15,1
2016-03-14 13:43:53,ford_focus_1_8_di,privat,Offer,1250,test,kleinwagen,2002,manuell,115,focus,150000,Sep,Diesel,ford,No,2016-03-14 00:00:00,24105,2016-03-24 21:15:28,2016,2016,March,March,14,3
2016-04-02 20:40:11,Ford_Ka_Gepflegter_Zustand_60_PS_Tuev_Neu,privat,Offer,1550,test,kleinwagen,2004,manuell,60,ka,100000,Jun,Gasoline,ford,No,2016-04-02 00:00:00,79241,2016-04-06 20:47:24,2016,2016,April,April,12,6
2016-03-31 01:00:03,Ford_Fiesta,privat,Offer,999,control,kleinwagen,2002,manuell,75,fiesta,150000,Sep,Gasoline,ford,No,2016-03-31 00:00:00,44328,2016-04-06 00:17:16,2016,2016,March,March,14,3
2016-03-08 18:42:41,Ford_Fiesta_JD3,privat,Offer,1990,test,kleinwagen,2005,manuell,69,fiesta,150000,Jul,Gasoline,ford,Other,2016-03-08 00:00:00,33659,2016-03-09 09:46:56,2016,2016,March,March,11,5
2016-03-23 18:56:17,Ford_KA_TÜV_Neu,privat,Offer,897,test,kleinwagen,1998,manuell,60,ka,150000,Dec,Gasoline,ford,No,2016-03-23 00:00:00,29462,2016-03-28 11:17:45,2016,2016,March,March,18,0
2016-03-24 12:52:07,Fiesta_aus_erster_hand,privat,Offer,100,test,kleinwagen,1995,manuell,50,fiesta,150000,Mar,Gasoline,ford,Yes,2016-03-24 00:00:00,97857,2016-04-03 02:46:00,2016,2016,March,March,21,9
2016-03-11 12:50:20,Ford_Escort_D_Tuev_01/2017_Automatik,privat,Offer,750,test,kleinwagen,1997,automatik,90,escort,150000,Jun,Gasoline,ford,No,2016-03-11 00:00:00,47137,2016-04-07 06:45:56,2016,2016,March,March,19,6
2016-03-16 19:50:54,FORD_FIESTA_DIESEL,privat,Offer,350,test,kleinwagen,2002,manuell,0,fiesta,150000,May,Diesel,ford,Other,2016-03-16 00:00:00,24340,2016-04-01 09:16:16,2016,2016,March,March,14,7
2016-04-02 12:54:58,Ford_fiesta_zu_verkaufen,privat,Offer,500,test,kleinwagen,1990,manuell,0,fiesta,125000,Aug,Gasoline,ford,No,2016-04-02 00:00:00,41812,2016-04-02 12:54:58,2016,2016,April,April,26,4
2016-03-12 10:51:44,Ford_Ka_TÜV_Neu,privat,Offer,1255,control,kleinwagen,2002,manuell,60,ka,125000,Sep,Gasoline,ford,No,2016-03-12 00:00:00,26904,2016-03-13 01:46:40,2016,2016,March,March,14,3
2016-03-25 14:44:52,Ford_Ka_Royal,privat,Offer,1750,control,kleinwagen,2003,manuell,75,ka,150000,Nov,Gasoline,ford,No,2016-03-25 00:00:00,76646,2016-04-06 17:45:22,2016,2016,March,March,13,1
2016-03-21 19:54:26,Sehr_schoener.__Ka_abzugeben,privat,Offer,3700,test,kleinwagen,2009,manuell,0,ka,70000,Jun,Gasoline,ford,Other,2016-03-21 00:00:00,12627,2016-03-21 19:54:26,2016,2016,March,March,7,6
2016-03-18 14:36:18,Ford_Ka_1_3_TÜV_08/2017,privat,Offer,999,test,kleinwagen,2006,manuell,60,ka,80000,Mar,Gasoline,ford,No,2016-03-18 00:00:00,23909,2016-03-20 05:17:47,2016,2016,March,March,10,9
2016-04-03 14:47:42,Ford_Focus_1.8l,privat,Offer,500,test,kleinwagen,1999,manuell,116,focus,150000,Feb,Gasoline,ford,No,2016-04-03 00:00:00,64839,2016-04-03 14:47:42,2016,2016,April,April,17,10
2016-03-24 11:50:22,Ford_Ka_zu_verkaufen_mit_TÜV_!!!,privat,Offer,180,test,kleinwagen,2000,manuell,60,ka,150000,Dec,,ford,Other,2016-03-24 00:00:00,51515,2016-03-24 11:50:22,2016,2016,March,March,16,0
2016-03-15 23:41:48,Ford_KA_fahrbereit_mit_Rest_TÜV,privat,Offer,249,control,kleinwagen,2003,manuell,0,ka,5000,Jul,Gasoline,ford,Other,2016-03-15 00:00:00,40721,2016-03-23 10:17:08,2016,2016,March,March,13,5
2016-03-23 17:48:12,Ford_Fiesta__1_3_Lieter_Tuev_Neu,privat,Offer,850,control,kleinwagen,1999,manuell,50,fiesta,150000,Feb,,ford,No,2016-03-23 00:00:00,92421,2016-03-27 22:45:31,2016,2016,March,March,17,10
2016-03-28 13:58:26,Ford_Fiesta_1.3,privat,Offer,3200,test,kleinwagen,2008,manuell,60,fiesta,125000,Jun,Gasoline,ford,No,2016-03-28 00:00:00,70178,2016-04-06 18:19:31,2016,2016,March,March,8,6
2016-04-04 11:38:38,Ford_Ka_Futura_TÜV_9/17,privat,Offer,1450,control,kleinwagen,2000,manuell,60,ka,125000,Jun,Gasoline,ford,No,2016-04-04 00:00:00,71032,2016-04-06 12:17:37,2016,2016,April,April,16,6
2016-03-21 19:36:23,Ford_Ka_Schwarz_Sportausfuehrung_ohne_Tuev,privat,Offer,300,test,kleinwagen,2000,manuell,45,ka,150000,Dec,,ford,Other,2016-03-21 00:00:00,26133,2016-04-04 19:45:56,2016,2016,March,March,16,0
2016-04-03 23:48:03,Ford_Fiesta_Kleinwagen_Funkfernbedienung_Schiebedach_*137000km*,privat,Offer,430,control,kleinwagen,1999,manuell,60,Other,150000,Jan,,ford,Other,2016-04-03 00:00:00,7545,2016-04-06 05:17:12,2016,2016,April,April,17,11
2016-04-02 00:37:33,Bastler_Aufgepasst,privat,Offer,0,test,kleinwagen,1999,manuell,0,Other,5000,Jan,Gasoline,ford,Yes,2016-04-02 00:00:00,59755,2016-04-04 05:17:05,2016,2016,April,April,17,11
2016-03-08 13:58:42,Ford_Ka_1.2_Titanium,privat,Offer,5250,control,kleinwagen,2010,manuell,69,ka,40000,Feb,Gasoline,ford,No,2016-03-08 00:00:00,50739,2016-03-20 06:46:31,2016,2016,March,March,6,10
2016-03-17 19:57:51,Ford_Fiesta__4_Tuerig_mit_tuev_Klima_,privat,Offer,599,control,kleinwagen,1998,manuell,75,fiesta,100000,Apr,Gasoline,ford,No,2016-03-17 00:00:00,63743,2016-03-20 23:16:52,2016,2016,March,March,18,8
2016-03-26 08:36:22,Ford_KA_TÜV_10/16,privat,Offer,850,test,kleinwagen,2002,manuell,60,ka,150000,Mar,Gasoline,ford,Other,2016-03-26 00:00:00,55543,2016-03-26 10:40:49,2016,2016,March,March,14,9
2016-03-12 17:51:26,Ford_Fiesta__Sitzheizung__Sonnendach__TÜV_01/17__Steuerkette,privat,Offer,699,test,kleinwagen,1999,manuell,0,fiesta,125000,Jan,Gasoline,ford,No,2016-03-12 00:00:00,6682,2016-03-12 17:51:26,2016,2016,March,March,17,11
2016-03-31 14:50:54,Ford_Ka_mit_TÜV_bis_03.2018,privat,Offer,1550,control,kleinwagen,2002,manuell,60,ka,125000,Nov,Gasoline,ford,No,2016-03-31 00:00:00,51580,2016-04-06 07:45:17,2016,2016,March,March,14,1
2016-03-15 15:47:26,Ford_Ka__gepflegt_voll_fahrbereit_mit_TÜV__Klima,privat,Offer,799,control,kleinwagen,1999,manuell,60,ka,150000,Aug,Gasoline,ford,No,2016-03-15 00:00:00,58089,2016-03-22 16:49:35,2016,2016,March,March,17,4
2016-03-29 23:55:55,Ford_Fiesta_1.3,privat,Offer,3999,control,kleinwagen,2008,manuell,69,fiesta,70000,Aug,Gasoline,ford,No,2016-03-29 00:00:00,51503,2016-03-30 07:43:48,2016,2016,March,March,8,4
2016-03-27 14:58:22,Ford_Fiesta_Facelift_Tuev_03/18_Scheckh.,privat,Offer,1650,control,kleinwagen,2002,manuell,60,fiesta,125000,Feb,Gasoline,ford,No,2016-03-27 00:00:00,46047,2016-03-27 15:40:05,2016,2016,March,March,14,10
2016-03-12 15:50:08,Ford_Ka_Bj._2005,privat,Offer,200,control,kleinwagen,2005,manuell,60,Other,150000,Jan,Gasoline,ford,Yes,2016-03-12 00:00:00,59229,2016-03-23 06:18:44,2016,2016,March,March,11,11
2016-03-30 20:57:10,Ford_Fiesta_1.4_TDCI_Senso,privat,Offer,1599,control,kleinwagen,2004,manuell,68,fiesta,150000,Jun,Diesel,ford,No,2016-03-30 00:00:00,88045,2016-04-01 16:44:47,2016,2016,March,March,12,6
2016-03-15 17:55:02,Ford_Fiesta_2001_HU_06/16,privat,Offer,270,control,kleinwagen,2001,manuell,0,fiesta,125000,Sep,Gasoline,ford,Other,2016-03-15 00:00:00,8412,2016-04-06 16:45:13,2016,2016,March,March,15,3
2016-03-21 21:50:39,Ford_Fiesta_1.4_TDCI_Top_Zustand,privat,Offer,2300,control,kleinwagen,2002,manuell,68,fiesta,150000,Jun,Diesel,ford,No,2016-03-21 00:00:00,34225,2016-04-07 02:16:15,2016,2016,March,March,14,6
2016-03-17 16:38:48,Ford_Fiesta,privat,Offer,3200,test,kleinwagen,2009,manuell,0,fiesta,90000,Oct,Gasoline,ford,Yes,2016-03-17 00:00:00,28325,2016-04-07 01:16:54,2016,2016,March,March,7,2
2016-04-01 13:56:01,Ford_Fiesta_1.6_TDCi_Trend,privat,Offer,3950,test,kleinwagen,2009,manuell,90,fiesta,150000,Apr,Diesel,ford,No,2016-04-01 00:00:00,36041,2016-04-01 14:42:57,2016,2016,April,April,7,8
2016-03-27 15:56:25,Ford_Ka,privat,Offer,1100,control,kleinwagen,2002,manuell,60,ka,150000,Jan,Gasoline,ford,No,2016-03-27 00:00:00,73312,2016-03-29 05:45:48,2016,2016,March,March,14,11
2016-03-14 14:45:46,Ford_Fiesta_gruene_Plakette_mit_Tuev_sehr_sparsam,privat,Offer,1450,control,kleinwagen,2005,manuell,0,fiesta,150000,Aug,Diesel,ford,No,2016-03-14 00:00:00,45739,2016-03-24 22:19:02,2016,2016,March,March,11,4
2016-03-13 08:37:53,Ford_Ka_dunkelblau,privat,Offer,300,control,kleinwagen,2001,manuell,75,ka,40000,Feb,,ford,Other,2016-03-13 00:00:00,83071,2016-04-06 13:46:35,2016,2016,March,March,15,10
2016-03-22 07:56:47,Ford_Fiesta,privat,Offer,1400,control,kleinwagen,2005,manuell,60,fiesta,150000,Mar,Gasoline,ford,Yes,2016-03-22 00:00:00,56112,2016-04-06 03:46:39,2016,2016,March,March,11,9
2016-03-05 14:13:32,Ford_Fusion_1.4_TDCI_Ambiente,privat,Offer,2100,test,kleinwagen,2004,manuell,68,fusion,150000,Nov,Diesel,ford,No,2016-03-03 00:00:00,56470,2016-03-06 03:16:26,2016,2016,March,March,12,1
2016-03-23 10:37:21,Ford_Fiesta,privat,Offer,350,control,kleinwagen,1997,manuell,75,fiesta,125000,Mar,Gasoline,ford,Other,2016-03-23 00:00:00,53757,2016-03-29 04:17:20,2016,2016,March,March,19,9
2016-03-22 12:57:57,Ford_Fiesta_1.4_Ghia_TÜV_04/2017_Beheiz._Frontscheibe,privat,Offer,1950,control,kleinwagen,2003,manuell,80,fiesta,150000,Apr,Gasoline,ford,No,2016-03-22 00:00:00,53894,2016-03-22 13:39:51,2016,2016,March,March,13,8
2016-03-10 18:56:44,Ford_Fiesta_1.3_aus_1.Hand_mit_Klima_!,privat,Offer,650,test,kleinwagen,2000,manuell,60,fiesta,125000,Oct,Gasoline,ford,No,2016-03-10 00:00:00,25335,2016-03-11 07:16:13,2016,2016,March,March,16,2
2016-03-27 18:57:59,Ford_Fiesta_Ghia,privat,Offer,1699,control,kleinwagen,2001,manuell,75,fiesta,150000,Apr,Gasoline,ford,No,2016-03-27 00:00:00,97262,2016-04-05 17:21:15,2016,2016,March,March,15,8
2016-03-25 16:37:00,Ford_Fiesta_1.3_Viva,privat,Offer,2900,control,kleinwagen,2004,manuell,69,fiesta,60000,Nov,Gasoline,ford,No,2016-03-25 00:00:00,73579,2016-03-27 05:15:31,2016,2016,March,March,12,1
2016-04-02 22:55:51,FORD_KA_SWARTZ_MIT_KLIMA_TUV_BIS_12:2017,privat,Offer,399,test,kleinwagen,1999,manuell,0,ka,150000,Dec,Gasoline,ford,Other,2016-04-02 00:00:00,41379,2016-04-02 22:55:51,2016,2016,April,April,17,0
2016-04-05 01:57:00,Ford_Ka_Gruen,privat,Offer,800,control,kleinwagen,2002,manuell,60,ka,150000,Jan,Gasoline,ford,Yes,2016-04-05 00:00:00,24143,2016-04-05 08:45:42,2016,2016,April,April,14,11
2016-03-27 21:55:02,Kleinwagen_auch_fuer_Anfaenger,privat,Offer,950,test,kleinwagen,2000,manuell,60,ka,80000,May,Gasoline,ford,No,2016-03-27 00:00:00,54552,2016-03-31 04:16:52,2016,2016,March,March,16,7
2016-03-08 16:52:00,Ford_Ka___Anfaengerauto__mit_fast_2_Jahren_TÜV_im_top_Zustand,privat,Offer,750,test,kleinwagen,2002,manuell,60,ka,90000,Jan,Gasoline,ford,No,2016-03-08 00:00:00,58300,2016-03-08 16:52:00,2016,2016,March,March,14,11
2016-03-24 19:49:40,Ford_Fiesta_1.3_EURO_4__/_KLIMA__/__2_HAND,privat,Offer,2350,control,kleinwagen,2005,manuell,69,fiesta,150000,Oct,Gasoline,ford,No,2016-03-24 00:00:00,50997,2016-04-05 12:16:39,2016,2016,March,March,11,2
2016-03-07 01:44:01,Ford_Fiesta_Flair,privat,Offer,749,control,kleinwagen,1996,manuell,60,fiesta,150000,Oct,Gasoline,ford,No,2016-03-06 00:00:00,41066,2016-03-14 07:17:39,2016,2016,March,March,20,2
2016-03-06 22:47:41,Ford_Fiesta_1.3_Schwarz_TÜV_Neu_60_PS,privat,Offer,1450,control,kleinwagen,2003,manuell,60,fiesta,150000,Jul,Gasoline,ford,No,2016-03-06 00:00:00,46459,2016-03-09 11:46:48,2016,2016,March,March,13,5
2016-04-04 18:36:19,Ford_Fiesta__JD3_,privat,Offer,0,test,kleinwagen,2005,manuell,8011,fiesta,150000,Apr,Gasoline,ford,Other,2016-04-04 00:00:00,53518,2016-04-04 18:36:19,2016,2016,April,April,11,8
2016-04-04 01:56:07,Ford_Fiesta,privat,Offer,660,control,kleinwagen,1996,manuell,60,fiesta,100000,May,Gasoline,ford,No,2016-04-03 00:00:00,73434,2016-04-06 08:17:08,2016,2016,April,April,20,7
2016-03-09 08:52:59,Ford_Fiesta,privat,Offer,790,test,kleinwagen,1997,manuell,0,fiesta,100000,Oct,Gasoline,ford,No,2016-03-09 00:00:00,41462,2016-03-17 21:47:34,2016,2016,March,March,19,2
2016-04-06 00:06:20,Ford_Fiesta_Style_TÜV_NEU!!!!!,privat,Offer,700,control,kleinwagen,1998,manuell,75,fiesta,150000,Jan,Gasoline,ford,No,2016-04-05 00:00:00,65462,2016-04-06 00:25:16,2016,2016,April,April,18,11
2016-03-29 09:50:55,Ford_Ka_Trend_1.2,privat,Offer,3800,test,kleinwagen,2008,manuell,0,ka,50000,May,Gasoline,ford,No,2016-03-29 00:00:00,21109,2016-03-29 09:50:55,2016,2016,March,March,8,7
2016-03-20 12:39:17,Ford_Fiesta_Bj_2004_Tuev_neu__Maerz_2018,privat,Offer,1850,test,kleinwagen,2004,manuell,60,fiesta,125000,Jun,Gasoline,ford,No,2016-03-20 00:00:00,37197,2016-03-31 17:47:44,2016,2016,March,March,12,6
2016-03-11 09:48:20,Fiesta_Bj.10/2007__Tuev_11/2017_95400km__sehr_gepflegt,privat,Offer,2850,control,kleinwagen,2007,manuell,60,fiesta,100000,Oct,Gasoline,ford,No,2016-03-11 00:00:00,50858,2016-03-12 14:15:23,2016,2016,March,March,9,2
2016-03-11 19:40:18,Ford_Ka_aus_1.Hand,privat,Offer,780,test,kleinwagen,1998,manuell,50,ka,70000,Apr,Gasoline,ford,No,2016-03-11 00:00:00,17033,2016-03-17 06:17:27,2016,2016,March,March,18,8
2016-04-01 10:50:40,Ford_Fiesta__Bj._98__mit_TÜV__Klimaanlage,privat,Offer,500,control,kleinwagen,1998,manuell,60,fiesta,150000,Jan,Gasoline,ford,Yes,2016-04-01 00:00:00,97456,2016-04-07 07:46:04,2016,2016,April,April,18,11
2016-03-07 14:50:46,Ford_Fiesta,privat,Offer,650,control,kleinwagen,1999,manuell,50,fiesta,125000,May,Gasoline,ford,No,2016-03-07 00:00:00,13357,2016-03-12 16:47:46,2016,2016,March,March,17,7
2016-03-08 20:54:44,Ford_Fiesta_1.3_Ambiente,privat,Offer,2350,control,kleinwagen,2006,manuell,60,fiesta,80000,Aug,Gasoline,ford,No,2016-03-08 00:00:00,51645,2016-03-09 05:17:30,2016,2016,March,March,10,4
2016-03-09 13:48:23,Ford_Ka_1.3i_TÜV_03/18,privat,Offer,750,control,kleinwagen,2000,manuell,60,ka,150000,Aug,Gasoline,ford,No,2016-03-09 00:00:00,66822,2016-03-12 11:45:54,2016,2016,March,March,16,4
2016-03-17 19:52:32,Ford_Fiesta_1.25_Ghia,privat,Offer,999,control,kleinwagen,2003,manuell,75,fiesta,150000,Mar,Gasoline,ford,No,2016-03-17 00:00:00,85656,2016-03-17 19:52:32,2016,2016,March,March,13,9
2016-03-07 20:53:06,Ford_Fiesta,privat,Offer,50,test,kleinwagen,1997,manuell,75,fiesta,150000,Jun,Gasoline,ford,Yes,2016-03-07 00:00:00,28327,2016-03-09 12:15:15,2016,2016,March,March,19,6
2016-03-29 11:53:33,Schoener_gepflegter_Ford_KA__Ideales_Anfaengerauto,privat,Offer,2150,test,kleinwagen,2008,manuell,60,ka,70000,Jun,Gasoline,ford,No,2016-03-29 00:00:00,51069,2016-04-01 23:44:40,2016,2016,March,March,8,6
2016-03-09 10:48:55,Ford_Fiesta_1995_Rot_TÜV_August_2016_Neue_Reifen_vorne,privat,Offer,250,control,kleinwagen,1995,manuell,50,fiesta,125000,Jan,Gasoline,ford,Other,2016-03-09 00:00:00,45327,2016-03-12 20:16:01,2016,2016,March,March,21,11
2016-04-03 16:52:41,Ford_Fiesta,privat,Offer,850,control,kleinwagen,1999,manuell,60,fiesta,150000,Feb,Gasoline,ford,No,2016-04-03 00:00:00,63839,2016-04-05 16:46:11,2016,2016,April,April,17,10
2016-03-17 09:53:29,Ford_Ka_ribik_1.3_mit_TÜV_.,privat,Offer,400,test,kleinwagen,2001,manuell,60,ka,125000,Mar,Gasoline,ford,No,2016-03-17 00:00:00,41065,2016-03-17 10:47:23,2016,2016,March,March,15,9
2016-03-17 11:48:53,Ford_Ka__Erstzul:_2006_1/2_Jahr_TÜV__136.220_km_Bastlerfahrzeug,privat,Offer,850,control,kleinwagen,2006,manuell,69,ka,150000,Apr,Gasoline,ford,Yes,2016-03-17 00:00:00,59075,2016-03-19 11:16:16,2016,2016,March,March,10,8
2016-03-15 14:56:33,Ford_Ka_Tuev_09/2016,privat,Offer,499,control,kleinwagen,1997,manuell,60,ka,125000,Jun,Gasoline,ford,Other,2016-03-15 00:00:00,32694,2016-04-06 06:45:46,2016,2016,March,March,19,6
2016-03-08 23:36:24,Ford_Fiesta_1.4_Ambiente,privat,Offer,1700,control,kleinwagen,2003,manuell,80,fiesta,150000,Mar,Gasoline,ford,No,2016-03-08 00:00:00,50827,2016-03-23 07:16:25,2016,2016,March,March,13,9
2016-03-11 23:36:55,Ford_Ka_Futura,privat,Offer,1290,test,kleinwagen,2002,manuell,60,ka,125000,May,Gasoline,ford,No,2016-03-11 00:00:00,64546,2016-04-06 16:16:22,2016,2016,March,March,14,7
2016-04-03 05:02:44,FORD_KA_1._HAND_NEUWERTIG!!!!!,privat,Offer,5100,control,kleinwagen,2009,manuell,69,ka,50000,Jun,Gasoline,ford,No,2016-04-03 00:00:00,58511,2016-04-07 10:16:21,2016,2016,April,April,7,6
2016-03-19 11:53:12,Ford_Ka_TÜV_bis_04.2017,privat,Offer,800,test,kleinwagen,1998,manuell,44,ka,100000,Apr,,ford,No,2016-03-19 00:00:00,27578,2016-04-06 14:46:36,2016,2016,March,March,18,8
2016-03-22 20:56:03,Ford_Fiesta_1.3_Ambiente,privat,Offer,3600,control,kleinwagen,2004,manuell,70,fiesta,40000,Oct,Gasoline,ford,No,2016-03-22 00:00:00,70499,2016-03-22 21:41:33,2016,2016,March,March,12,2
2016-03-08 17:51:20,Ford_Ka_Baujahr_1998,privat,Offer,450,control,kleinwagen,1998,manuell,36,ka,100000,Dec,Gasoline,ford,No,2016-03-08 00:00:00,27576,2016-03-10 03:16:32,2016,2016,March,March,18,0
2016-04-03 07:36:22,Ford_Fiesta_1_3_Benzin_Klima_3_tg_TÜV_bis_11/2017_erst_51.000_km,privat,Offer,2600,test,kleinwagen,2006,manuell,0,fiesta,60000,Aug,Gasoline,ford,No,2016-04-03 00:00:00,28325,2016-04-03 09:39:00,2016,2016,April,April,10,4
2016-03-15 20:46:55,Ford_Fiesta_2.0_ST,privat,Offer,3800,test,kleinwagen,2005,manuell,150,fiesta,125000,Jun,Gasoline,ford,Yes,2016-03-15 00:00:00,51427,2016-03-19 17:16:22,2016,2016,March,March,11,6
2016-03-27 15:50:20,Ford_Ka,privat,Offer,550,control,kleinwagen,2001,manuell,60,ka,150000,May,Gasoline,ford,Yes,2016-03-27 00:00:00,91550,2016-04-05 10:49:29,2016,2016,March,March,15,7
2016-03-17 10:39:49,Ford_Fiesta_HU/AU_:_12.2017_Servolenkung__Gruene_Plakette,privat,Offer,1099,test,kleinwagen,2001,manuell,50,Other,150000,Mar,Gasoline,ford,No,2016-03-17 00:00:00,28790,2016-03-19 09:18:45,2016,2016,March,March,15,9
2016-03-29 12:49:43,Ford_Ka,privat,Offer,1100,test,kleinwagen,2000,manuell,60,ka,150000,Apr,Gasoline,ford,No,2016-03-29 00:00:00,85591,2016-04-05 22:16:53,2016,2016,March,March,16,8
2016-03-25 14:56:33,Ford_Fiesta_1_4l_Klima_TÜV_01/18_Checkheft_gepflegt,privat,Offer,1699,control,kleinwagen,2003,manuell,80,fiesta,150000,Jul,Gasoline,ford,No,2016-03-25 00:00:00,14163,2016-03-31 22:45:00,2016,2016,March,March,13,5
2016-03-17 16:57:11,Ford_Fiesta_1.4_tdci,privat,Offer,4800,test,kleinwagen,2009,manuell,68,fiesta,150000,Jan,Diesel,ford,Other,2016-03-17 00:00:00,85354,2016-04-07 02:17:30,2016,2016,March,March,7,11
2016-03-13 19:36:23,Ford_Fiesta_1.4_Ambiente,privat,Offer,2900,control,kleinwagen,2006,manuell,80,fiesta,150000,Apr,Gasoline,ford,No,2016-03-13 00:00:00,91448,2016-03-17 13:47:09,2016,2016,March,March,10,8
2016-03-09 10:48:16,?_Ford_Fiesta_mit_neuen_TÜV_?,privat,Offer,1333,control,kleinwagen,1999,manuell,0,fiesta,150000,Dec,Gasoline,ford,No,2016-03-09 00:00:00,12439,2016-03-12 05:44:24,2016,2016,March,March,17,0
2016-03-21 22:57:03,Ford_Ka_1.2_Trend_jumpgruen,privat,Offer,4800,control,kleinwagen,2010,manuell,69,ka,90000,Apr,Gasoline,ford,Other,2016-03-21 00:00:00,97469,2016-03-27 17:18:31,2016,2016,March,March,6,8
2016-03-25 13:43:51,Ford_Fiesta__Klima__AHK__ALU,privat,Offer,750,test,kleinwagen,2000,manuell,60,fiesta,100000,Apr,Gasoline,ford,No,2016-03-25 00:00:00,78576,2016-03-30 03:16:03,2016,2016,March,March,16,8
2016-03-07 18:56:10,Fiesta_5_Tuerer_mit_Tuev,privat,Offer,300,control,kleinwagen,1997,automatik,75,fiesta,125000,Sep,Gasoline,ford,Yes,2016-03-07 00:00:00,39112,2016-03-17 18:46:21,2016,2016,March,March,19,3
2016-03-30 17:55:29,Ford_Ka__PKW_Geschlossen__Euro_4__Benziner,privat,Offer,500,control,kleinwagen,2004,manuell,60,Other,125000,Jan,,ford,Yes,2016-03-30 00:00:00,6493,2016-04-07 08:45:57,2016,2016,March,March,12,11
2016-03-21 15:54:12,Ford_Focus_*_fahrzeugbrief_verloren_!_*_fahrzeugschein_noch_da_!,privat,Offer,0,control,kleinwagen,2000,Unspecified,0,focus,150000,Jan,,ford,No,2016-03-21 00:00:00,24534,2016-04-06 14:44:38,2016,2016,March,March,16,11
2016-03-08 09:50:17,Ford_Ka_1.3i_TÜV/AU_03/18_EURO_4_klima_neue_Kupplung_Alu,privat,Offer,999,control,kleinwagen,2002,manuell,60,ka,125000,Feb,Gasoline,ford,No,2016-03-08 00:00:00,40549,2016-03-14 10:49:26,2016,2016,March,March,14,10
2016-03-12 17:45:45,Ford_Ka_1.2_Titanium,privat,Offer,5400,test,kleinwagen,2009,manuell,69,ka,60000,Aug,Gasoline,ford,No,2016-03-12 00:00:00,49835,2016-04-07 09:16:33,2016,2016,March,March,7,4
2016-03-29 07:57:09,Ford_ka_guenstig,privat,Offer,600,test,kleinwagen,2001,manuell,0,ka,150000,Jan,,ford,No,2016-03-29 00:00:00,48703,2016-04-05 17:25:55,2016,2016,March,March,15,11
2016-03-05 14:25:42,Ford_fiesta_mit_Tuev_bis_2018,privat,Offer,2100,test,kleinwagen,2003,manuell,80,fiesta,150000,Jun,,ford,Other,2016-03-05 00:00:00,35390,2016-04-06 22:16:00,2016,2016,March,March,13,6
2016-03-18 12:49:18,Ford_Fiesta__Baujahr_1996_75_PS,privat,Offer,300,control,kleinwagen,1996,manuell,75,Other,150000,Jan,Gasoline,ford,Other,2016-03-18 00:00:00,10709,2016-04-05 22:16:50,2016,2016,March,March,20,11
2016-03-20 11:58:16,Ford_Ka_Pro_Sieben_Edition_mit_Tuev,privat,Offer,990,test,kleinwagen,1997,manuell,60,ka,150000,Sep,Gasoline,ford,No,2016-03-20 00:00:00,30880,2016-04-06 10:17:12,2016,2016,March,March,19,3
2016-03-20 22:36:57,Ford_Ka_1.2,privat,Offer,4100,test,kleinwagen,2010,manuell,69,ka,80000,Aug,Gasoline,ford,No,2016-03-20 00:00:00,56626,2016-04-07 07:46:22,2016,2016,March,March,6,4
2016-03-17 20:36:16,Ford_Fiesta_1.4,privat,Offer,3499,control,kleinwagen,2007,manuell,80,fiesta,125000,Mar,Gasoline,ford,No,2016-03-17 00:00:00,97262,2016-03-17 20:36:16,2016,2016,March,March,9,9
2016-03-26 15:00:01,Ford_Ka_Preis_VB,privat,Offer,0,control,kleinwagen,2005,manuell,51,ka,150000,Mar,Gasoline,ford,Yes,2016-03-26 00:00:00,29664,2016-04-06 02:46:33,2016,2016,March,March,11,9
2016-03-30 10:51:54,Ford_Fiesta_TÜV_bis_09/2016,privat,Offer,650,test,kleinwagen,1998,manuell,0,fiesta,100000,May,,ford,No,2016-03-30 00:00:00,50126,2016-04-03 00:46:44,2016,2016,March,March,18,7
2016-03-22 21:51:28,Ford_Fusion,privat,Offer,4299,control,kleinwagen,2003,manuell,80,fusion,80000,Aug,Gasoline,ford,No,2016-03-22 00:00:00,76297,2016-03-28 13:45:39,2016,2016,March,March,13,4
2016-03-08 09:36:42,Ford_Fiesta,privat,Offer,1600,control,kleinwagen,2003,manuell,60,fiesta,125000,May,Gasoline,ford,No,2016-03-08 00:00:00,6425,2016-03-12 23:44:59,2016,2016,March,March,13,7
2016-04-03 15:41:32,Ford_Fiesta_Tuev_07/2017,privat,Offer,888,test,kleinwagen,1999,manuell,50,fiesta,150000,Oct,Gasoline,ford,Other,2016-04-03 00:00:00,59929,2016-04-05 14:45:02,2016,2016,April,April,17,2
2016-03-19 17:56:43,Ford_Fiesta_Ghia,privat,Offer,550,control,kleinwagen,1997,automatik,75,fiesta,150000,Sep,Gasoline,ford,No,2016-03-19 00:00:00,98724,2016-04-07 04:45:12,2016,2016,March,March,19,3
2016-03-12 16:43:24,Ford_Fiesta_Ghia_Klima___TÜV_2_Jahre_Neu,privat,Offer,899,control,kleinwagen,2000,manuell,75,fiesta,150000,Mar,Gasoline,ford,No,2016-03-12 00:00:00,32756,2016-03-20 21:16:54,2016,2016,March,March,16,9
2016-03-14 13:48:49,Ford_Fiesta,privat,Offer,750,test,kleinwagen,1999,manuell,74,fiesta,150000,Oct,Gasoline,ford,Other,2016-03-14 00:00:00,32758,2016-03-21 03:44:40,2016,2016,March,March,17,2
2016-03-12 19:49:11,Ford_KA_TÜV_1/2017_aus_2_Hand,privat,Offer,650,test,kleinwagen,1999,manuell,60,ka,125000,Sep,Gasoline,ford,No,2016-03-12 00:00:00,58710,2016-03-14 12:45:25,2016,2016,March,March,17,3
2016-03-29 13:49:43,Ford_fiesta,privat,Offer,350,test,kleinwagen,1997,manuell,75,fiesta,150000,Sep,Gasoline,ford,Yes,2016-03-29 00:00:00,55131,2016-04-01 16:19:10,2016,2016,March,March,19,3
2016-03-08 18:54:33,Ford_Ka_1.2_Titanium,privat,Offer,4490,test,kleinwagen,2010,manuell,69,ka,50000,Oct,Gasoline,ford,No,2016-03-08 00:00:00,50767,2016-03-10 04:46:18,2016,2016,March,March,6,2
2016-04-03 18:25:56,Ford_Fiesta_1.25_Trend,privat,Offer,4990,test,kleinwagen,2008,manuell,82,fiesta,125000,Dec,Gasoline,ford,No,2016-04-03 00:00:00,56072,2016-04-07 01:16:19,2016,2016,April,April,8,0
2016-03-19 17:47:00,Ford_Fiesta_Mod.2005,privat,Offer,1830,control,kleinwagen,2004,manuell,60,fiesta,150000,Oct,Gasoline,ford,No,2016-03-19 00:00:00,24534,2016-04-07 04:17:55,2016,2016,March,March,12,2
2016-03-15 14:50:44,"Ford_Focus_2_2006__DA3__18""",privat,Offer,5150,control,kleinwagen,2006,manuell,80,focus,90000,Dec,Gasoline,ford,Other,2016-03-15 00:00:00,47179,2016-04-06 05:16:26,2016,2016,March,March,10,0
2016-03-21 17:41:00,Ford_Fiesta_1.3_*_EURO_4_*_KLIMA_oder_Tausch_mit_einem_Cabrio,privat,Offer,3450,control,kleinwagen,2006,manuell,69,fiesta,150000,Nov,Gasoline,ford,No,2016-03-21 00:00:00,31848,2016-04-06 17:46:49,2016,2016,March,March,10,1
2016-03-21 18:49:03,Fiesta_an_Bastler,privat,Offer,0,test,kleinwagen,1999,manuell,75,fiesta,150000,Mar,Gasoline,ford,Yes,2016-03-21 00:00:00,46446,2016-03-21 18:49:03,2016,2016,March,March,17,9
2016-03-29 15:58:35,Ford_Ka,privat,Offer,1350,control,kleinwagen,2003,manuell,60,ka,100000,Jan,Gasoline,ford,No,2016-03-29 00:00:00,74211,2016-04-06 02:15:53,2016,2016,March,March,13,11
2016-03-19 11:59:05,Ford_Focus_1_4_an_Bastler_oder_fuer_Export,privat,Offer,350,test,kleinwagen,1999,manuell,75,focus,150000,Feb,Gasoline,ford,Yes,2016-03-19 00:00:00,58453,2016-03-19 12:41:28,2016,2016,March,March,17,10
2016-04-04 16:43:54,Ford_Fiesta_Focus!_TÜV_01/2018!!,privat,Offer,800,test,kleinwagen,1998,manuell,50,fiesta,125000,Mar,Gasoline,ford,No,2016-04-04 00:00:00,22299,2016-04-06 18:17:08,2016,2016,April,April,18,9
2016-03-28 18:56:11,Ford_Ka_1.2_Trend,privat,Offer,3200,control,kleinwagen,2009,manuell,69,ka,90000,Sep,Gasoline,ford,No,2016-03-28 00:00:00,92542,2016-04-01 04:16:15,2016,2016,March,March,7,3
2016-04-01 22:38:38,Ford_Fiesta_2.0_ST_SItzheizung__Leder__8xRaeder,privat,Offer,1400,test,kleinwagen,2005,manuell,150,fiesta,150000,Feb,Gasoline,ford,Yes,2016-04-01 00:00:00,15562,2016-04-03 20:46:39,2016,2016,April,April,11,10
2016-03-19 18:57:21,Ford_escort,privat,Offer,800,test,kleinwagen,1995,Unspecified,0,escort,90000,Jan,,ford,Other,2016-03-19 00:00:00,52078,2016-03-19 19:43:31,2016,2016,March,March,21,11
2016-04-03 13:57:26,Ford_Ka_schoen_und_sparsam,privat,Offer,1100,control,kleinwagen,1998,manuell,60,ka,5000,Jan,Gasoline,ford,Other,2016-04-03 00:00:00,47051,2016-04-05 13:18:27,2016,2016,April,April,18,11
2016-04-02 16:50:24,Ford_Fiesta_1.3,privat,Offer,3000,control,kleinwagen,2006,manuell,80,fiesta,80000,Aug,Gasoline,ford,No,2016-04-02 00:00:00,75057,2016-04-04 14:45:58,2016,2016,April,April,10,4
2016-03-19 08:52:27,Ford_Ka__Baujahr_1998,privat,Offer,1100,test,kleinwagen,1998,manuell,50,ka,80000,Jan,Gasoline,ford,Other,2016-03-19 00:00:00,58239,2016-04-06 14:17:31,2016,2016,March,March,18,11
2016-03-26 16:38:38,Ford_Fiesta_1.4_Ambiente,privat,Offer,4000,control,kleinwagen,2007,manuell,80,fiesta,125000,Jan,Gasoline,ford,No,2016-03-26 00:00:00,21683,2016-04-06 04:45:24,2016,2016,March,March,9,11
2016-03-10 16:51:35,Batlerauto,privat,Offer,200,control,kleinwagen,1985,manuell,45,fiesta,150000,Jan,Gasoline,ford,Yes,2016-03-10 00:00:00,37520,2016-04-05 16:45:09,2016,2016,March,March,31,11
2016-03-16 19:48:36,Ford_Focus_1.6_116Ps,privat,Offer,3750,test,kleinwagen,2005,manuell,116,focus,150000,Nov,Gasoline,ford,No,2016-03-16 00:00:00,95679,2016-03-19 18:17:07,2016,2016,March,March,11,1
2016-03-28 20:42:33,Ford_Fiesta_1.4_Trend,privat,Offer,1500,control,kleinwagen,2003,manuell,80,fiesta,150000,Jul,Gasoline,ford,No,2016-03-28 00:00:00,14163,2016-04-07 02:47:07,2016,2016,March,March,13,5
2016-04-06 15:25:20,Ford_fiesta,privat,Offer,800,control,kleinwagen,1997,manuell,65,fiesta,150000,Oct,Gasoline,ford,Other,2016-04-06 00:00:00,65205,2016-04-06 15:25:20,2016,2016,April,April,19,2
2016-03-19 16:57:05,Ford_Ford_KA_Tuev_07/16_gegen_aufpreis_neu_Euro_4,privat,Offer,1250,test,kleinwagen,2003,manuell,69,ka,125000,Aug,Gasoline,ford,No,2016-03-19 00:00:00,53894,2016-03-30 13:16:51,2016,2016,March,March,13,4
2016-03-17 23:57:40,Ford_Fiesta,privat,Offer,1099,control,kleinwagen,2002,Unspecified,75,fiesta,150000,Sep,Gasoline,ford,No,2016-03-17 00:00:00,44328,2016-03-29 12:46:38,2016,2016,March,March,14,3
2016-03-22 18:54:52,Ford_Fiesta_1.25_mit_Alu_Felgen_/_2010_mit_LPG_/_Tuev_bis_08.2016,privat,Offer,4950,control,kleinwagen,2010,Unspecified,0,fiesta,125000,Oct,Lpg,ford,Other,2016-03-22 00:00:00,41334,2016-03-25 11:18:13,2016,2016,March,March,6,2
2016-03-21 19:47:52,Ford_Fiesta_1.3_TÜV_AU_04/2017,privat,Offer,590,test,kleinwagen,1999,manuell,0,fiesta,150000,Nov,Gasoline,ford,Other,2016-03-21 00:00:00,50181,2016-03-23 00:47:32,2016,2016,March,March,17,1
2016-03-23 20:37:59,Ford_fiesta,privat,Offer,1150,test,kleinwagen,1997,Unspecified,0,fiesta,150000,Jun,,ford,No,2016-03-23 00:00:00,50226,2016-04-06 01:45:19,2016,2016,March,March,19,6
2016-03-05 22:36:33,ford_fiesta,privat,Offer,350,control,kleinwagen,2003,manuell,75,fiesta,150000,Jul,Gasoline,ford,Yes,2016-03-05 00:00:00,10365,2016-03-06 06:43:16,2016,2016,March,March,13,5
2016-03-15 13:38:56,Kleinwagen_Ford_Fiesta_EZ._1997_75PS,privat,Offer,300,control,kleinwagen,1997,manuell,75,fiesta,150000,Jan,Gasoline,ford,Other,2016-03-15 00:00:00,17121,2016-03-20 07:47:56,2016,2016,March,March,19,11
2016-03-23 23:47:16,Ford_Fiesta_Klima_Elk._Fensterheber,privat,Offer,2300,control,kleinwagen,2003,manuell,60,fiesta,125000,Dec,Gasoline,ford,No,2016-03-23 00:00:00,50321,2016-03-28 09:17:06,2016,2016,March,March,13,0
2016-03-14 21:44:12,Ford_Fusion_1.4_TDCI_Viva,privat,Offer,2500,test,kleinwagen,2004,manuell,68,fusion,125000,Sep,Diesel,ford,No,2016-03-14 00:00:00,53919,2016-03-16 14:17:45,2016,2016,March,March,12,3
2016-03-21 11:36:24,FORD_KA_top_Angebot,privat,Offer,1400,control,kleinwagen,2003,manuell,69,ka,80000,Dec,Gasoline,ford,No,2016-03-21 00:00:00,53859,2016-03-22 15:18:18,2016,2016,March,March,13,0
2016-03-16 16:58:00,Zu_verkaufen_Ford_Fiesta,privat,Offer,1600,control,kleinwagen,2002,manuell,60,fiesta,150000,Nov,Gasoline,ford,Other,2016-03-16 00:00:00,46119,2016-03-28 16:46:56,2016,2016,March,March,14,1
2016-04-03 20:47:50,Ford_Fiesta_1.4_Ambiente,privat,Offer,4500,test,kleinwagen,2008,manuell,80,fiesta,80000,Feb,Gasoline,ford,No,2016-04-03 00:00:00,88339,2016-04-05 21:46:16,2016,2016,April,April,8,10
2016-04-04 16:50:26,Ford_Fiesta_1.3_Ambiente,privat,Offer,2250,test,kleinwagen,2003,manuell,60,fiesta,150000,May,Gasoline,ford,No,2016-04-04 00:00:00,23795,2016-04-06 18:46:26,2016,2016,April,April,13,7
2016-03-11 23:51:39,Ford_Focus_1_4L__Tuev_Neu!!!,privat,Offer,950,test,kleinwagen,2001,manuell,75,focus,150000,Apr,Gasoline,ford,Other,2016-03-11 00:00:00,78224,2016-03-12 07:42:17,2016,2016,March,March,15,8
2016-03-19 21:38:20,Ford_Fiesta,privat,Offer,600,control,kleinwagen,1997,manuell,45,fiesta,125000,Oct,Gasoline,ford,Other,2016-03-19 00:00:00,41515,2016-03-19 22:41:29,2016,2016,March,March,19,2
2016-03-28 17:39:18,Ka_Farbe_rot,privat,Offer,5000,test,kleinwagen,2009,manuell,69,ka,90000,Jan,Gasoline,ford,No,2016-03-28 00:00:00,66806,2016-04-06 23:15:48,2016,2016,March,March,7,11
2016-03-05 14:11:21,Ford_Fiesta_2.0_ST,privat,Offer,4250,test,kleinwagen,2005,manuell,150,fiesta,150000,Aug,Gasoline,ford,No,2016-03-03 00:00:00,57299,2016-03-06 04:45:03,2016,2016,March,March,11,4
2016-03-15 19:54:34,Ford_Ka___Schwarz_Metallic__TÜV_bis_01.2018_,privat,Offer,480,control,kleinwagen,2002,manuell,69,ka,150000,Nov,Gasoline,ford,No,2016-03-15 00:00:00,26349,2016-03-17 16:16:55,2016,2016,March,March,14,1
2016-03-27 16:56:18,ford_fiesta_d_tuev_2.2017_gruene_plakette,privat,Offer,650,test,kleinwagen,2001,manuell,65,fiesta,150000,Jan,Gasoline,ford,No,2016-03-27 00:00:00,31848,2016-04-01 17:52:40,2016,2016,March,March,15,11
2016-03-07 14:59:06,Ford_Fiesta_Futura,privat,Offer,750,control,kleinwagen,2001,manuell,75,fiesta,125000,Mar,Gasoline,ford,No,2016-03-07 00:00:00,63589,2016-03-07 14:59:06,2016,2016,March,March,15,9
2016-04-03 17:42:51,Ford_Fiesta,privat,Offer,5200,test,kleinwagen,2009,manuell,60,fiesta,100000,Jul,Gasoline,ford,No,2016-04-03 00:00:00,21255,2016-04-05 17:26:47,2016,2016,April,April,7,5
2016-03-27 19:49:01,Ford_Fiesta_1_3_mit_Klima_TÜV_03/2018,privat,Offer,1850,control,kleinwagen,2006,manuell,75,fiesta,150000,May,Gasoline,ford,Other,2016-03-27 00:00:00,41238,2016-03-31 01:45:44,2016,2016,March,March,10,7
2016-03-29 17:46:35,Biete_Ford_Fiesta_fuer_Fahranfaenger_!!!!!!!!!!,privat,Offer,650,control,kleinwagen,1999,manuell,78,fiesta,70000,Feb,Gasoline,ford,Yes,2016-03-29 00:00:00,39576,2016-04-06 03:17:29,2016,2016,March,March,17,10
2016-04-02 11:51:34,Ford_Fiesta,privat,Offer,850,test,kleinwagen,2002,manuell,60,fiesta,80000,Mar,Gasoline,ford,No,2016-04-02 00:00:00,1689,2016-04-06 09:46:06,2016,2016,April,April,14,9
2016-03-28 02:56:39,Ford_Ka,privat,Offer,1450,test,kleinwagen,2000,manuell,60,ka,80000,Aug,Gasoline,ford,No,2016-03-28 00:00:00,59457,2016-04-06 08:17:14,2016,2016,March,March,16,4
2016-03-10 16:49:36,Ford_fiesta_AUTOMATIK_MIT_TÜV_!!!,privat,Offer,499,control,kleinwagen,1995,automatik,0,fiesta,150000,Jun,Gasoline,ford,No,2016-03-10 00:00:00,31171,2016-04-05 16:44:43,2016,2016,March,March,21,6
2016-03-18 17:42:05,Ford_Fiesta_mit_1_5_Jahren_TÜV_ideal_fuer_anfaenger,privat,Offer,600,test,kleinwagen,1994,manuell,0,fiesta,150000,Jun,Gasoline,ford,No,2016-03-18 00:00:00,42853,2016-03-21 07:17:51,2016,2016,March,March,22,6
2016-03-15 09:49:42,Ford_Ka_mit_TÜV_Bis_Juli_2017,privat,Offer,690,control,kleinwagen,2002,manuell,60,Other,125000,Aug,Gasoline,ford,No,2016-03-15 00:00:00,59969,2016-03-15 09:49:42,2016,2016,March,March,14,4
2016-04-04 02:02:27,Ford_Fiesta_Trend___5_tuerig____Kleinfahrzeug_und_mehr...,privat,Offer,2199,control,kleinwagen,2003,manuell,59,fiesta,150000,Apr,Gasoline,ford,No,2016-04-04 00:00:00,50374,2016-04-06 08:45:28,2016,2016,April,April,13,8
2016-03-21 02:00:48,Ford_Ka_1.2,privat,Offer,5400,test,kleinwagen,2009,manuell,69,ka,60000,Aug,Gasoline,ford,Other,2016-03-21 00:00:00,50931,2016-04-06 00:44:44,2016,2016,March,March,7,4
2016-03-10 18:48:55,Ford_Fiesta_1.3_Fun_3_Tuerig,privat,Offer,3300,test,kleinwagen,2006,manuell,69,fiesta,125000,Jun,Gasoline,ford,No,2016-03-10 00:00:00,32609,2016-04-06 00:15:30,2016,2016,March,March,10,6
2016-03-13 12:36:59,FORD_FIESTA_5_TÜREN_KLMA,privat,Offer,1000,test,kleinwagen,2003,manuell,85,fiesta,150000,Dec,Gasoline,ford,Yes,2016-03-13 00:00:00,12353,2016-03-17 13:15:52,2016,2016,March,March,13,0
2016-03-12 09:56:13,Ford_fiesta_1.4_Ghia,privat,Offer,1400,control,kleinwagen,2003,manuell,80,fiesta,150000,Jan,Gasoline,ford,Other,2016-03-12 00:00:00,40233,2016-03-13 01:17:44,2016,2016,March,March,13,11
2016-03-09 14:49:29,Ford_Fiesta_1.3_Liter,privat,Offer,400,test,kleinwagen,2002,manuell,45,fiesta,150000,Jan,Gasoline,ford,No,2016-03-09 00:00:00,49584,2016-04-04 11:45:39,2016,2016,March,March,14,11
2016-03-19 13:37:59,Ford_Fiesta_ohne_TÜV,privat,Offer,199,test,kleinwagen,1998,manuell,0,fiesta,125000,Jan,Gasoline,ford,Other,2016-03-19 00:00:00,32758,2016-04-06 18:48:19,2016,2016,March,March,18,11
2016-03-23 15:46:12,Ford_Ka____kleinwagen,privat,Offer,350,test,kleinwagen,2000,manuell,60,ka,150000,Apr,Gasoline,ford,No,2016-03-23 00:00:00,94344,2016-04-05 18:18:16,2016,2016,March,March,16,8
2016-03-23 18:56:03,Ford_Fiesta_JBS,privat,Offer,0,test,kleinwagen,2001,manuell,0,fiesta,90000,Jun,Gasoline,ford,Yes,2016-03-23 00:00:00,10245,2016-04-05 23:45:53,2016,2016,March,March,15,6
2016-03-30 15:57:06,Ford_Fiesta,privat,Offer,800,test,kleinwagen,1999,manuell,61,fiesta,90000,May,Gasoline,ford,No,2016-03-30 00:00:00,50189,2016-04-05 03:47:35,2016,2016,March,March,17,7
2016-03-29 23:54:11,Hoechst_bietender_bekommt_ihn,privat,Offer,0,control,kleinwagen,2000,manuell,60,fiesta,150000,Jul,Gasoline,ford,Yes,2016-03-29 00:00:00,87480,2016-04-01 00:46:34,2016,2016,March,March,16,5
2016-03-26 18:52:03,Ford_Ka_mit_alln_Extras_2_Jahre_TÜV_.,privat,Offer,1300,test,kleinwagen,2002,manuell,60,ka,125000,Sep,Gasoline,ford,No,2016-03-26 00:00:00,41065,2016-03-29 21:46:34,2016,2016,March,March,14,3
2016-03-07 10:55:16,Ford_Fiesta,privat,Offer,2499,test,kleinwagen,2005,manuell,0,fiesta,150000,May,Gasoline,ford,No,2016-03-07 00:00:00,12347,2016-03-12 02:15:26,2016,2016,March,March,11,7
2016-03-10 20:48:45,Ford_KA_Bj.98_TÜV_bis_08.2016,privat,Offer,0,test,kleinwagen,1999,automatik,65,ka,150000,Jan,Gasoline,ford,Other,2016-03-10 00:00:00,35094,2016-03-13 03:46:54,2016,2016,March,March,17,11
2016-03-22 15:48:46,Ford_Ka_2005,privat,Offer,190,control,kleinwagen,2005,manuell,60,ka,125000,Dec,Gasoline,ford,Yes,2016-03-22 00:00:00,31840,2016-03-22 15:48:46,2016,2016,March,March,11,0
2016-03-08 09:37:18,biete_Ford_Ka,privat,Offer,400,control,kleinwagen,2006,Unspecified,60,ka,125000,Apr,Gasoline,ford,Other,2016-03-08 00:00:00,99718,2016-03-15 01:15:45,2016,2016,March,March,10,8
2016-03-09 18:40:10,Bastlerauto_mit_TÜV,privat,Offer,200,test,kleinwagen,1995,manuell,50,fiesta,150000,Dec,Gasoline,ford,No,2016-03-09 00:00:00,7330,2016-03-22 04:44:28,2016,2016,March,March,21,0
2016-03-26 16:47:26,Ford_Fiesta,privat,Offer,1111,control,kleinwagen,2001,manuell,60,fiesta,150000,Oct,Gasoline,ford,No,2016-03-26 00:00:00,69124,2016-03-28 05:45:04,2016,2016,March,March,15,2
2016-03-19 11:49:41,Ford_Fiesta,privat,Offer,500,test,kleinwagen,2001,manuell,44,fiesta,150000,Jun,Gasoline,ford,Other,2016-03-19 00:00:00,59067,2016-03-21 16:16:08,2016,2016,March,March,15,6
2016-04-01 20:45:58,Ford_Fiesta_2.0_ST,privat,Offer,3250,test,kleinwagen,2005,manuell,150,fiesta,125000,Jun,Gasoline,ford,Yes,2016-04-01 00:00:00,51427,2016-04-05 18:15:31,2016,2016,April,April,11,6
2016-03-24 22:57:42,Ford_Ka_Student,privat,Offer,1390,control,kleinwagen,2006,manuell,60,ka,125000,Mar,Gasoline,ford,No,2016-03-24 00:00:00,59929,2016-03-26 16:44:53,2016,2016,March,March,10,9
2016-04-04 12:58:38,Ford_ka_113000km!!!!!!original,privat,Offer,800,control,kleinwagen,2000,manuell,0,ka,125000,Jan,Gasoline,ford,Yes,2016-04-04 00:00:00,47259,2016-04-06 14:45:24,2016,2016,April,April,16,11
2016-03-25 21:51:54,Ford_Ka_96.000_km__Klimaanlage__8_fach_bereift__TÜV,privat,Offer,1750,test,kleinwagen,2005,manuell,69,ka,100000,Mar,Gasoline,ford,No,2016-03-25 00:00:00,27211,2016-04-07 05:17:04,2016,2016,March,March,11,9
2016-03-10 20:52:20,Ford_Ka_Wie_NEU_TUV_Neu_Kein_Rost_TOP_ZUSTAND,privat,Offer,1299,test,kleinwagen,2001,manuell,0,ka,150000,May,Gasoline,ford,No,2016-03-10 00:00:00,48268,2016-04-06 09:17:42,2016,2016,March,March,15,7
2016-03-26 14:51:00,Ford_Fiesta_Ghia_1.3_75_Ps,privat,Offer,190,control,kleinwagen,1998,manuell,75,fiesta,150000,Oct,,ford,No,2016-03-26 00:00:00,17268,2016-03-26 14:51:00,2016,2016,March,March,18,2
2016-03-20 11:43:34,Ford_Fiesta_1.4_16_v_tuev,privat,Offer,750,test,kleinwagen,2001,manuell,75,fiesta,5000,May,Gasoline,ford,No,2016-03-20 00:00:00,31683,2016-04-02 11:17:59,2016,2016,March,March,15,7
2016-04-05 14:36:20,Ford_Ka_1.3_ohne_Maengel_TÜV_11/17,privat,Offer,1100,control,kleinwagen,2001,manuell,60,ka,150000,Jan,Gasoline,ford,Other,2016-04-05 00:00:00,38226,2016-04-05 14:36:20,2016,2016,April,April,15,11
2016-03-29 18:57:18,Ford_KA__gut_erhalten__von_einer_Rentnerin_gefahren__keine_e_Mail,privat,Offer,1100,control,kleinwagen,1999,Unspecified,0,ka,80000,Dec,Gasoline,ford,Other,2016-03-29 00:00:00,85649,2016-03-29 18:57:18,2016,2016,March,March,17,0
2016-03-12 16:47:41,Ford_mit_TÜV_bis_11.2016,privat,Offer,750,control,kleinwagen,1998,manuell,0,fiesta,150000,Jan,Gasoline,ford,Other,2016-03-12 00:00:00,47533,2016-03-12 16:47:41,2016,2016,March,March,18,11
2016-03-26 17:38:53,Ford_Fiesta_1.4___Klima,privat,Offer,2990,control,kleinwagen,2005,manuell,80,fiesta,125000,Nov,Gasoline,ford,No,2016-03-26 00:00:00,52349,2016-03-28 06:17:05,2016,2016,March,March,11,1
2016-03-14 16:56:08,Ford_Fiesta_1_6_5_Tuerer_Klima/Kundendien._Zahnriemen_Bremsen_Neu,privat,Offer,3450,test,kleinwagen,2007,manuell,74,fiesta,100000,Aug,Gasoline,ford,Other,2016-03-14 00:00:00,72459,2016-03-28 12:46:33,2016,2016,March,March,9,4
2016-03-19 11:48:40,Ford_Fiesta_GFJ_1_3l_/_60_PS_Bj._1993_/_110.000km_Unfallwagen,privat,Offer,300,test,kleinwagen,1993,manuell,60,fiesta,125000,Jan,Gasoline,ford,Yes,2016-03-19 00:00:00,59071,2016-04-06 14:46:24,2016,2016,March,March,23,11
2016-03-17 20:46:44,FordFiesta_5_TÜRE_/_Tuev/Au_07/2016_/_8_fach_Bereift._Steuerkette.,privat,Offer,650,control,kleinwagen,1998,manuell,60,fiesta,70000,Feb,Gasoline,ford,Yes,2016-03-17 00:00:00,50823,2016-03-29 02:44:21,2016,2016,March,March,18,10
2016-03-21 17:40:12,Ford_Ka,privat,Offer,690,control,kleinwagen,2005,manuell,0,ka,125000,Apr,Gasoline,ford,No,2016-03-21 00:00:00,85609,2016-04-06 17:46:47,2016,2016,March,March,11,8
2016-03-29 16:55:04,Ford_Fiesta_1_4_mit_vielen_Extras,privat,Offer,3998,control,kleinwagen,2007,manuell,82,fiesta,125000,Oct,Gasoline,ford,No,2016-03-29 00:00:00,21502,2016-04-06 02:45:12,2016,2016,March,March,9,2
2016-03-11 11:47:59,Ford_Fiesta_1_3l_60PS_m.TÜV_+_4xWinter_4xSommer_Reifen_auf_Felgen,privat,Offer,690,control,kleinwagen,2000,manuell,60,fiesta,150000,Feb,Gasoline,ford,No,2016-03-11 00:00:00,39576,2016-04-07 03:46:07,2016,2016,March,March,16,10
2016-03-24 19:39:39,Fuer_Bastler,privat,Offer,99,control,kleinwagen,1997,manuell,75,fiesta,100000,Mar,Gasoline,ford,No,2016-03-24 00:00:00,79843,2016-04-05 11:17:15,2016,2016,March,March,19,9
2016-04-01 17:50:25,Ford_fiesta,privat,Offer,1999,test,kleinwagen,2002,manuell,60,fiesta,70000,Nov,Gasoline,ford,No,2016-04-01 00:00:00,40723,2016-04-05 13:17:00,2016,2016,April,April,14,1
2016-04-01 22:50:58,Ford_Fiesta_1.4_TDCI,privat,Offer,2550,test,kleinwagen,2005,manuell,68,fiesta,150000,Apr,Diesel,ford,No,2016-04-01 00:00:00,54293,2016-04-03 20:46:32,2016,2016,April,April,11,8
2016-03-31 19:57:49,FORD_KA__RBT__1.3_____Unfallwagen_Frontschaden,privat,Offer,1000,control,kleinwagen,2005,manuell,60,ka,70000,Dec,Gasoline,ford,Yes,2016-03-31 00:00:00,50259,2016-03-31 19:57:49,2016,2016,March,March,11,0
2016-03-05 14:24:49,FOCUS_Futura_1.6_Benziner_5_Tueren,privat,Offer,0,test,kleinwagen,2004,manuell,101,focus,150000,Apr,Gasoline,ford,No,2016-03-04 00:00:00,65201,2016-03-07 13:18:05,2016,2016,March,March,12,8
2016-03-05 14:18:43,Ford_Ka_Viva_1Hand_orig._43000_km._Klima_!,privat,Offer,2400,test,kleinwagen,2004,manuell,69,ka,50000,Aug,Gasoline,ford,No,2016-03-03 00:00:00,53783,2016-04-07 03:46:19,2016,2016,March,March,12,4
2016-03-11 18:45:55,Ford__Ka_alles_Neu,privat,Offer,888,test,kleinwagen,2002,manuell,60,ka,90000,Jun,Gasoline,ford,No,2016-03-11 00:00:00,1561,2016-03-29 11:44:53,2016,2016,March,March,14,6
2016-03-12 19:44:04,Ford_Fiesta_1.4_Diesel_mit_Parkhilfe,privat,Offer,2300,test,kleinwagen,2002,manuell,0,fiesta,150000,Oct,Diesel,ford,Other,2016-03-12 00:00:00,90429,2016-03-15 06:17:58,2016,2016,March,March,14,2
2016-03-10 21:57:17,Ford_Ka_1.2_Trend,privat,Offer,3800,control,kleinwagen,2009,manuell,69,ka,90000,May,Gasoline,ford,No,2016-03-10 00:00:00,24214,2016-03-14 06:18:32,2016,2016,March,March,7,7
2016-03-14 15:46:47,Unfallauto_zum_Ausschlachten,privat,Offer,100,control,kleinwagen,1996,manuell,55,fiesta,150000,Jan,Gasoline,ford,Yes,2016-03-14 00:00:00,77978,2016-03-22 09:15:23,2016,2016,March,March,20,11
2016-04-03 15:50:42,Bastlerfahrzeug_Ford_Fiesta_guenstig_abzugeben,privat,Offer,50,test,kleinwagen,1992,manuell,50,fiesta,150000,Apr,Gasoline,ford,Yes,2016-04-03 00:00:00,4932,2016-04-05 15:16:17,2016,2016,April,April,24,8
2016-03-21 22:38:01,Ford_Ka,privat,Offer,550,control,kleinwagen,1999,manuell,60,ka,100000,Mar,Gasoline,ford,No,2016-03-21 00:00:00,59075,2016-04-07 04:17:31,2016,2016,March,March,17,9
2016-03-31 20:43:10,Ford_fiesta_econetic_1_6,privat,Offer,5200,test,kleinwagen,2009,manuell,0,fiesta,150000,Aug,Diesel,ford,No,2016-03-31 00:00:00,89518,2016-04-06 15:16:05,2016,2016,March,March,7,4
2016-03-17 09:45:25,Ford_Fiesta_1Hand_nur_49TKM_el_Fenster_ZV,privat,Offer,350,test,kleinwagen,2002,manuell,60,fiesta,50000,Mar,Gasoline,ford,No,2016-03-17 00:00:00,99092,2016-04-06 05:45:20,2016,2016,March,March,14,9
2016-03-14 07:58:56,Ford_ka_99_Baujahr,privat,Offer,350,control,kleinwagen,1999,manuell,75,ka,125000,Sep,,ford,Other,2016-03-14 00:00:00,35398,2016-04-06 14:16:54,2016,2016,March,March,17,3
2016-04-04 11:52:13,Ford_Fiesta_1.4_TDCI_Ambiente,privat,Offer,2200,control,kleinwagen,2007,manuell,68,fiesta,150000,Mar,Diesel,ford,No,2016-04-04 00:00:00,72793,2016-04-04 11:52:13,2016,2016,April,April,9,9
2016-03-15 20:48:16,FORD_FIESTA|Servo|02/2017_TÜV|Automatik/ZV,privat,Offer,649,test,kleinwagen,1996,automatik,0,fiesta,150000,Feb,Gasoline,ford,Other,2016-03-15 00:00:00,45481,2016-03-15 20:48:16,2016,2016,March,March,20,10
2016-03-27 19:58:30,Ford_Fiesta_Style_Sport___Winter_/Sommerreifen_und_ueber_1_Jahr,privat,Offer,750,control,kleinwagen,1999,manuell,75,fiesta,150000,Jan,Gasoline,ford,No,2016-03-27 00:00:00,51643,2016-03-29 10:17:48,2016,2016,March,March,17,11
2016-03-11 23:42:53,Verkaufe_Ford_Fieste_Trend,privat,Offer,5400,test,kleinwagen,2009,Unspecified,0,fiesta,150000,May,Gasoline,ford,Other,2016-03-11 00:00:00,93055,2016-03-23 03:19:45,2016,2016,March,March,7,7
2016-03-16 23:55:00,Ford_Focus_10_17_TÜV,privat,Offer,1500,test,kleinwagen,1999,manuell,116,Other,150000,Apr,Gasoline,ford,Other,2016-03-16 00:00:00,4179,2016-04-06 01:49:53,2016,2016,March,March,17,8
2016-04-03 22:43:14,Ford_Fiesta_1.25_Trend_nur_41.600_km_!_!,privat,Offer,5390,control,kleinwagen,2009,manuell,82,fiesta,50000,Apr,Gasoline,ford,No,2016-04-03 00:00:00,51143,2016-04-03 22:43:14,2016,2016,April,April,7,8
2016-04-02 20:56:47,Ford_Fiesta_1.4_TDCI_mit_CHIP_&_Soundanlage,privat,Offer,1555,test,kleinwagen,2002,manuell,86,fiesta,150000,Nov,Diesel,ford,No,2016-04-02 00:00:00,73630,2016-04-06 22:16:20,2016,2016,April,April,14,1
2016-04-03 15:59:15,Ford_Fiesta_Kleinwagen,privat,Offer,3500,test,kleinwagen,2008,manuell,80,fiesta,70000,Sep,Gasoline,ford,No,2016-04-03 00:00:00,64823,2016-04-05 15:16:49,2016,2016,April,April,8,3
2016-04-03 09:52:55,FORD_KA_1_3__51_KW__INSPEKTION_NEU__96400_km,privat,Offer,2200,control,kleinwagen,2006,manuell,65,ka,100000,Jun,Gasoline,ford,No,2016-04-03 00:00:00,24808,2016-04-07 11:17:18,2016,2016,April,April,10,6
2016-03-08 12:47:37,Ford_Ka,privat,Offer,1000,test,kleinwagen,2002,manuell,60,ka,80000,Aug,Gasoline,ford,No,2016-03-08 00:00:00,63452,2016-04-05 12:20:05,2016,2016,March,March,14,4
2016-03-08 13:48:27,Ford_Escort_1_6_Euro_2,privat,Offer,70,control,kleinwagen,1997,manuell,0,escort,125000,Jul,Gasoline,ford,No,2016-03-08 00:00:00,24589,2016-03-08 13:48:27,2016,2016,March,March,19,5
2016-03-07 08:55:31,Auto_Ford_Ka_Bj._02_75000km_Hu/Au_02/16,privat,Offer,1550,control,kleinwagen,2002,manuell,60,ka,80000,Jan,Gasoline,ford,Other,2016-03-07 00:00:00,69123,2016-03-08 12:18:57,2016,2016,March,March,14,11
2016-03-09 17:54:11,FORD_FIESTA,privat,Offer,1200,test,kleinwagen,2001,manuell,50,fiesta,150000,Apr,Gasoline,ford,Other,2016-03-09 00:00:00,53175,2016-04-07 10:44:48,2016,2016,March,March,15,8
2016-04-02 20:57:01,Anschauen_lohnt!!!_FORD_FIESTA_in_Hellblaumetalik,privat,Offer,1500,test,kleinwagen,2005,manuell,60,fiesta,150000,Sep,Gasoline,ford,No,2016-04-02 00:00:00,1591,2016-04-02 21:43:53,2016,2016,April,April,11,3
2016-03-18 15:46:36,Zu_verkaufen_Ford_Fiesta,privat,Offer,1000,control,kleinwagen,2000,manuell,75,fiesta,125000,Aug,Gasoline,ford,No,2016-03-18 00:00:00,54497,2016-03-27 23:15:44,2016,2016,March,March,16,4
2016-03-20 14:46:00,Ford_Ka_zu_verkaufen,privat,Offer,550,test,kleinwagen,2003,manuell,0,ka,150000,Jan,Gasoline,ford,Yes,2016-03-20 00:00:00,27239,2016-03-22 22:16:53,2016,2016,March,March,13,11
2016-03-29 21:44:47,Ford_Fiesta_2.0_ST,privat,Offer,3190,test,kleinwagen,2005,manuell,150,fiesta,150000,Jun,Gasoline,ford,No,2016-03-29 00:00:00,93049,2016-04-06 07:46:47,2016,2016,March,March,11,6
2016-03-11 22:57:38,Ford_Fiesta,privat,Offer,175,control,kleinwagen,1993,manuell,45,fiesta,100000,Jan,Gasoline,ford,Other,2016-03-11 00:00:00,27711,2016-03-29 07:46:37,2016,2016,March,March,23,11
2016-04-01 21:50:27,Ford_Fiesta_Style__Lesen_Lohnt_Sich!!!!!!,privat,Offer,750,test,kleinwagen,1997,automatik,75,fiesta,125000,Aug,Gasoline,ford,No,2016-04-01 00:00:00,90762,2016-04-01 21:50:27,2016,2016,April,April,19,4
2016-04-02 11:46:22,Ford_Ka,privat,Offer,699,test,kleinwagen,2000,manuell,0,ka,150000,Jul,Gasoline,ford,No,2016-04-02 00:00:00,46509,2016-04-06 09:44:30,2016,2016,April,April,16,5
2016-03-23 10:48:26,Ford_Fiesta_Style,privat,Offer,820,control,kleinwagen,1997,manuell,60,fiesta,100000,Oct,Gasoline,ford,No,2016-03-23 00:00:00,67752,2016-03-29 03:44:28,2016,2016,March,March,19,2
2016-04-05 12:50:14,Ford_Fiesta,privat,Offer,950,test,kleinwagen,2001,manuell,60,fiesta,150000,Mar,Gasoline,ford,No,2016-04-05 00:00:00,44145,2016-04-05 12:50:14,2016,2016,April,April,15,9
2016-03-25 23:58:26,Fiesta_1_3l_ideales_anfaenger_auto!!__Mit_TÜV_1_jahr,privat,Offer,1290,control,kleinwagen,2000,manuell,50,fiesta,150000,Mar,Gasoline,ford,No,2016-03-25 00:00:00,24649,2016-03-27 20:16:59,2016,2016,March,March,16,9
2016-03-16 19:52:22,Ein_Ford_ka,privat,Offer,250,test,kleinwagen,1998,manuell,50,ka,90000,Dec,Gasoline,ford,Yes,2016-03-16 00:00:00,36148,2016-03-28 23:15:36,2016,2016,March,March,18,0
2016-03-28 17:46:38,BASTLERFAHRZEUG_Ford_KA_Bj_2005_!!!!!!,privat,Offer,400,test,kleinwagen,2005,manuell,70,ka,125000,Jan,Gasoline,ford,Yes,2016-03-28 00:00:00,66346,2016-04-06 23:17:32,2016,2016,March,March,11,11
2016-03-10 00:37:01,Ford_Focus_TÜV/AU_04.2017_5_Tuer,privat,Offer,1100,control,kleinwagen,1999,manuell,116,focus,150000,Apr,Gasoline,ford,Other,2016-03-10 00:00:00,12353,2016-04-06 00:47:03,2016,2016,March,March,17,8
2016-03-16 11:41:34,Ford_Fiesta_1.4_Sport_st_neu_tuev_kupplung_neu,privat,Offer,2399,test,kleinwagen,2006,manuell,80,fiesta,150000,Jul,Gasoline,ford,No,2016-03-16 00:00:00,72770,2016-03-17 08:46:47,2016,2016,March,March,10,5
2016-03-07 19:56:48,Ford_Fiesta_1.25_Trend,privat,Offer,3900,control,kleinwagen,2008,manuell,60,fiesta,100000,Dec,Gasoline,ford,No,2016-03-07 00:00:00,31319,2016-03-12 06:15:21,2016,2016,March,March,8,0
2016-03-25 18:48:25,Ford_Ka_Tuev_01.2018_Klima_/Alu/_Winterreifen_2.te__Hand,privat,Offer,950,test,kleinwagen,2003,manuell,67,Other,150000,Jan,Gasoline,ford,No,2016-03-25 00:00:00,27570,2016-03-27 06:45:18,2016,2016,March,March,13,11
2016-03-09 07:54:01,Ford_Focus_1.6_Klima_Zahnriemen_und_Wapu_gewechselt_AHK_Klima,privat,Offer,1450,test,kleinwagen,2000,manuell,100,focus,150000,Nov,Gasoline,ford,No,2016-03-09 00:00:00,12099,2016-03-26 13:15:57,2016,2016,March,March,16,1
2016-04-03 18:54:00,Ford_Fiesta_Futura__Unfallwagen,privat,Offer,399,control,kleinwagen,1994,manuell,73,fiesta,90000,Jun,Gasoline,ford,Yes,2016-04-03 00:00:00,42579,2016-04-05 19:19:15,2016,2016,April,April,22,6
2016-03-07 11:54:56,Ford_Fiesta_1_25_Trend,privat,Offer,4499,test,kleinwagen,2008,manuell,60,fiesta,90000,Nov,Gasoline,ford,No,2016-03-07 00:00:00,42553,2016-03-13 04:17:44,2016,2016,March,March,8,1
2016-04-02 18:57:51,Ford_Fiesta,privat,Offer,0,control,kleinwagen,2001,manuell,0,fiesta,125000,Nov,Gasoline,ford,No,2016-04-02 00:00:00,21409,2016-04-02 18:57:51,2016,2016,April,April,15,1
2016-03-27 14:06:20,Ford_Fiesta_1.3_Style,privat,Offer,4200,test,kleinwagen,2007,manuell,69,fiesta,80000,Dec,Gasoline,ford,No,2016-03-27 00:00:00,55129,2016-04-05 18:44:23,2016,2016,March,March,9,0
2016-04-03 12:38:55,Ford_Fiesta_//_EURO4_//_GRÜNE_PLAKETTE_//_UNFALLFREI,privat,Offer,2400,control,kleinwagen,2006,manuell,60,fiesta,150000,Aug,Gasoline,ford,No,2016-04-03 00:00:00,10407,2016-04-07 14:57:01,2016,2016,April,April,10,4
2016-04-02 11:38:35,Ford_Ka_Tuev_05/16_Kupplung_gerissen,privat,Offer,130,test,kleinwagen,2001,manuell,60,ka,80000,Oct,Gasoline,ford,Yes,2016-04-02 00:00:00,13187,2016-04-02 11:38:35,2016,2016,April,April,15,2
2016-03-16 00:53:57,Ford_Fiesta_1.25_Trend,privat,Offer,3999,test,kleinwagen,2009,manuell,82,fiesta,125000,Apr,Gasoline,ford,Yes,2016-03-15 00:00:00,73433,2016-03-16 08:42:11,2016,2016,March,March,7,8
2016-03-12 10:25:21,Ford_Ka,privat,Offer,800,control,kleinwagen,2004,Unspecified,60,Other,150000,Jan,,ford,Other,2016-03-12 00:00:00,65201,2016-03-27 00:18:08,2016,2016,March,March,12,11
2016-04-05 10:59:11,Ford_Fiesta,privat,Offer,1300,control,kleinwagen,1998,Unspecified,50,fiesta,60000,Aug,Gasoline,ford,No,2016-04-05 00:00:00,64367,2016-04-07 14:56:45,2016,2016,April,April,18,4
2016-03-28 21:59:54,Ford_Fiesta___TÜV_AU_NEU_!!!_EURO_4_4_Gruen__!!!,privat,Offer,999,control,kleinwagen,2001,manuell,60,fiesta,150000,Sep,Gasoline,ford,No,2016-03-28 00:00:00,6712,2016-03-30 14:16:33,2016,2016,March,March,15,3
2016-03-24 16:39:11,FORD_fiesta_44kw_ca.84000_km/h,privat,Offer,650,control,kleinwagen,1998,manuell,44,fiesta,90000,Jun,,ford,Yes,2016-03-24 00:00:00,6901,2016-04-07 08:45:00,2016,2016,March,March,18,6
2016-03-07 17:51:10,Ford_Fiesta_1.3L,privat,Offer,600,test,kleinwagen,2001,manuell,75,fiesta,150000,Sep,Gasoline,ford,No,2016-03-07 00:00:00,41836,2016-04-06 13:17:14,2016,2016,March,March,15,3
2016-03-12 10:48:45,Ford_Fiesta_Style,privat,Offer,975,control,kleinwagen,1999,manuell,60,fiesta,90000,May,Gasoline,ford,No,2016-03-12 00:00:00,41748,2016-03-13 01:46:28,2016,2016,March,March,17,7
2016-04-02 09:55:48,Ford___Focus___mit_Sitzheizung_!!!!!!,privat,Offer,1699,control,kleinwagen,2004,manuell,116,focus,150000,Sep,,ford,No,2016-04-02 00:00:00,71332,2016-04-06 08:15:29,2016,2016,April,April,12,3
2016-03-24 00:57:42,Ford_Ka_TÜV_bis_04.2017_servo,privat,Offer,800,test,kleinwagen,1998,manuell,60,ka,100000,Mar,Gasoline,ford,No,2016-03-23 00:00:00,27578,2016-04-06 20:47:01,2016,2016,March,March,18,9
2016-03-15 00:49:43,Ford_Ka,privat,Offer,1200,test,kleinwagen,1998,manuell,60,ka,125000,Dec,Gasoline,ford,No,2016-03-14 00:00:00,37603,2016-04-05 11:48:24,2016,2016,March,March,18,0
2016-03-14 07:54:38,Ford_Fiesta_1.4_Ohne_Tuev,privat,Offer,100,control,kleinwagen,1996,manuell,0,fiesta,150000,Jan,Gasoline,ford,Other,2016-03-14 00:00:00,81476,2016-04-07 08:16:30,2016,2016,March,March,20,11
2016-03-25 07:42:59,Ford_Fiesta_1.3_LPG_GASANLAGE_KLIMA_TÜV_NEU,privat,Offer,2490,test,kleinwagen,2004,manuell,60,fiesta,150000,Nov,Lpg,ford,No,2016-03-24 00:00:00,42327,2016-03-31 12:18:33,2016,2016,March,March,12,1
2016-03-19 13:46:42,Ford_Fiesta_Model_2006_ideal_fuer_Anfaenger,privat,Offer,3190,test,kleinwagen,2006,manuell,80,fiesta,150000,Dec,,ford,No,2016-03-19 00:00:00,53619,2016-03-22 23:16:33,2016,2016,March,March,10,0
2016-03-17 23:50:39,Ford_Fiesta_1.4_Ghia_Klima_TÜV_05/2017,privat,Offer,1850,test,kleinwagen,2003,manuell,80,fiesta,150000,Jan,Gasoline,ford,No,2016-03-17 00:00:00,60386,2016-03-28 13:15:35,2016,2016,March,March,13,11
2016-04-03 23:37:01,Ford_Ka,privat,Offer,550,control,kleinwagen,2000,manuell,60,ka,150000,Apr,Gasoline,ford,No,2016-04-03 00:00:00,73734,2016-04-06 08:16:30,2016,2016,April,April,16,8
2016-03-21 17:55:18,Ford_Fiesta,privat,Offer,1450,control,kleinwagen,2002,manuell,60,fiesta,100000,Feb,Gasoline,ford,No,2016-03-21 00:00:00,26203,2016-03-24 07:18:27,2016,2016,March,March,14,10
2016-03-26 07:02:40,An_Bastler_oder_Schlachten,privat,Offer,150,control,kleinwagen,1995,manuell,60,fiesta,150000,Nov,Diesel,ford,Other,2016-03-26 00:00:00,54518,2016-03-26 07:56:06,2016,2016,March,March,21,1
2016-03-19 18:51:12,Ford_Fiesta_1.3_Fun_Klima,privat,Offer,3200,test,kleinwagen,2006,manuell,69,fiesta,125000,Aug,Gasoline,ford,No,2016-03-19 00:00:00,28779,2016-04-07 06:16:24,2016,2016,March,March,10,4
2016-03-29 16:51:42,Ford_Ford_Focus,privat,Offer,2199,control,kleinwagen,2002,manuell,0,focus,150000,Jun,Gasoline,ford,No,2016-03-29 00:00:00,53859,2016-04-06 02:45:00,2016,2016,March,March,14,6
2016-03-09 16:55:50,Ford_Ka_1.2_Titanium_wenig_KM,privat,Offer,4250,test,kleinwagen,2010,manuell,69,ka,50000,Aug,Gasoline,ford,No,2016-03-09 00:00:00,80995,2016-03-24 14:47:50,2016,2016,March,March,6,4
2016-03-11 10:48:23,Ford_Ka_1.3disel_2010,privat,Offer,2200,test,kleinwagen,2010,manuell,0,ka,150000,Aug,Diesel,ford,No,2016-03-11 00:00:00,52062,2016-04-06 23:46:49,2016,2016,March,March,6,4
2016-03-05 16:31:00,Ford_KA_zu_verkaufen,privat,Offer,250,control,kleinwagen,1999,manuell,0,Other,150000,Jul,,ford,Other,2016-03-05 00:00:00,65555,2016-03-12 21:15:59,2016,2016,March,March,17,5
2016-03-28 11:37:41,Ford_Fiesta_1.3i_Guter_Zustand,privat,Offer,550,control,kleinwagen,1996,manuell,50,fiesta,125000,Jul,Gasoline,ford,No,2016-03-28 00:00:00,83395,2016-04-06 13:17:28,2016,2016,March,March,20,5
2016-04-05 12:46:17,Ford_Fiesta_MK4,privat,Offer,200,test,kleinwagen,1997,manuell,60,fiesta,125000,Jan,Gasoline,ford,Other,2016-04-05 00:00:00,45896,2016-04-05 12:46:17,2016,2016,April,April,19,11
2016-03-18 17:44:05,Ford_Ka_Bastlerfahrzeug,privat,Offer,250,test,kleinwagen,1999,manuell,60,ka,90000,Feb,Gasoline,ford,Yes,2016-03-18 00:00:00,47839,2016-03-18 17:44:05,2016,2016,March,March,17,10
2016-04-05 11:37:37,Ford_Fiesta_1.3_Ambiente,privat,Offer,1890,test,kleinwagen,2005,manuell,69,fiesta,150000,Sep,Gasoline,ford,No,2016-04-05 00:00:00,51789,2016-04-05 11:37:37,2016,2016,April,April,11,3
2016-04-03 20:42:12,Ford_Focus,privat,Offer,600,test,kleinwagen,2000,manuell,74,focus,150000,Apr,Gasoline,ford,Yes,2016-04-03 00:00:00,74196,2016-04-03 20:42:12,2016,2016,April,April,16,8
2016-03-15 10:25:24,Ford_Fiesta_1.4,privat,Offer,1200,test,kleinwagen,2002,manuell,80,fiesta,150000,Jan,Gasoline,ford,No,2016-03-15 00:00:00,56068,2016-03-15 12:45:43,2016,2016,March,March,14,11
2016-03-24 22:53:53,Ford_ka_bj_2004_Tuev_bis_11.17,privat,Offer,899,control,kleinwagen,2004,manuell,60,ka,150000,Jun,Gasoline,ford,No,2016-03-24 00:00:00,58453,2016-03-26 16:44:58,2016,2016,March,March,12,6
2016-03-15 09:37:05,Ford_Ka,privat,Offer,1199,control,kleinwagen,2002,manuell,60,ka,150000,Nov,Gasoline,ford,No,2016-03-15 00:00:00,51491,2016-03-18 03:15:47,2016,2016,March,March,14,1
2016-03-10 10:49:39,Ford_Fiesta_an_Bastler,privat,Offer,260,test,kleinwagen,2001,manuell,60,fiesta,150000,Jan,Gasoline,ford,Yes,2016-03-10 00:00:00,27356,2016-03-14 05:17:21,2016,2016,March,March,15,11
2016-03-25 13:55:18,Ford_Fietsa_1_3,privat,Offer,1600,test,kleinwagen,2002,manuell,66,fiesta,150000,Sep,Gasoline,ford,Other,2016-03-25 00:00:00,41061,2016-03-30 03:46:33,2016,2016,March,March,14,3
2016-04-03 09:53:14,Ford_fiesta,privat,Offer,500,control,kleinwagen,1998,Unspecified,0,fiesta,150000,Jan,,ford,Other,2016-04-03 00:00:00,99085,2016-04-03 10:39:23,2016,2016,April,April,18,11
2016-04-01 11:55:14,Ford_Fiesta_Bj.02__Tuev_08/16__Klima_Servo_Airbag_ZV_mit_Funk_80tk,privat,Offer,450,test,kleinwagen,2002,manuell,75,fiesta,80000,Oct,Gasoline,ford,No,2016-04-01 00:00:00,4277,2016-04-03 07:51:12,2016,2016,April,April,14,2
2016-03-05 19:39:55,Ford_Ka__rot,privat,Offer,1600,test,kleinwagen,2007,manuell,60,ka,100000,Mar,Gasoline,ford,No,2016-03-05 00:00:00,91315,2016-03-19 17:45:12,2016,2016,March,March,9,9
2016-03-15 19:50:00,Ford_Fiesta_4_Tuerig_mit_tuev,privat,Offer,249,control,kleinwagen,1998,manuell,60,fiesta,150000,Sep,Gasoline,ford,No,2016-03-15 00:00:00,63743,2016-03-16 17:50:42,2016,2016,March,March,18,3
2016-03-08 03:36:25,Ford_Fiesta_schlachtfest,privat,Offer,0,control,kleinwagen,2002,manuell,0,fiesta,150000,Feb,Diesel,ford,Yes,2016-03-08 00:00:00,31595,2016-04-06 06:45:49,2016,2016,March,March,14,10
2016-03-23 13:55:34,Ford_Ka,privat,Offer,900,test,kleinwagen,1997,manuell,60,ka,150000,Mar,Gasoline,ford,No,2016-03-23 00:00:00,13593,2016-04-05 15:18:32,2016,2016,March,March,19,9
2016-03-14 17:37:21,Ford_Fiesta_1.3_Nur_33000km__Klima__Servo__Checkheft,privat,Offer,3799,test,kleinwagen,2008,manuell,60,fiesta,40000,Mar,Gasoline,ford,No,2016-03-14 00:00:00,73760,2016-03-31 07:16:39,2016,2016,March,March,8,9
2016-03-15 19:52:18,Ford_Fiesta_Euro_4_Klima,privat,Offer,950,control,kleinwagen,2001,manuell,60,fiesta,150000,Mar,Gasoline,ford,No,2016-03-15 00:00:00,24360,2016-03-28 18:44:23,2016,2016,March,March,15,9
2016-03-10 12:48:23,Ford_Puma_TÜV_neu;_Navi;_8fach,privat,Offer,1399,test,kleinwagen,2000,manuell,90,andere,125000,Mar,Gasoline,ford,No,2016-03-10 00:00:00,30926,2016-03-20 21:44:26,2016,2016,March,March,16,9
2016-03-15 11:47:29,Ford_Ford_KA_SERVO_2003_TÜV_2_2018_ERST_106.000KM,privat,Offer,1150,test,kleinwagen,2003,manuell,71,ka,125000,Aug,Gasoline,ford,No,2016-03-15 00:00:00,50827,2016-03-26 12:15:46,2016,2016,March,March,13,4
2016-03-30 19:45:19,Ford_KA_Gebrauchtwagen,privat,Offer,150,test,kleinwagen,1997,manuell,60,ka,150000,Jan,Gasoline,ford,Other,2016-03-30 00:00:00,54550,2016-04-07 11:16:19,2016,2016,March,March,19,11
2016-04-01 10:54:57,Verkaufe_ford_fiesta_ohne_rost_und_mit_nur_45111km,privat,Offer,500,control,kleinwagen,1995,automatik,44,fiesta,50000,Apr,Gasoline,ford,No,2016-04-01 00:00:00,17094,2016-04-07 07:46:12,2016,2016,April,April,21,8
2016-03-23 11:54:43,Ford_Fiesta_Style__TÜV___AU_NEU,privat,Offer,1350,test,kleinwagen,1999,manuell,60,fiesta,125000,Feb,Gasoline,ford,No,2016-03-23 00:00:00,47805,2016-04-07 13:17:16,2016,2016,March,March,17,10
2016-03-27 17:57:00,Fiesta_Magic_bj.1995_GFJ_eine_der_wenige!!___leder__,privat,Offer,2400,test,kleinwagen,1995,manuell,75,fiesta,125000,Jun,Gasoline,ford,No,2016-03-27 00:00:00,46395,2016-04-05 14:16:20,2016,2016,March,March,21,6
2016-03-16 11:41:13,Ford_Fiesta,privat,Offer,950,test,kleinwagen,1997,Unspecified,0,fiesta,125000,Oct,Gasoline,ford,No,2016-03-16 00:00:00,50181,2016-03-19 07:46:20,2016,2016,March,March,19,2
2016-03-23 17:53:44,Ford_Fiesta_in_super_Zustand,privat,Offer,3450,control,kleinwagen,2007,manuell,60,fiesta,70000,Apr,Gasoline,ford,No,2016-03-23 00:00:00,42781,2016-04-05 22:18:00,2016,2016,March,March,9,8
2016-03-11 21:45:17,Ford_Fiesta_zu_Verkaufen_JD§,privat,Offer,1499,test,kleinwagen,2005,manuell,61,fiesta,100000,Nov,Gasoline,ford,Yes,2016-03-11 00:00:00,97070,2016-03-16 12:45:40,2016,2016,March,March,11,1
2016-03-16 18:37:35,Ford_KA_44kw_60_Ps_70000Km,privat,Offer,1200,control,kleinwagen,2003,manuell,60,ka,70000,Sep,Gasoline,ford,No,2016-03-16 00:00:00,34295,2016-03-17 16:47:30,2016,2016,March,March,13,3
2016-04-02 13:46:08,Ford_Focus_1.6_TDCi_Titanium__DPF_,privat,Offer,5500,test,kleinwagen,2007,manuell,109,focus,150000,Mar,Diesel,ford,No,2016-04-02 00:00:00,79111,2016-04-06 11:47:00,2016,2016,April,April,9,9
2016-03-23 10:51:04,Ford_Fiesta_TÜV_05/2017,privat,Offer,300,control,kleinwagen,1996,manuell,55,fiesta,150000,Jan,Gasoline,ford,No,2016-03-23 00:00:00,28259,2016-03-23 11:40:40,2016,2016,March,March,20,11
2016-04-01 21:38:16,Ford_Fiesta_Futura_2,privat,Offer,1350,test,kleinwagen,2002,manuell,75,fiesta,125000,Jun,Gasoline,ford,No,2016-04-01 00:00:00,32278,2016-04-01 21:38:16,2016,2016,April,April,14,6
2016-04-03 20:41:14,Ford_Fiesta_in_Atlantikblau_Metallik,privat,Offer,2400,test,kleinwagen,2004,manuell,0,fiesta,150000,May,,ford,Other,2016-04-03 00:00:00,28857,2016-04-03 20:41:14,2016,2016,April,April,12,7
2016-03-14 16:56:23,Ford_Fiesta_Ghia__Vollausstattung__gut_gepflegt,privat,Offer,2550,test,kleinwagen,2002,manuell,80,fiesta,150000,May,Gasoline,ford,No,2016-03-14 00:00:00,24848,2016-04-05 22:45:37,2016,2016,March,March,14,7
2016-03-20 20:47:09,Ford_Fiesta,privat,Offer,1100,test,kleinwagen,2000,manuell,0,fiesta,100000,Sep,Gasoline,ford,No,2016-03-20 00:00:00,27305,2016-03-30 12:19:01,2016,2016,March,March,16,3
2016-03-28 10:55:22,Ford_Fiesta_Futura,privat,Offer,1400,control,kleinwagen,2000,manuell,60,fiesta,40000,Dec,Gasoline,ford,No,2016-03-28 00:00:00,18435,2016-03-28 11:40:18,2016,2016,March,March,16,0
2016-03-27 10:57:53,Ford_Fiesta_Ghia___KLIMA___TÜV_10/2016,privat,Offer,899,control,kleinwagen,2001,manuell,75,fiesta,125000,Nov,Gasoline,ford,Other,2016-03-27 00:00:00,4736,2016-03-30 10:43:13,2016,2016,March,March,15,1
2016-04-05 11:50:42,Ford_Fiesta_Style_1._Hand_48000_km,privat,Offer,1100,test,kleinwagen,1997,manuell,75,fiesta,50000,Oct,Gasoline,ford,No,2016-04-05 00:00:00,8525,2016-04-05 11:50:42,2016,2016,April,April,19,2
2016-03-23 13:59:32,Ford_Fiesta_1.4_TDCI,privat,Offer,3750,test,kleinwagen,2006,manuell,68,fiesta,150000,Aug,Diesel,ford,No,2016-03-23 00:00:00,45881,2016-04-05 14:45:42,2016,2016,March,March,10,4
2016-03-21 22:36:45,Ford_Fiesta_1.3,privat,Offer,1900,control,kleinwagen,2003,manuell,69,fiesta,150000,Jan,Gasoline,ford,No,2016-03-21 00:00:00,1127,2016-04-05 13:17:15,2016,2016,March,March,13,11
2016-03-07 20:58:15,Biete_einen_Ford_Fiesta_an.Tuev/ASU_NEU_BIS_03/2018__1.4_Euro_4,privat,Offer,2200,test,kleinwagen,2005,manuell,0,fiesta,150000,Apr,Diesel,ford,Other,2016-03-07 00:00:00,12347,2016-04-05 17:45:54,2016,2016,March,March,11,8
2016-03-07 18:25:24,Ford_Fiesta,privat,Offer,1100,test,kleinwagen,1999,manuell,75,focus,100000,Sep,Gasoline,ford,No,2016-03-07 00:00:00,56589,2016-04-03 00:48:14,2016,2016,March,March,17,3
2016-03-27 12:38:01,FORD_Fiesta_V__1_6__Ghia__2004__Klima_Alu__WR,privat,Offer,2700,test,kleinwagen,2004,manuell,100,fiesta,125000,Sep,Gasoline,ford,Other,2016-03-27 00:00:00,63694,2016-03-31 20:43:30,2016,2016,March,March,12,3
2016-03-10 12:58:30,Ford_Ka_Kool_1.3i_60PS,privat,Offer,289,test,kleinwagen,1997,manuell,60,ka,150000,Jul,Gasoline,ford,No,2016-03-10 00:00:00,47929,2016-03-23 09:17:44,2016,2016,March,March,19,5
2016-03-21 11:45:05,Ford_Fiesta_zu_verkaufen___1.25,privat,Offer,4200,control,kleinwagen,2010,manuell,60,fiesta,125000,Mar,Gasoline,ford,Other,2016-03-21 00:00:00,23566,2016-03-22 15:46:19,2016,2016,March,March,6,9
2016-03-30 18:06:21,Ford_Fiesta_1.4_Ambiente_132000km,privat,Offer,1900,control,kleinwagen,2003,manuell,80,fiesta,150000,Sep,Gasoline,ford,No,2016-03-30 00:00:00,65824,2016-03-30 21:06:57,2016,2016,March,March,13,3
2016-04-02 09:56:33,Ford_Fiesta,privat,Offer,1199,control,kleinwagen,1993,manuell,50,fiesta,70000,May,Gasoline,ford,No,2016-04-02 00:00:00,39175,2016-04-06 08:44:30,2016,2016,April,April,23,7
2016-03-21 15:36:17,Ford_Fiesta_in_Top_Zustand_TÜV_bis_03/2018_und_erst_124500_km_Ori,privat,Offer,1299,control,kleinwagen,2001,manuell,50,fiesta,125000,Nov,Gasoline,ford,No,2016-03-21 00:00:00,42551,2016-03-21 16:40:40,2016,2016,March,March,15,1
2016-03-17 10:50:23,Ford_Ka_2005_Tueftler_03.2017,privat,Offer,1499,test,kleinwagen,2005,manuell,63,ka,125000,May,Gasoline,ford,No,2016-03-17 00:00:00,28207,2016-03-19 10:15:54,2016,2016,March,March,11,7
2016-03-08 11:36:43,Ford_Fiesta_1.3,privat,Offer,1799,control,kleinwagen,2003,manuell,60,fiesta,150000,Mar,Gasoline,ford,No,2016-03-08 00:00:00,41515,2016-04-07 13:17:48,2016,2016,March,March,13,9
2016-03-15 21:25:22,Verkaufe_mein_Ford_Focus,privat,Offer,250,control,kleinwagen,2000,manuell,110,focus,150000,Oct,Gasoline,ford,Yes,2016-03-15 00:00:00,60386,2016-03-24 13:17:48,2016,2016,March,March,16,2
2016-03-09 21:51:56,Ford_Ka_1.2_Titanium,privat,Offer,4799,test,kleinwagen,2009,manuell,69,ka,90000,Mar,Gasoline,ford,No,2016-03-09 00:00:00,41068,2016-04-06 00:15:55,2016,2016,March,March,7,9
2016-03-12 11:49:01,Ford_Fusion_1.6_Elegance,privat,Offer,1999,test,kleinwagen,2003,manuell,101,fusion,150000,Apr,Gasoline,ford,No,2016-03-12 00:00:00,83543,2016-03-12 11:49:01,2016,2016,March,March,13,8
2016-04-01 18:38:29,Ford_Fiesta_1_3_an_Bastler,privat,Offer,200,control,kleinwagen,1998,manuell,50,fiesta,90000,Aug,Gasoline,ford,No,2016-04-01 00:00:00,58135,2016-04-03 15:16:19,2016,2016,April,April,18,4
2016-03-22 22:39:38,Ford_Fiesta_12/2004_grau_5_Tuerer,privat,Offer,1650,control,kleinwagen,2004,manuell,68,fiesta,150000,Dec,Diesel,ford,Yes,2016-03-22 00:00:00,48149,2016-03-22 22:39:38,2016,2016,March,March,12,0
2016-03-28 21:51:16,Ford_Fiesta_TOP_ZUSTAND,privat,Offer,2600,control,kleinwagen,2005,manuell,69,fiesta,100000,Aug,Gasoline,ford,No,2016-03-28 00:00:00,87527,2016-04-07 04:45:29,2016,2016,March,March,11,4
2016-03-21 20:41:42,Ford_Fiesta_1.25_Ambiente,privat,Offer,5399,control,kleinwagen,2009,manuell,82,fiesta,90000,Apr,Gasoline,ford,No,2016-03-21 00:00:00,66740,2016-04-06 23:45:51,2016,2016,March,March,7,8
2016-04-03 11:56:33,Ford_Fiesta_1_3_l,privat,Offer,888,control,kleinwagen,1998,automatik,75,fiesta,100000,May,Gasoline,ford,No,2016-04-03 00:00:00,73329,2016-04-03 11:56:33,2016,2016,April,April,18,7
2016-03-15 18:48:31,Ford_Fiesta_1.6_Ghia,privat,Offer,2200,control,kleinwagen,2002,manuell,101,fiesta,150000,May,Gasoline,ford,No,2016-03-15 00:00:00,22307,2016-03-30 06:46:55,2016,2016,March,March,14,7
2016-03-20 13:55:54,Ford_Fiesta_TÜV/ASU_09/2016_Angemeldet_Fahrbereit!!,privat,Offer,450,test,kleinwagen,1995,manuell,50,fiesta,150000,Jun,Gasoline,ford,No,2016-03-20 00:00:00,6844,2016-03-20 13:55:54,2016,2016,March,March,21,6
2016-03-30 15:45:24,Ford_Fiesta_1_3_4_Tuerig_mit_Tuev_und_Klimaanlage,privat,Offer,490,test,kleinwagen,1999,manuell,75,fiesta,150000,Mar,Gasoline,ford,No,2016-03-30 00:00:00,22143,2016-04-07 06:16:29,2016,2016,March,March,17,9
2016-03-24 15:56:47,Ford_ka_bj_2000,privat,Offer,220,test,kleinwagen,2000,manuell,0,ka,125000,Jan,,ford,Yes,2016-03-24 00:00:00,46562,2016-04-07 07:46:45,2016,2016,March,March,16,11
2016-03-24 09:52:19,Ford_Ka_Tuef_03.2018,privat,Offer,1350,control,kleinwagen,2005,manuell,69,ka,125000,May,Gasoline,ford,No,2016-03-24 00:00:00,28207,2016-03-24 10:40:11,2016,2016,March,March,11,7
2016-04-04 12:43:19,Tausche_Ford_Fiesta_gegen_Simson_o._Motorrad__Bilder_folgen_,privat,Offer,0,control,kleinwagen,2001,manuell,50,fiesta,150000,Jan,Gasoline,ford,No,2016-04-04 00:00:00,39112,2016-04-04 12:43:19,2016,2016,April,April,15,11
2016-03-12 12:44:31,Fiesta_4_Tueren_1.2L_60ps_Servo_Tuev_und_Au_bis_11.2016_D4,privat,Offer,600,test,kleinwagen,1999,manuell,60,fiesta,150000,May,Gasoline,ford,No,2016-03-12 00:00:00,33649,2016-03-13 03:46:00,2016,2016,March,March,17,7
2016-04-03 21:42:34,Ford_KA_futura_tuev_1.2018_Klima._Viele_neuteile,privat,Offer,950,test,kleinwagen,2000,manuell,60,Other,125000,Aug,Gasoline,ford,No,2016-04-03 00:00:00,38228,2016-04-05 22:18:42,2016,2016,April,April,16,4
2016-03-21 10:38:17,Ford_kA_guenstig_abgeben_nur_heute,privat,Offer,50,test,kleinwagen,2001,manuell,60,ka,150000,Apr,Gasoline,ford,Other,2016-03-21 00:00:00,20255,2016-03-22 14:18:33,2016,2016,March,March,15,8
2016-04-03 21:51:28,Mazda_121_baugleich_Ford_Fiesta,privat,Offer,1297,test,kleinwagen,2001,manuell,50,fiesta,90000,Dec,Gasoline,ford,Other,2016-04-03 00:00:00,8058,2016-04-05 23:15:27,2016,2016,April,April,15,0
2016-03-07 06:02:58,Ford_Fusion_1.4_Glasschiebedach_8xReifen,privat,Offer,1850,test,kleinwagen,2003,manuell,80,fusion,125000,Mar,Gasoline,ford,No,2016-03-07 00:00:00,45257,2016-03-07 15:15:12,2016,2016,March,March,13,9
2016-03-22 13:52:05,Verkaufe_Ford_escord_fahrbereit,privat,Offer,300,control,kleinwagen,1990,manuell,90,Other,150000,Apr,Gasoline,ford,Yes,2016-03-22 00:00:00,29525,2016-03-22 13:52:05,2016,2016,March,March,26,8
2016-04-02 00:50:41,Ford_Fiesta_1.4,privat,Offer,2250,test,kleinwagen,2003,manuell,80,fiesta,150000,May,Gasoline,ford,No,2016-04-01 00:00:00,57319,2016-04-06 05:16:05,2016,2016,April,April,13,7
2016-03-23 21:54:58,Gut_gepflegter_Ford_Fiesta,privat,Offer,3500,test,kleinwagen,2004,manuell,60,fiesta,125000,Jun,Gasoline,ford,No,2016-03-23 00:00:00,53947,2016-04-06 05:44:35,2016,2016,March,March,12,6
2016-04-03 18:56:03,Ford_Fiesta_1.3,privat,Offer,1950,control,kleinwagen,2006,manuell,69,fiesta,125000,Jun,Gasoline,ford,No,2016-04-03 00:00:00,44147,2016-04-03 18:56:03,2016,2016,April,April,10,6
2016-03-14 16:53:22,Ford_Ka,privat,Offer,1200,test,kleinwagen,2000,manuell,60,ka,90000,Nov,Gasoline,ford,No,2016-03-14 00:00:00,40880,2016-03-23 17:18:48,2016,2016,March,March,16,1
2016-03-20 13:06:16,Ford_Ka_Bj_2002_mit_TÜV_guten_Zustand,privat,Offer,649,test,kleinwagen,2002,manuell,60,ka,150000,Oct,Gasoline,ford,No,2016-03-20 00:00:00,60326,2016-03-28 15:18:51,2016,2016,March,March,14,2
2016-04-02 10:58:32,Ford_Fiesta_Bj_2005,privat,Offer,3200,test,kleinwagen,2005,manuell,54,fiesta,90000,Jan,Gasoline,ford,No,2016-04-02 00:00:00,79112,2016-04-02 11:44:44,2016,2016,April,April,11,11
2016-03-12 15:54:46,Ford_Fiesta_Auto_TÜV__bis_07_2017,privat,Offer,1200,control,kleinwagen,2000,manuell,0,fiesta,150000,Jun,Gasoline,ford,Other,2016-03-12 00:00:00,22045,2016-04-07 04:44:22,2016,2016,March,March,16,6
2016-03-24 13:06:19,Ford__Trend,privat,Offer,3449,control,kleinwagen,2009,manuell,60,fiesta,125000,Oct,Gasoline,ford,No,2016-03-24 00:00:00,56579,2016-03-24 20:07:52,2016,2016,March,March,7,2
2016-03-10 21:48:41,Verkaufe_Ford_Focus,privat,Offer,500,control,kleinwagen,2003,manuell,75,focus,150000,Jan,Gasoline,ford,Yes,2016-03-10 00:00:00,34576,2016-03-17 15:17:29,2016,2016,March,March,13,11
2016-03-11 14:54:30,Ford_Fiesta_JH1__1_3l__69PS__el._FH_vorne__Klimaanlage__185458km,privat,Offer,1099,control,kleinwagen,2005,manuell,69,fiesta,150000,Jul,Gasoline,ford,Yes,2016-03-11 00:00:00,97215,2016-03-12 05:15:44,2016,2016,March,March,11,5
2016-03-24 15:38:36,Ford_fiesta_1.2_tuev_03.2017,privat,Offer,475,test,kleinwagen,1998,manuell,75,fiesta,80000,Mar,Gasoline,ford,Other,2016-03-24 00:00:00,33719,2016-03-26 00:16:42,2016,2016,March,March,18,9
2016-03-31 21:55:13,Ford_Fiesta_Style_Kool_1.3_/_75_PS,privat,Offer,250,test,kleinwagen,1999,manuell,75,fiesta,70000,Apr,Gasoline,ford,No,2016-03-31 00:00:00,12349,2016-04-06 18:17:42,2016,2016,March,March,17,8
2016-03-16 09:47:55,Ford_Fiesta_1.3_Style,privat,Offer,3800,test,kleinwagen,2007,manuell,69,fiesta,100000,Aug,Gasoline,ford,No,2016-03-16 00:00:00,74255,2016-04-06 02:44:28,2016,2016,March,March,9,4
2016-04-05 09:52:36,Ford_Fiesta_1.25,privat,Offer,5500,control,kleinwagen,2009,manuell,60,fiesta,90000,Apr,Gasoline,ford,No,2016-04-05 00:00:00,32423,2016-04-07 13:16:22,2016,2016,April,April,7,8
2016-03-05 16:55:08,Suesser_kleiner_Ford_Ka_zu_verkaufen!!,privat,Offer,300,control,kleinwagen,2001,manuell,60,ka,125000,Sep,Gasoline,ford,No,2016-03-05 00:00:00,49124,2016-03-05 17:46:50,2016,2016,March,March,15,3
2016-04-04 10:54:33,Ford_Fiesta_ST__2.0_16v__FESTPREIS!,privat,Offer,2350,control,kleinwagen,2005,manuell,150,fiesta,150000,Jun,Gasoline,ford,Yes,2016-04-04 00:00:00,59394,2016-04-04 11:43:46,2016,2016,April,April,11,6
2016-04-03 17:40:37,Ford_Fiesta_1_3_Vision_X__Schoenes_Anfaengerauto,privat,Offer,2290,test,kleinwagen,2004,manuell,51,fiesta,150000,Dec,Gasoline,ford,No,2016-04-03 00:00:00,47800,2016-04-03 17:40:37,2016,2016,April,April,12,0
2016-03-08 20:52:40,Ford_Fiesta_1.6_Sport,privat,Offer,4099,control,kleinwagen,2006,manuell,101,fiesta,125000,Feb,Gasoline,ford,No,2016-03-08 00:00:00,68169,2016-04-05 21:16:03,2016,2016,March,March,10,10
2016-03-05 17:46:00,Ford_Fiesta_1.3,privat,Offer,3800,test,kleinwagen,2007,manuell,69,fiesta,100000,Jun,Gasoline,ford,No,2016-03-05 00:00:00,57223,2016-04-07 10:45:20,2016,2016,March,March,9,6
2016-03-29 20:44:56,Ford_fiesta_Scheckheft_vorhanden,privat,Offer,1899,test,kleinwagen,2003,manuell,0,fiesta,125000,Mar,Gasoline,ford,Other,2016-03-29 00:00:00,13595,2016-04-06 06:45:55,2016,2016,March,March,13,9
2016-03-19 22:53:42,Ford_KA_EZ_08_Tuev_10/17,privat,Offer,1600,test,kleinwagen,2008,manuell,60,ka,125000,Sep,,ford,No,2016-03-19 00:00:00,44263,2016-03-20 03:43:46,2016,2016,March,March,8,3
2016-03-21 17:43:16,Ford_fiesta_1.4l,privat,Offer,250,control,kleinwagen,1995,manuell,75,fiesta,150000,Jan,Gasoline,ford,Other,2016-03-21 00:00:00,70188,2016-03-31 22:19:24,2016,2016,March,March,21,11
2016-03-12 13:53:51,Ford_Fiesta_NEU_HU_Guter_Zustand,privat,Offer,1600,control,kleinwagen,2003,manuell,60,fiesta,150000,Jun,Gasoline,ford,No,2016-03-12 00:00:00,79713,2016-03-23 00:17:58,2016,2016,March,March,13,6
2016-03-17 19:43:12,Tausche_Ford_Fiesta_mk5_gegen_Mercedes__BMW_oder_sonst_irgendwas,privat,Offer,1200,control,kleinwagen,2000,manuell,0,fiesta,150000,Mar,Gasoline,ford,No,2016-03-17 00:00:00,6231,2016-04-07 07:17:03,2016,2016,March,March,16,9
2016-04-04 22:49:05,Verkauf_als_Bastler_Auto,privat,Offer,500,test,kleinwagen,1998,manuell,60,fiesta,50000,Oct,Gasoline,ford,Other,2016-04-04 00:00:00,24321,2016-04-07 01:45:59,2016,2016,April,April,18,2
2016-04-04 16:44:07,Ford_Ka_1.2,privat,Offer,4700,test,kleinwagen,2009,manuell,69,ka,50000,Jun,Gasoline,ford,No,2016-04-04 00:00:00,46117,2016-04-06 18:17:09,2016,2016,April,April,7,6
2016-04-01 17:58:59,Ford_Ka_*_1_Jahr_TÜV__Klimaanlage*,privat,Offer,350,test,kleinwagen,1997,manuell,0,ka,100000,Jan,Gasoline,ford,Other,2016-04-01 00:00:00,48231,2016-04-01 18:41:58,2016,2016,April,April,19,11
2016-03-20 10:48:31,Ford_Fiesta,privat,Offer,200,control,kleinwagen,1996,manuell,50,fiesta,150000,Nov,Gasoline,ford,No,2016-03-20 00:00:00,24149,2016-03-22 16:50:38,2016,2016,March,March,20,1
2016-03-19 09:54:10,Ford_Fiesta,privat,Offer,1500,test,kleinwagen,2000,manuell,50,fiesta,150000,Aug,Gasoline,ford,No,2016-03-19 00:00:00,91242,2016-04-06 10:15:48,2016,2016,March,March,16,4
2016-03-07 02:51:24,Ford_Fiesta,privat,Offer,950,test,kleinwagen,2000,manuell,60,fiesta,150000,Aug,Gasoline,ford,No,2016-03-07 00:00:00,66115,2016-04-07 06:46:31,2016,2016,March,March,16,4
2016-03-20 13:48:01,gepflegter_Keinwagen,privat,Offer,3800,test,kleinwagen,2009,manuell,70,ka,40000,Jun,Gasoline,ford,No,2016-03-20 00:00:00,59964,2016-03-25 13:21:04,2016,2016,March,March,7,6
2016-03-06 14:42:46,Ford_Focus_1.4_16V_Style_1.Hand__Top,privat,Offer,4999,control,kleinwagen,2007,manuell,80,focus,100000,Oct,Gasoline,ford,No,2016-03-06 00:00:00,22946,2016-03-22 18:47:45,2016,2016,March,March,9,2
2016-03-09 14:53:56,Ford_KA__Leder__Klima__Winter__und_Sommerreifen,privat,Offer,1650,test,kleinwagen,2006,manuell,60,ka,90000,Dec,Gasoline,ford,Other,2016-03-09 00:00:00,50937,2016-03-09 14:53:56,2016,2016,March,March,10,0
2016-03-05 19:37:01,Ford_Ka__1_3__gelb,privat,Offer,449,test,kleinwagen,2000,manuell,60,ka,150000,Nov,Gasoline,ford,Other,2016-03-05 00:00:00,26160,2016-04-02 02:46:46,2016,2016,March,March,16,1
2016-04-04 03:36:22,Ford_Fiesta_1.4_Ghia_KLIMA_Sitzhzg._Frontscheibenhzg.,privat,Offer,3900,control,kleinwagen,2003,manuell,80,fiesta,80000,Apr,Gasoline,ford,No,2016-04-04 00:00:00,78628,2016-04-06 09:45:44,2016,2016,April,April,13,8
2016-03-24 11:51:37,Ford_Focus_1_4_an_Bastler,privat,Offer,250,test,kleinwagen,1999,manuell,75,focus,150000,Feb,Gasoline,ford,Yes,2016-03-24 00:00:00,58453,2016-03-24 12:40:10,2016,2016,March,March,17,10
2016-03-14 17:25:21,Ford_Fiesta,privat,Offer,1050,control,kleinwagen,2000,manuell,75,fiesta,150000,Sep,Gasoline,ford,No,2016-03-14 00:00:00,65189,2016-04-06 06:16:24,2016,2016,March,March,16,3
2016-03-29 10:37:24,Ford_Fiesta,privat,Offer,750,control,kleinwagen,2000,manuell,72,fiesta,150000,Jun,Gasoline,ford,Other,2016-03-29 00:00:00,74740,2016-04-03 19:46:34,2016,2016,March,March,16,6
2016-03-29 13:52:41,Ford_Fiesta_TÜV_2018,privat,Offer,222,control,kleinwagen,1996,manuell,45,fiesta,150000,Sep,Gasoline,ford,Other,2016-03-29 00:00:00,13409,2016-04-05 23:17:43,2016,2016,March,March,20,3
2016-03-30 18:53:10,Ford_Fiesta_1_3_60_PS_TÜV_NEU_3_/_2018_guter_Zustand,privat,Offer,790,test,kleinwagen,1996,manuell,60,Other,150000,Sep,Gasoline,ford,No,2016-03-30 00:00:00,34323,2016-04-07 10:17:03,2016,2016,March,March,20,3
2016-03-26 18:48:21,Ford_ka_Lufthansa_Edition_TÜV_2017,privat,Offer,500,test,kleinwagen,1999,manuell,60,ka,150000,Aug,Gasoline,ford,No,2016-03-26 00:00:00,10587,2016-03-26 18:48:21,2016,2016,March,March,17,4
2016-04-05 22:36:24,Ford_Fiesta_1.3,privat,Offer,800,control,kleinwagen,2003,manuell,60,fiesta,150000,Aug,Gasoline,ford,No,2016-04-05 00:00:00,20357,2016-04-05 22:36:24,2016,2016,April,April,13,4
2016-03-08 14:48:20,Top_Top_FORD_Ka___Servolenkung_u._mit_neuen_TÜV_zuverkaufen,privat,Offer,1350,test,kleinwagen,2000,manuell,0,ka,125000,Jul,Gasoline,ford,Other,2016-03-08 00:00:00,28195,2016-03-22 14:19:41,2016,2016,March,March,16,5
2016-03-11 11:54:52,Ford_Fiesta,privat,Offer,550,control,kleinwagen,1999,manuell,60,fiesta,150000,Aug,Gasoline,ford,No,2016-03-11 00:00:00,41516,2016-03-12 16:18:45,2016,2016,March,March,17,4
2016-03-10 18:57:06,Ford_Fiesta_1.3_TÜV/AU_NEU_!!_KLIMA,privat,Offer,3290,test,kleinwagen,2005,manuell,60,fiesta,40000,Mar,Gasoline,ford,No,2016-03-10 00:00:00,52351,2016-03-12 10:15:38,2016,2016,March,March,11,9
2016-03-24 16:49:20,Ford_KA_mit_Servolenkung__TÜV__CD__guter_Zustand,privat,Offer,1800,control,kleinwagen,2006,manuell,69,ka,125000,Mar,Gasoline,ford,No,2016-03-24 00:00:00,27777,2016-04-07 09:17:20,2016,2016,March,March,10,9
2016-03-25 20:50:48,Verkaufe_Ford_Ka__FLITZER__,privat,Offer,1400,control,kleinwagen,2005,manuell,60,ka,125000,Dec,Gasoline,ford,No,2016-03-25 00:00:00,72202,2016-04-05 01:44:52,2016,2016,March,March,11,0
2016-03-30 09:25:22,Ford_Ka__guter_Zustand,privat,Offer,899,control,kleinwagen,2004,manuell,60,ka,125000,Mar,Gasoline,ford,No,2016-03-30 00:00:00,56316,2016-04-06 17:45:19,2016,2016,March,March,12,9
2016-03-22 18:55:43,Ford_Fiesta_rechts_Lenker,privat,Offer,550,control,kleinwagen,2001,manuell,0,fiesta,150000,Jan,Diesel,ford,Other,2016-03-22 00:00:00,56858,2016-03-28 10:15:32,2016,2016,March,March,15,11
2016-04-04 13:58:45,Ford_Fusion_1.4_Klima_TÜV_getoente_Scheiben,privat,Offer,2499,control,kleinwagen,2002,manuell,80,fusion,150000,Sep,Gasoline,ford,No,2016-04-04 00:00:00,16567,2016-04-06 15:46:07,2016,2016,April,April,14,3
2016-03-14 22:38:16,Ford_Fiesta_2002_Benzin_75PS,privat,Offer,770,control,kleinwagen,2002,manuell,75,fiesta,150000,Jan,,ford,Other,2016-03-14 00:00:00,59755,2016-04-06 20:45:05,2016,2016,March,March,14,11
2016-04-02 16:39:54,Ford_Ka_1.2_Start_Stopp_System,privat,Offer,5300,control,kleinwagen,2011,manuell,69,ka,100000,May,Gasoline,ford,No,2016-04-02 00:00:00,87509,2016-04-06 15:17:54,2016,2016,April,April,5,7
2016-03-23 22:41:06,Ford_Fiesta,privat,Offer,100,test,kleinwagen,1999,manuell,55,Other,90000,Jan,Gasoline,ford,No,2016-03-23 00:00:00,83022,2016-03-25 06:47:20,2016,2016,March,March,17,11
2016-03-11 13:57:42,Ford_Fiesta__Sitzheizung__Sonnendach__TÜV_01/17__Steuerkette,privat,Offer,690,test,kleinwagen,1999,manuell,0,fiesta,125000,Jul,Gasoline,ford,No,2016-03-11 00:00:00,6682,2016-03-12 18:44:13,2016,2016,March,March,17,5
2016-03-12 10:48:44,Ford_Fusion_1.4_Elegance,privat,Offer,2100,control,kleinwagen,2003,manuell,80,fusion,150000,Jan,Gasoline,ford,No,2016-03-12 00:00:00,50181,2016-03-12 10:48:44,2016,2016,March,March,13,11
2016-03-23 13:53:37,Ford_Fiesta_1.25_Trend,privat,Offer,5600,test,kleinwagen,2010,manuell,60,fiesta,70000,May,Gasoline,ford,No,2016-03-23 00:00:00,47495,2016-04-05 14:45:29,2016,2016,March,March,6,7
2016-03-05 22:53:23,Ford_Fiesta_mit_TÜV,privat,Offer,800,control,kleinwagen,1998,manuell,75,fiesta,20000,Sep,Gasoline,ford,No,2016-03-05 00:00:00,51061,2016-03-15 06:45:36,2016,2016,March,March,18,3
2016-03-05 21:00:14,Ford_fiesta_wenig_km_aus_erster_hand!!,privat,Offer,999,control,kleinwagen,2000,manuell,60,fiesta,80000,Mar,Gasoline,ford,Other,2016-03-05 00:00:00,72229,2016-04-03 17:46:08,2016,2016,March,March,16,9
2016-03-12 09:51:53,Ford_Fiesta_zu_verkaufen,privat,Offer,0,control,kleinwagen,1993,automatik,55,fiesta,20000,Jun,Gasoline,ford,No,2016-03-12 00:00:00,26603,2016-03-16 08:17:12,2016,2016,March,March,23,6
2016-03-21 15:52:05,Ford_Ka_mit_TÜV_bis_April_2017,privat,Offer,1050,control,kleinwagen,2004,manuell,70,ka,125000,Oct,Gasoline,ford,Yes,2016-03-21 00:00:00,48153,2016-03-31 20:16:02,2016,2016,March,March,12,2
2016-03-05 21:54:41,Ford_Fiesta_1.3_Viva_X,privat,Offer,3400,test,kleinwagen,2004,manuell,69,fiesta,60000,Dec,Gasoline,ford,No,2016-03-05 00:00:00,86842,2016-03-15 20:47:10,2016,2016,March,March,12,0
2016-04-04 12:38:57,Ford_Focus_130ps.ideal_fuer_Bastler,privat,Offer,0,control,kleinwagen,1999,manuell,130,focus,150000,May,Gasoline,ford,Yes,2016-04-04 00:00:00,36251,2016-04-06 13:44:20,2016,2016,April,April,17,7
2016-04-04 21:46:52,Ford_Fiesta_MK4,privat,Offer,200,test,kleinwagen,1997,manuell,60,fiesta,125000,Jan,Gasoline,ford,Other,2016-04-04 00:00:00,45896,2016-04-04 21:46:52,2016,2016,April,April,19,11
2016-03-25 08:53:11,Ford_Ka_Unfallwagen,privat,Offer,200,control,kleinwagen,2000,manuell,60,ka,125000,Jun,Gasoline,ford,Yes,2016-03-25 00:00:00,44339,2016-03-25 09:39:17,2016,2016,March,March,16,6
2016-04-01 10:42:19,Fiesta_4_TÜREN_75_PS_LÄUFT_SUPER_TOP_AUSSTATTUNG,privat,Offer,500,control,kleinwagen,1998,manuell,0,fiesta,150000,Jan,Gasoline,ford,No,2016-04-01 00:00:00,26810,2016-04-05 04:17:19,2016,2016,April,April,18,11
2016-03-19 19:39:36,Ford_***FORD_FIESTA_TÜV_01.2017***2_HAND,privat,Offer,2200,control,kleinwagen,2007,manuell,0,fiesta,150000,Feb,Gasoline,ford,No,2016-03-19 00:00:00,69231,2016-03-24 15:17:28,2016,2016,March,March,9,10
2016-03-21 16:39:16,Ersatzteile_Ford_Fiesta_Silber,privat,Offer,50,control,kleinwagen,2000,manuell,0,fiesta,150000,Jan,Gasoline,ford,Yes,2016-03-21 00:00:00,23996,2016-03-25 13:44:26,2016,2016,March,March,16,11
2016-04-02 20:44:50,Ford_Ka,privat,Offer,1650,test,kleinwagen,2004,manuell,60,ka,100000,Nov,Gasoline,ford,No,2016-04-02 00:00:00,32805,2016-04-06 20:48:08,2016,2016,April,April,12,1
2016-03-23 06:57:40,Ford_Fiesta_1.2_mit_2_Jahren_TÜV_.,privat,Offer,850,test,kleinwagen,2000,manuell,50,fiesta,150000,Apr,Gasoline,ford,No,2016-03-23 00:00:00,41069,2016-03-23 08:46:21,2016,2016,March,March,16,8
2016-03-12 10:36:19,zu_verschenken,privat,Offer,0,control,kleinwagen,1996,manuell,37,fiesta,150000,Oct,Gasoline,ford,Yes,2016-03-12 00:00:00,31812,2016-03-28 04:18:01,2016,2016,March,March,20,2
2016-03-19 12:40:28,Ford_Fiesta_1.25_Trend,privat,Offer,4950,test,kleinwagen,2009,manuell,82,fiesta,90000,Oct,Gasoline,ford,No,2016-03-19 00:00:00,74538,2016-03-19 12:40:28,2016,2016,March,March,7,2
2016-03-25 20:38:15,Ford_ka_als_Bastler_Fahrzeug_oder_zum_herrichten,privat,Offer,250,control,kleinwagen,2002,manuell,0,ka,150000,Jun,Gasoline,ford,Other,2016-03-25 00:00:00,97855,2016-03-25 21:41:51,2016,2016,March,March,14,6
2016-04-03 20:56:28,Ford_Fiesta_1.4_TDCi_Trend,privat,Offer,4999,test,kleinwagen,2011,manuell,69,fiesta,125000,Jan,Diesel,ford,No,2016-04-03 00:00:00,33647,2016-04-05 21:47:23,2016,2016,April,April,5,11
2016-03-12 21:38:32,Ford_Fiesta_mit_TÜV,privat,Offer,0,test,kleinwagen,1999,manuell,75,fiesta,150000,Mar,Gasoline,ford,No,2016-03-12 00:00:00,6917,2016-03-16 05:19:15,2016,2016,March,March,17,9
2016-04-04 12:53:09,TÜV_neu_!!!_Komplett_durch_gescheckt!!!,privat,Offer,1150,control,kleinwagen,1998,Unspecified,0,Other,60000,Jan,Gasoline,ford,No,2016-04-04 00:00:00,52224,2016-04-06 14:45:16,2016,2016,April,April,18,11
2016-03-07 15:48:09,Ford_Fiesta,privat,Offer,1650,control,kleinwagen,2004,manuell,80,fiesta,150000,Mar,Gasoline,ford,No,2016-03-07 00:00:00,63697,2016-03-30 21:46:14,2016,2016,March,March,12,9
2016-03-09 18:06:22,Ford_Fiesta_1.4_Futura,privat,Offer,1600,control,kleinwagen,2005,manuell,80,fiesta,150000,Mar,Gasoline,ford,No,2016-03-09 00:00:00,35390,2016-03-10 18:27:59,2016,2016,March,March,11,9
2016-03-23 19:57:35,Ford_Fiesta_1.3,privat,Offer,4399,control,kleinwagen,2008,manuell,69,fiesta,80000,Jan,Gasoline,ford,No,2016-03-23 00:00:00,25860,2016-04-06 01:45:45,2016,2016,March,March,8,11
2016-03-10 18:53:42,Ford_Fiesta_2.0_ST,privat,Offer,3600,test,kleinwagen,2006,manuell,150,fiesta,150000,Apr,Gasoline,ford,No,2016-03-10 00:00:00,49170,2016-03-13 00:46:16,2016,2016,March,March,10,8
2016-03-14 16:52:43,Zu_Verkauf,privat,Offer,1500,test,kleinwagen,2004,manuell,60,ka,100000,Mar,Gasoline,ford,No,2016-03-14 00:00:00,45356,2016-03-26 10:45:31,2016,2016,March,March,12,9
2016-03-22 14:49:39,Ford_Fiesta,privat,Offer,1150,control,kleinwagen,2003,manuell,80,fiesta,125000,Nov,Gasoline,ford,No,2016-03-22 00:00:00,97299,2016-03-26 15:47:37,2016,2016,March,March,13,1
2016-03-25 13:54:59,Ford_Fiesta_Style,privat,Offer,300,test,kleinwagen,1998,manuell,0,fiesta,150000,Mar,Gasoline,ford,Other,2016-03-25 00:00:00,66955,2016-03-25 13:54:59,2016,2016,March,March,18,9
2016-03-24 17:54:17,Ford_Fiesta_Ghia_1.4___Defekt,privat,Offer,1000,control,kleinwagen,2003,automatik,0,fiesta,150000,Oct,Gasoline,ford,Yes,2016-03-24 00:00:00,27419,2016-03-29 04:17:07,2016,2016,March,March,13,2
2016-03-22 13:06:18,Ford_Ka,privat,Offer,950,test,kleinwagen,2002,manuell,60,ka,125000,Mar,Gasoline,ford,No,2016-03-22 00:00:00,65527,2016-03-28 18:18:37,2016,2016,March,March,14,9
2016-03-14 20:41:31,Ford_Fiesta_1.3_Connection_Black_Magic_beheizbare_frontscheibe,privat,Offer,3850,control,kleinwagen,2007,manuell,69,fiesta,90000,Jan,Gasoline,ford,No,2016-03-14 00:00:00,48145,2016-04-04 07:16:12,2016,2016,March,March,9,11
2016-03-26 18:48:21,Ford_Fiesta_1.3_luecken.Scheckheft_Klima_2Hand_5_Tuerig,privat,Offer,3750,test,kleinwagen,2006,manuell,69,fiesta,80000,Feb,Gasoline,ford,No,2016-03-26 00:00:00,52078,2016-04-06 08:17:17,2016,2016,March,March,10,10
2016-03-28 12:58:42,Ford_Ka_1.2_Titanium,privat,Offer,4000,test,kleinwagen,2009,manuell,69,ka,70000,Apr,Gasoline,ford,No,2016-03-28 00:00:00,46238,2016-03-28 12:58:42,2016,2016,March,March,7,8
2016-03-17 17:55:53,Ford_Fiesta_Tuev_und_AU_neu__Servo__8fach_bereift__nur_96.000_KM,privat,Offer,1222,control,kleinwagen,1999,manuell,75,fiesta,100000,Oct,Gasoline,ford,No,2016-03-17 00:00:00,24326,2016-03-17 17:55:53,2016,2016,March,March,17,2
2016-03-08 18:53:02,Ford_Ka_______Klimaanlage,privat,Offer,990,test,kleinwagen,2005,manuell,60,ka,125000,Nov,Gasoline,ford,No,2016-03-08 00:00:00,44805,2016-04-07 14:33:04,2016,2016,March,March,11,1
2016-03-30 18:53:54,Ford_Fiesta_1.3_Ambiente,privat,Offer,2600,test,kleinwagen,2005,manuell,69,fiesta,150000,May,Gasoline,ford,No,2016-03-30 00:00:00,74078,2016-04-07 10:17:05,2016,2016,March,March,11,7
2016-03-12 12:52:03,Ford_Fusion_1.6_TDCI_Ambiente,privat,Offer,3100,test,kleinwagen,2008,manuell,90,fusion,150000,Feb,Diesel,ford,No,2016-03-12 00:00:00,53909,2016-03-19 10:18:26,2016,2016,March,March,8,10
2016-03-26 20:53:53,Ford_Ka_2005,privat,Offer,700,control,kleinwagen,2005,manuell,0,ka,150000,Feb,Gasoline,ford,Other,2016-03-26 00:00:00,22041,2016-04-06 12:18:03,2016,2016,March,March,11,10
2016-04-04 14:43:06,Ford_fiesta__ohne_Rost.,privat,Offer,350,test,kleinwagen,1997,manuell,59,fiesta,100000,Jun,,ford,No,2016-04-04 00:00:00,30165,2016-04-06 15:46:17,2016,2016,April,April,19,6
2016-03-11 14:38:39,Auto_zum_ausschlachten/Ersatzteillager/Spassmobil,privat,Offer,100,control,kleinwagen,1996,manuell,0,ka,70000,Jan,Gasoline,ford,Yes,2016-03-11 00:00:00,77955,2016-03-11 14:38:39,2016,2016,March,March,20,11
2016-03-21 20:53:15,Ford_Fiesta,privat,Offer,370,control,kleinwagen,2001,manuell,60,fiesta,150000,Jun,Gasoline,ford,No,2016-03-21 00:00:00,90763,2016-03-23 02:51:17,2016,2016,March,March,15,6
2016-03-29 17:36:58,Ford_Fiesta_1.25_Trend,privat,Offer,5600,control,kleinwagen,2011,manuell,60,fiesta,60000,Mar,Gasoline,ford,No,2016-03-29 00:00:00,65933,2016-04-06 04:46:32,2016,2016,March,March,5,9
2016-03-15 18:47:47,Ford_Ka_2002,privat,Offer,350,control,kleinwagen,2002,manuell,0,ka,50000,Feb,Gasoline,ford,Other,2016-03-15 00:00:00,24114,2016-03-21 18:46:27,2016,2016,March,March,14,10
2016-03-13 19:48:18,Ford_Escord_//_Blau_//_Auto_//_Gut_gepflegt_//_75_ps,privat,Offer,1300,control,kleinwagen,1996,manuell,75,escort,100000,Oct,Gasoline,ford,No,2016-03-13 00:00:00,52525,2016-03-27 01:16:44,2016,2016,March,March,20,2
2016-03-15 14:50:31,Focus_1.6_Benziner.4_Tueren.,privat,Offer,0,test,kleinwagen,2004,manuell,101,focus,150000,Apr,Gasoline,ford,Other,2016-03-15 00:00:00,65201,2016-03-17 09:12:28,2016,2016,March,March,12,8
2016-03-09 20:43:14,Ford_Fiesta,privat,Offer,500,test,kleinwagen,1994,manuell,50,fiesta,125000,Sep,Gasoline,ford,No,2016-03-09 00:00:00,45149,2016-04-05 16:47:11,2016,2016,March,March,22,3
2016-03-17 14:54:42,Verkauf_Ford_Fiesta_keine_TÜV,privat,Offer,290,control,kleinwagen,2000,manuell,50,fiesta,150000,Nov,Gasoline,ford,Yes,2016-03-17 00:00:00,94431,2016-03-19 14:53:03,2016,2016,March,March,16,1
2016-03-07 07:59:17,Ford_Fiesta,privat,Offer,1400,test,kleinwagen,2003,automatik,80,fiesta,150000,Jan,Gasoline,ford,Other,2016-03-07 00:00:00,12045,2016-03-07 16:18:18,2016,2016,March,March,13,11
2016-03-24 15:54:10,Ford_KA_bj_99,privat,Offer,200,test,kleinwagen,1999,manuell,65,ka,150000,Jan,,ford,No,2016-03-24 00:00:00,35094,2016-03-30 17:47:06,2016,2016,March,March,17,11
2016-04-04 17:37:38,ford_focus_1.8_tuev_bis_2017,privat,Offer,666,test,kleinwagen,2000,manuell,0,focus,150000,Mar,Gasoline,ford,Other,2016-04-04 00:00:00,71063,2016-04-06 19:17:11,2016,2016,April,April,16,9
2016-03-19 20:51:00,Ford_Fiesta_1Hand,privat,Offer,849,control,kleinwagen,1997,Unspecified,0,fiesta,150000,Apr,,ford,Other,2016-03-19 00:00:00,59457,2016-03-24 16:47:35,2016,2016,March,March,19,8
2016-03-18 13:06:16,Ford_Ka,privat,Offer,800,test,kleinwagen,2006,manuell,60,ka,60000,Jan,Gasoline,ford,Yes,2016-03-18 00:00:00,65933,2016-03-22 03:45:27,2016,2016,March,March,10,11
2016-03-21 13:45:27,Ford_Fiesta_1.4_TDCI,privat,Offer,1500,test,kleinwagen,2003,manuell,68,fiesta,150000,Oct,Diesel,ford,No,2016-03-21 00:00:00,59227,2016-03-26 19:18:41,2016,2016,March,March,13,2
2016-03-16 00:55:59,Fiesta_4_Tuerig_Schwarz,privat,Offer,750,test,kleinwagen,2000,manuell,75,fiesta,150000,Sep,Gasoline,ford,No,2016-03-16 00:00:00,67065,2016-04-03 19:18:16,2016,2016,March,March,16,3
2016-03-31 20:49:47,Ford_Fiesta_silber_50PS__EZ_2001__100.000_km,privat,Offer,750,test,kleinwagen,2001,manuell,50,fiesta,100000,Sep,Gasoline,ford,No,2016-03-31 00:00:00,10315,2016-04-06 15:46:45,2016,2016,March,March,15,3
2016-03-25 12:58:46,Ford_Ghia_1_4___Defekt,privat,Offer,1000,test,kleinwagen,2003,Unspecified,80,fiesta,150000,Oct,Gasoline,ford,Yes,2016-03-25 00:00:00,27419,2016-03-30 02:18:28,2016,2016,March,March,13,2
2016-03-10 19:52:39,Ford_Fiesta,privat,Offer,1250,control,kleinwagen,1999,manuell,60,fiesta,40000,Dec,Gasoline,ford,No,2016-03-10 00:00:00,85283,2016-03-20 08:49:59,2016,2016,March,March,17,0
2016-03-19 19:44:32,Ford_Fiesta_1.4,privat,Offer,1600,control,kleinwagen,2003,manuell,80,fiesta,150000,Apr,Gasoline,ford,No,2016-03-19 00:00:00,72250,2016-03-23 08:45:05,2016,2016,March,March,13,8
2016-03-27 15:46:02,Ford_Fiesta_Neu_TÜV_03/18_Klima/Servo/ZV/4xAirbag/ABS,privat,Offer,950,control,kleinwagen,2001,manuell,60,fiesta,150000,Mar,Gasoline,ford,No,2016-03-15 00:00:00,24340,2016-03-29 14:52:43,2016,2016,March,March,15,9
2016-03-10 11:50:50,Ford_Fiesta_GFJ_mit_TÜV_bis_10/17,privat,Offer,700,test,kleinwagen,1995,manuell,50,fiesta,150000,Apr,Gasoline,ford,No,2016-03-10 00:00:00,64380,2016-04-07 02:44:43,2016,2016,March,March,21,8
2016-04-03 00:57:37,Ford_Fiesta,privat,Offer,1350,control,kleinwagen,1999,manuell,75,fiesta,125000,Jul,Gasoline,ford,No,2016-04-02 00:00:00,66809,2016-04-05 06:44:32,2016,2016,April,April,17,5
2016-03-25 18:56:11,Ford_Fiesta_Style,privat,Offer,600,test,kleinwagen,1997,manuell,60,fiesta,150000,Dec,Gasoline,ford,No,2016-03-25 00:00:00,71088,2016-04-07 01:18:01,2016,2016,March,March,19,0
2016-03-16 11:36:22,Ford_Ka_schwarz_metallic__TueV_Neu,privat,Offer,850,test,kleinwagen,2005,manuell,69,ka,150000,Jan,Gasoline,ford,No,2016-03-16 00:00:00,59174,2016-03-16 12:44:53,2016,2016,March,March,11,11
2016-03-15 18:54:39,Ford_Fiesta,privat,Offer,300,control,kleinwagen,2001,manuell,0,Other,150000,Sep,Gasoline,ford,Other,2016-03-15 00:00:00,26188,2016-03-27 05:17:38,2016,2016,March,March,15,3
2016-03-05 18:30:26,Ford_Fiesta_1.25_Trend,privat,Offer,3999,test,kleinwagen,2009,manuell,60,fiesta,125000,Jul,Gasoline,ford,No,2016-03-05 00:00:00,57555,2016-03-08 14:15:46,2016,2016,March,March,7,5
2016-03-12 02:58:10,Ford_Fusion_sehr_zuverlaessig,privat,Offer,2400,control,kleinwagen,2005,manuell,0,fusion,150000,Jun,Diesel,ford,No,2016-03-12 00:00:00,45889,2016-04-05 20:46:17,2016,2016,March,March,11,6
2016-03-12 09:55:26,Ford_Ka_+_TÜV_NEU_+_KLIMA,privat,Offer,850,control,kleinwagen,2001,manuell,60,ka,125000,Apr,Gasoline,ford,No,2016-03-12 00:00:00,52078,2016-03-14 18:18:22,2016,2016,March,March,15,8
2016-03-25 09:56:09,Ford_Fiesta_an_Bastler,privat,Offer,100,test,kleinwagen,1995,manuell,0,fiesta,150000,Jan,Gasoline,ford,Yes,2016-03-25 00:00:00,49324,2016-04-02 12:15:30,2016,2016,March,March,21,11
2016-03-08 17:58:00,Ford_Courier_an_BASTLER_zu_verkaufen_!!,privat,Offer,400,control,kleinwagen,1996,manuell,59,andere,150000,Jan,Gasoline,ford,Other,2016-03-08 00:00:00,24539,2016-03-11 14:17:35,2016,2016,March,March,20,11
2016-03-21 15:55:07,Ford_Fiesta_TÜV_Neu,privat,Offer,888,control,kleinwagen,1999,manuell,60,fiesta,150000,May,Gasoline,ford,Other,2016-03-21 00:00:00,58710,2016-04-06 14:44:42,2016,2016,March,March,17,7
2016-03-30 12:40:27,Ford_Focus_1.8_Titanum__silbermet.__TÜV_NEU,privat,Offer,3999,control,kleinwagen,2007,manuell,125,focus,125000,Mar,Gasoline,ford,No,2016-03-30 00:00:00,8412,2016-04-03 01:46:48,2016,2016,March,March,9,9
2016-03-28 13:25:26,Ford_Ka_Futura,privat,Offer,750,control,kleinwagen,2003,manuell,60,ka,150000,Jul,Gasoline,ford,No,2016-03-28 00:00:00,35753,2016-04-06 08:45:40,2016,2016,March,March,13,5
2016-03-15 19:57:02,ford_ka_bj_2004,privat,Offer,200,control,kleinwagen,2004,manuell,0,ka,125000,Jan,,ford,Other,2016-03-15 00:00:00,42279,2016-03-15 19:57:02,2016,2016,March,March,12,11
2016-03-31 18:54:50,Ford_Ka_Baujahr_2000,privat,Offer,600,control,kleinwagen,2000,manuell,60,ka,90000,Mar,Gasoline,ford,Other,2016-03-31 00:00:00,26316,2016-04-02 14:45:17,2016,2016,March,March,16,9
2016-03-19 15:43:57,Schnaeppchen,privat,Offer,444,control,kleinwagen,1999,manuell,50,fiesta,150000,Dec,,ford,No,2016-03-19 00:00:00,34431,2016-03-20 17:44:14,2016,2016,March,March,17,0
2016-03-28 23:56:23,"Ford_Fiesta_1.25_Trend_""wenig_km""",privat,Offer,3980,test,kleinwagen,2009,manuell,82,fiesta,70000,Mar,Gasoline,ford,No,2016-03-28 00:00:00,76437,2016-03-29 07:44:46,2016,2016,March,March,7,9
2016-03-15 15:53:52,Ford_Ka_in_dunkel_lila,privat,Offer,150,control,kleinwagen,1998,manuell,0,ka,150000,Jan,Gasoline,ford,No,2016-03-15 00:00:00,49809,2016-04-04 09:44:32,2016,2016,March,March,18,11
2016-03-19 18:38:30,Ford_Fiesta__TÜV_neu__2.Hand,privat,Offer,2250,test,kleinwagen,2003,manuell,60,fiesta,125000,Jan,Gasoline,ford,No,2016-03-19 00:00:00,16775,2016-04-03 04:21:29,2016,2016,March,March,13,11
2016-03-10 02:36:45,Ford_Fiesta_Ghia_16V__Alu__Klima....TÜV/AU_Neu!!!,privat,Offer,890,control,kleinwagen,2001,manuell,75,fiesta,150000,Mar,Gasoline,ford,No,2016-03-10 00:00:00,1307,2016-03-10 08:38:56,2016,2016,March,March,15,9
2016-03-29 17:57:09,Ford_Fiesta_Style,privat,Offer,500,control,kleinwagen,1999,manuell,50,fiesta,150000,Jun,Gasoline,ford,No,2016-03-29 00:00:00,52511,2016-03-31 11:46:01,2016,2016,March,March,17,6
2016-03-28 22:49:16,Ford_Ka_zu_verkaufen,privat,Offer,700,control,kleinwagen,2006,manuell,59,ka,150000,Sep,Gasoline,ford,Other,2016-03-28 00:00:00,14612,2016-04-07 06:16:34,2016,2016,March,March,10,3
2016-03-09 15:36:45,Ford_Fiesta_ganz_oder_in_Teilen,privat,Offer,0,control,kleinwagen,1999,manuell,75,fiesta,150000,Jan,Gasoline,ford,Yes,2016-03-09 00:00:00,33397,2016-03-15 19:44:29,2016,2016,March,March,17,11
2016-03-23 23:47:23,Ford_Fiesta_1.3_Ambiente,privat,Offer,3490,control,kleinwagen,2008,manuell,60,fiesta,80000,May,Gasoline,ford,No,2016-03-23 00:00:00,41515,2016-03-26 20:15:46,2016,2016,March,March,8,7
2016-03-08 19:45:09,Ford_Fiester_1.3,privat,Offer,900,test,kleinwagen,2000,manuell,60,fiesta,150000,Dec,Gasoline,ford,No,2016-03-08 00:00:00,66773,2016-03-09 19:46:09,2016,2016,March,March,16,0
2016-03-22 10:52:38,Ford_Fiesta_1.3_Ambiente,privat,Offer,999,control,kleinwagen,2006,manuell,60,fiesta,125000,Dec,Gasoline,ford,Yes,2016-03-22 00:00:00,53940,2016-04-05 23:17:20,2016,2016,March,March,10,0
2016-03-25 14:46:41,Ford_Fiesta_1_3_Klima__Servo__echte_63.000_KM__Ganzjahresreifen,privat,Offer,1190,control,kleinwagen,1997,manuell,60,fiesta,70000,Sep,Gasoline,ford,Other,2016-03-25 00:00:00,31319,2016-03-30 04:46:17,2016,2016,March,March,19,3
2016-03-08 07:55:36,Fiesta_an_Bastler_oder_Winterauto,privat,Offer,250,test,kleinwagen,1997,manuell,65,fiesta,150000,Mar,Gasoline,ford,No,2016-03-08 00:00:00,58089,2016-03-08 15:44:12,2016,2016,March,March,19,9
2016-03-22 13:49:16,Fiesta_Modell_2002_Super_Auto,privat,Offer,699,control,kleinwagen,2002,manuell,50,fiesta,150000,Mar,Gasoline,ford,No,2016-03-22 00:00:00,79115,2016-03-22 13:49:16,2016,2016,March,March,14,9
2016-04-02 20:54:28,Ford_Fiesta_1.3,privat,Offer,2000,test,kleinwagen,2002,manuell,75,fiesta,100000,Jan,Gasoline,ford,No,2016-04-02 00:00:00,63505,2016-04-02 20:54:28,2016,2016,April,April,14,11
2016-03-31 17:57:25,Ford_Fiesta_1.4_Ghia,privat,Offer,1500,control,kleinwagen,2002,manuell,80,fiesta,150000,Dec,Gasoline,ford,No,2016-03-31 00:00:00,98544,2016-04-02 14:15:20,2016,2016,March,March,14,0
2016-03-08 07:01:33,Ford_Fiesta,privat,Offer,350,test,kleinwagen,1996,manuell,0,fiesta,5000,Jan,Gasoline,ford,Other,2016-03-08 00:00:00,28217,2016-03-26 12:15:28,2016,2016,March,March,20,11
2016-03-21 13:44:25,Fiesta_Unfall!!!!!!!,privat,Offer,290,test,kleinwagen,2004,manuell,59,fiesta,90000,Oct,Gasoline,ford,Yes,2016-03-21 00:00:00,66113,2016-03-21 13:44:25,2016,2016,March,March,12,2
2016-03-10 23:58:17,Ford_Fiesta_1.25_Trend,privat,Offer,5190,test,kleinwagen,2009,manuell,82,fiesta,90000,May,Gasoline,ford,No,2016-03-10 00:00:00,24222,2016-03-14 19:44:41,2016,2016,March,March,7,7
2016-03-08 21:55:52,Ford_Unfall_Fiesta_1.6_TDCi_Econetic_Klimatronik_2009,privat,Offer,3150,control,kleinwagen,2009,manuell,90,fiesta,150000,Jun,Diesel,ford,Yes,2016-03-08 00:00:00,12351,2016-03-17 10:46:55,2016,2016,March,March,7,6
2016-03-29 11:59:01,Verkaufe_FORD_KA_TÜV_08/2017,privat,Offer,1100,test,kleinwagen,2000,manuell,60,ka,150000,Apr,Gasoline,ford,No,2016-03-29 00:00:00,85591,2016-04-01 23:19:52,2016,2016,March,March,16,8
2016-03-12 22:37:36,ford_fiesta_1_3,privat,Offer,590,control,kleinwagen,2000,manuell,0,fiesta,150000,Nov,,ford,Yes,2016-03-12 00:00:00,50827,2016-03-25 04:47:11,2016,2016,March,March,16,1
2016-03-15 13:56:58,Ford_Fiesta_Bj_1997,privat,Offer,590,control,kleinwagen,1997,manuell,60,fiesta,150000,Jan,Gasoline,ford,No,2016-03-15 00:00:00,64295,2016-03-20 08:45:15,2016,2016,March,March,19,11
2016-03-18 21:39:13,Ford_Ka_1.2_Titanium,privat,Offer,5500,control,kleinwagen,2009,manuell,69,ka,40000,Nov,Gasoline,ford,No,2016-03-18 00:00:00,45219,2016-03-26 11:45:46,2016,2016,March,March,7,1
2016-04-02 07:58:38,Ford_Ka,privat,Offer,1599,test,kleinwagen,2006,manuell,60,ka,150000,Nov,Gasoline,ford,No,2016-04-02 00:00:00,24983,2016-04-06 07:15:36,2016,2016,April,April,10,1
2016-03-08 14:37:00,auto_ford_ka,privat,Offer,120,test,kleinwagen,1998,manuell,60,ka,100000,Feb,Gasoline,ford,No,2016-03-08 00:00:00,31028,2016-04-06 06:46:56,2016,2016,March,March,18,10
2016-03-11 17:44:32,Ford_Ka_Sehr_Sauber_**Leder**,privat,Offer,1250,control,kleinwagen,1999,manuell,60,ka,150000,May,Gasoline,ford,Other,2016-03-11 00:00:00,47178,2016-04-05 17:45:12,2016,2016,March,March,17,7
2016-04-03 20:43:11,Ford_Fiesta,privat,Offer,1100,test,kleinwagen,1998,manuell,50,fiesta,125000,Jan,Gasoline,ford,No,2016-04-03 00:00:00,32429,2016-04-05 21:17:12,2016,2016,April,April,18,11
2016-03-27 12:58:32,Ford_Ka_1.3i_Alu_Top/_HU/AU_NEU_Top_!!!,privat,Offer,1350,test,kleinwagen,2002,manuell,60,ka,125000,Sep,Gasoline,ford,No,2016-03-27 00:00:00,47574,2016-03-30 18:16:59,2016,2016,March,March,14,3
2016-04-04 14:57:28,Ford_Fiesta_1.3_Ambiente,privat,Offer,1790,test,kleinwagen,2003,manuell,60,fiesta,125000,Jun,Gasoline,ford,No,2016-04-04 00:00:00,61449,2016-04-05 12:18:37,2016,2016,April,April,13,6
2016-03-24 20:47:06,Ford_Fiesta,privat,Offer,790,test,kleinwagen,2000,Unspecified,0,fiesta,150000,Jan,Gasoline,ford,Other,2016-03-24 00:00:00,40589,2016-03-29 07:15:53,2016,2016,March,March,16,11
2016-03-20 07:36:43,Ford_KA_2005_mit_Rest_TÜV_wenig_rost,privat,Offer,850,control,kleinwagen,2005,manuell,0,ka,150000,Nov,Gasoline,ford,No,2016-03-20 00:00:00,28816,2016-04-06 22:17:39,2016,2016,March,March,11,1
2016-03-15 09:38:03,Ford_Ka_mit_TÜV_bis_Ende_2017,privat,Offer,1400,control,kleinwagen,2002,manuell,60,ka,125000,Sep,Gasoline,ford,No,2016-03-15 00:00:00,66763,2016-04-05 19:17:02,2016,2016,March,March,14,3
2016-03-08 23:53:52,Verkaufe_Fiesta_1_3L__Fahrbereit._Tuev_bis_Ende_Juni_2016,privat,Offer,369,control,kleinwagen,1996,manuell,50,fiesta,125000,Oct,Gasoline,ford,No,2016-03-08 00:00:00,49661,2016-03-17 15:46:36,2016,2016,March,March,20,2
2016-03-22 16:43:51,Ford_Fiesta,privat,Offer,550,test,kleinwagen,1999,manuell,50,fiesta,150000,Mar,Gasoline,ford,No,2016-03-22 00:00:00,86682,2016-04-06 06:45:03,2016,2016,March,March,17,9
2016-03-06 13:46:03,Ford_Fiesta!_Diesel!_SPARSAM!,privat,Offer,1250,test,kleinwagen,2003,manuell,0,fiesta,150000,Dec,Diesel,ford,No,2016-03-06 00:00:00,10179,2016-04-06 05:46:16,2016,2016,March,March,13,0
2016-03-12 22:36:57,Ford_Fiesta_DI_Klimaanlage,privat,Offer,999,control,kleinwagen,2001,manuell,75,fiesta,150000,Oct,Diesel,ford,No,2016-03-12 00:00:00,37412,2016-04-02 13:15:50,2016,2016,March,March,15,2
2016-03-08 15:36:34,verkaufe_Ford_Focus,privat,Offer,450,test,kleinwagen,2003,manuell,100,focus,150000,Feb,Gasoline,ford,Yes,2016-03-08 00:00:00,25746,2016-03-09 07:45:02,2016,2016,March,March,13,10
2016-03-11 12:55:10,Ford_Fiesta_Fun,privat,Offer,700,test,kleinwagen,1995,manuell,50,fiesta,150000,Mar,Gasoline,ford,No,2016-03-11 00:00:00,72766,2016-03-12 16:48:21,2016,2016,March,March,21,9
2016-03-16 19:50:46,Ford_Fiesta_zu_verkaufen!,privat,Offer,800,test,kleinwagen,2000,manuell,75,fiesta,150000,Apr,Gasoline,ford,Other,2016-03-16 00:00:00,85551,2016-04-01 09:16:17,2016,2016,March,March,16,8
2016-03-30 14:44:27,Ford_Ka_Nichtraucherwagen_aus_erster_Hand_super_gepflegt_wenig_Km,privat,Offer,1499,control,kleinwagen,2003,manuell,70,ka,80000,Oct,Gasoline,ford,No,2016-03-30 00:00:00,44807,2016-03-30 14:44:27,2016,2016,March,March,13,2
2016-03-30 18:55:28,*_Super_Anfaengerauto*_Ford_Fiesta,privat,Offer,300,test,kleinwagen,2000,manuell,60,fiesta,125000,Oct,Gasoline,ford,Other,2016-03-30 00:00:00,9228,2016-04-07 10:17:10,2016,2016,March,March,16,2
2016-03-20 14:41:49,Ford_Fiesta_zu_verkaufen,privat,Offer,2300,test,kleinwagen,2004,manuell,70,fiesta,125000,May,Gasoline,ford,No,2016-03-20 00:00:00,53919,2016-04-06 17:16:05,2016,2016,March,March,12,7
2016-03-29 14:55:35,FORD_KA/TÜV_NEU/LEDER/KLIMA/EL_FENSTER,privat,Offer,1100,test,kleinwagen,1999,manuell,60,ka,150000,Nov,,ford,No,2016-03-29 00:00:00,65933,2016-03-29 23:07:00,2016,2016,March,March,17,1
2016-03-17 20:51:57,Ford_Fiesta_1.4_Ambiente,privat,Offer,2700,control,kleinwagen,2006,manuell,80,fiesta,150000,Apr,Gasoline,ford,No,2016-03-17 00:00:00,91448,2016-03-21 00:17:44,2016,2016,March,March,10,8
2016-03-20 19:47:50,Ford_Ka___43.600_km__Bj.01/04_TÜV12/17_+So/Wi.Reifen!,privat,Offer,1450,test,kleinwagen,2004,manuell,60,ka,50000,Jan,Gasoline,ford,No,2016-03-20 00:00:00,29223,2016-03-24 13:15:20,2016,2016,March,March,12,11
2016-03-24 16:56:08,Ford_Fiesta_Mk1,privat,Offer,1050,control,kleinwagen,1982,manuell,40,fiesta,100000,Jan,Gasoline,ford,No,2016-03-24 00:00:00,58730,2016-04-07 09:17:33,2016,2016,March,March,34,11
2016-03-30 22:50:01,Ford_Fiesta_1.4_Connection,privat,Offer,3000,control,kleinwagen,2006,manuell,80,fiesta,150000,Sep,Gasoline,ford,No,2016-03-30 00:00:00,54552,2016-04-05 15:46:39,2016,2016,March,March,10,3
2016-03-27 15:51:34,Ford_Fiesta_1.4_Ghia,privat,Offer,1750,control,kleinwagen,2002,manuell,80,fiesta,150000,Oct,Gasoline,ford,No,2016-03-27 00:00:00,83024,2016-04-07 14:32:21,2016,2016,March,March,14,2
2016-03-22 17:50:36,Ford_Fiesta_Style,privat,Offer,650,control,kleinwagen,1999,manuell,50,fiesta,125000,Jun,Gasoline,ford,No,2016-03-22 00:00:00,14478,2016-04-06 09:17:02,2016,2016,March,March,17,6
2016-04-03 22:52:10,Ford_Fiesta_1.25_Ambiente,privat,Offer,1000,control,kleinwagen,2003,manuell,69,fiesta,150000,Mar,Gasoline,ford,Yes,2016-04-03 00:00:00,72760,2016-04-06 00:45:12,2016,2016,April,April,13,9
2016-04-01 12:56:43,Ford_Ka_1.3_i,privat,Offer,1199,test,kleinwagen,2005,manuell,60,ka,125000,Mar,Gasoline,ford,No,2016-04-01 00:00:00,52388,2016-04-07 09:44:26,2016,2016,April,April,11,9
2016-04-04 21:55:46,Ford_Focus_1.6_Ti_VCT_Trend,privat,Offer,3000,test,kleinwagen,2005,manuell,116,focus,125000,May,Gasoline,ford,No,2016-04-04 00:00:00,59387,2016-04-07 00:45:17,2016,2016,April,April,11,7
2016-04-04 17:42:32,Ford_Fiesta_TOP!!,privat,Offer,4199,test,kleinwagen,2008,manuell,70,fiesta,100000,Jan,Gasoline,ford,No,2016-04-04 00:00:00,24852,2016-04-06 19:17:32,2016,2016,April,April,8,11
2016-03-30 18:45:19,Ford_Ka!_Bj._2004!_Sehr_Gepflegt!,privat,Offer,648,test,kleinwagen,2004,manuell,60,ka,100000,Feb,Gasoline,ford,No,2016-03-30 00:00:00,26121,2016-04-03 09:16:17,2016,2016,March,March,12,10
2016-04-04 07:56:15,Ford_Ka,privat,Offer,800,test,kleinwagen,2000,manuell,60,ka,125000,Aug,Gasoline,ford,No,2016-04-04 00:00:00,16515,2016-04-06 08:45:29,2016,2016,April,April,16,4
2016-03-23 13:40:06,Ford_ka_Schwarz_mit_Steuerkette,privat,Offer,999,test,kleinwagen,2000,manuell,69,ka,150000,Mar,,ford,Other,2016-03-23 00:00:00,42857,2016-04-01 18:17:20,2016,2016,March,March,16,9
2016-03-15 17:56:46,Ford_Fiesta____60PS____aus_1._Hand,privat,Offer,2150,control,kleinwagen,2005,manuell,60,fiesta,150000,Mar,Gasoline,ford,No,2016-03-15 00:00:00,32545,2016-03-16 16:16:20,2016,2016,March,March,11,9
2016-03-19 13:36:56,Ford_Fiesta_TÜV_Au__07_16_Klima_2004,privat,Offer,950,test,kleinwagen,2004,manuell,60,fiesta,150000,Jul,Gasoline,ford,No,2016-03-19 00:00:00,45149,2016-03-19 13:36:56,2016,2016,March,March,12,5
2016-03-21 16:36:19,FORD_FIESTA_2004,privat,Offer,1200,control,kleinwagen,2004,manuell,0,fiesta,150000,Oct,Gasoline,ford,Yes,2016-03-21 00:00:00,64521,2016-03-25 14:47:25,2016,2016,March,March,12,2
2016-03-21 02:54:32,Ford_Fiesta_1_25___75_PS__4_tuerig,privat,Offer,250,test,kleinwagen,1998,manuell,75,fiesta,150000,Nov,Gasoline,ford,No,2016-03-21 00:00:00,32699,2016-03-29 15:16:23,2016,2016,March,March,18,1
2016-03-08 07:57:13,Ford_Ka_1.2,privat,Offer,3000,test,kleinwagen,2009,manuell,69,ka,125000,Jun,Gasoline,ford,Yes,2016-03-08 00:00:00,49078,2016-03-09 06:17:29,2016,2016,March,March,7,6
2016-03-27 11:38:29,Ford_Fiesta_5_tuere,privat,Offer,650,test,kleinwagen,1998,Unspecified,0,fiesta,80000,Jun,Gasoline,ford,Other,2016-03-27 00:00:00,47166,2016-04-01 10:17:24,2016,2016,March,March,18,6
2016-03-19 15:54:53,Fiesta_Euro4_TÜV_12.2017_Servolenkung,privat,Offer,1099,control,kleinwagen,2001,manuell,50,Other,150000,Mar,Gasoline,ford,No,2016-03-19 00:00:00,28790,2016-03-19 15:54:53,2016,2016,March,March,15,9
2016-03-11 17:53:14,Ford_Fiesta_1.25_Titanum,privat,Offer,5390,control,kleinwagen,2009,Unspecified,82,fiesta,125000,May,Gasoline,ford,No,2016-03-11 00:00:00,56659,2016-03-12 08:15:38,2016,2016,March,March,7,7
2016-03-20 11:51:38,FORD_KA_Mod._2009_+_Aluraeder_+_Klima,privat,Offer,4444,test,kleinwagen,2008,manuell,70,ka,80000,Dec,Gasoline,ford,No,2016-03-20 00:00:00,58332,2016-04-04 09:18:20,2016,2016,March,March,8,0
2016-03-09 15:59:18,Ford_Ka_1.3___TÜV_03/2018___Klima___Top_Gepflegt,privat,Offer,1150,control,kleinwagen,1998,manuell,60,ka,125000,Aug,Gasoline,ford,No,2016-03-09 00:00:00,48282,2016-03-17 16:48:25,2016,2016,March,March,18,4
2016-03-19 20:56:51,FORD_FIESTA_TECHNISCH_OPTISCH_TOP_FERRARI_ROT_TOP_ZUSTAND,privat,Offer,1450,control,kleinwagen,2003,manuell,69,fiesta,150000,Mar,Gasoline,ford,Other,2016-03-19 00:00:00,47053,2016-03-22 03:45:33,2016,2016,March,March,13,9
2016-03-23 16:47:12,Verkaufe_Ford_KA,privat,Offer,3850,test,kleinwagen,2009,manuell,51,ka,125000,Feb,Gasoline,ford,Other,2016-03-23 00:00:00,64747,2016-04-03 19:44:57,2016,2016,March,March,7,10
2016-03-11 11:54:08,Zum_Verkauf_steht_ein_Ford_Ka_in_einem_guten_Zustand!!!,privat,Offer,199,control,kleinwagen,2001,manuell,75,ka,90000,Jun,Gasoline,ford,Yes,2016-03-11 00:00:00,12249,2016-03-11 12:39:32,2016,2016,March,March,15,6
2016-03-20 00:56:42,Ford_Fiesta,privat,Offer,899,control,kleinwagen,1999,manuell,50,fiesta,150000,May,Gasoline,ford,No,2016-03-19 00:00:00,37520,2016-03-31 10:45:06,2016,2016,March,March,17,7
2016-03-08 17:57:52,Ford_Fiesta_1.4,privat,Offer,1600,control,kleinwagen,2003,Unspecified,80,fiesta,150000,Dec,Gasoline,ford,No,2016-03-08 00:00:00,37308,2016-03-14 10:45:41,2016,2016,March,March,13,0
2016-04-02 09:47:42,Ford_Fiesta_1.3_Ambiente,privat,Offer,2450,control,kleinwagen,2005,manuell,69,fiesta,125000,Aug,Gasoline,ford,No,2016-04-02 00:00:00,46145,2016-04-06 07:44:26,2016,2016,April,April,11,4
2016-03-16 13:47:04,Ford_Fiesta_Trend,privat,Offer,1000,control,kleinwagen,1995,manuell,50,fiesta,100000,Jan,Gasoline,ford,No,2016-03-16 00:00:00,76227,2016-04-06 10:46:29,2016,2016,March,March,21,11
2016-03-05 15:37:40,Ford_Fusion_1.25,privat,Offer,2900,control,kleinwagen,2006,manuell,75,fusion,70000,Mar,Gasoline,ford,No,2016-03-05 00:00:00,97900,2016-04-05 20:44:35,2016,2016,March,March,10,9
2016-03-22 17:44:26,Ford_Fiesta_1.25_Ghia_PDC_KLIMAAUTOMATIK_TÜV_NEU,privat,Offer,3990,control,kleinwagen,2009,manuell,82,fiesta,150000,Apr,Gasoline,ford,No,2016-03-22 00:00:00,66763,2016-04-06 08:44:20,2016,2016,March,March,7,8
2016-03-25 10:48:52,Ford_Ka_Futura,privat,Offer,1100,test,kleinwagen,2000,manuell,60,ka,150000,Jun,Gasoline,ford,No,2016-03-25 00:00:00,6846,2016-03-28 09:45:02,2016,2016,March,March,16,6
2016-03-18 00:51:12,Ford_Fiesta,privat,Offer,5499,test,kleinwagen,2009,manuell,82,Other,125000,Apr,Gasoline,ford,Other,2016-03-17 00:00:00,54294,2016-04-05 21:46:42,2016,2016,March,March,7,8
2016-03-20 18:46:50,Ford_Fiesta_1.4,privat,Offer,4500,test,kleinwagen,2007,manuell,80,fiesta,80000,Nov,Gasoline,ford,No,2016-03-20 00:00:00,2794,2016-04-07 02:16:49,2016,2016,March,March,9,1
2016-03-21 17:54:25,Ford_Ka_ohne_TÜV_Bastlerfahrzeug,privat,Offer,250,control,kleinwagen,2000,manuell,44,ka,150000,Aug,Gasoline,ford,No,2016-03-21 00:00:00,51145,2016-03-27 01:44:29,2016,2016,March,March,16,4
2016-03-28 22:49:01,Ford_Fiesta_1.25_70_PS,privat,Offer,3499,control,kleinwagen,2003,manuell,69,fiesta,125000,Dec,Gasoline,ford,No,2016-03-28 00:00:00,33106,2016-04-03 05:18:03,2016,2016,March,March,13,0
2016-03-31 16:06:24,Ford_Ka_1.2_Trend,privat,Offer,4750,test,kleinwagen,2010,manuell,69,ka,50000,Jan,Gasoline,ford,No,2016-03-31 00:00:00,56566,2016-04-06 09:16:13,2016,2016,March,March,6,11
2016-03-12 19:44:05,Ford_Fiesta_1.25,privat,Offer,2150,test,kleinwagen,2003,manuell,69,fiesta,150000,Aug,Gasoline,ford,No,2016-03-12 00:00:00,78078,2016-03-14 12:16:20,2016,2016,March,March,13,4
2016-03-17 15:53:01,Ford_Ka_Ez._1992_TÜV_bis_Dezember,privat,Offer,500,test,kleinwagen,1999,manuell,55,ka,150000,Feb,Gasoline,ford,Other,2016-03-17 00:00:00,88400,2016-03-24 10:17:37,2016,2016,March,March,17,10
2016-03-13 14:40:35,Ford_Fiesta_Trend_KM_110000,privat,Offer,4650,test,kleinwagen,2002,manuell,75,fiesta,125000,May,Gasoline,ford,No,2016-03-13 00:00:00,83355,2016-04-06 05:15:50,2016,2016,March,March,14,7
2016-03-07 11:49:39,Ford_Fiesta_Ghia_Tuev__angemeldet,privat,Offer,650,test,kleinwagen,1996,manuell,75,Other,125000,Jun,Gasoline,ford,No,2016-03-07 00:00:00,6846,2016-03-12 18:44:47,2016,2016,March,March,20,6
2016-03-21 23:51:38,Ford_Fiesta_Ghia,privat,Offer,1050,test,kleinwagen,1999,manuell,75,fiesta,150000,Aug,Gasoline,ford,No,2016-03-21 00:00:00,3099,2016-04-05 15:17:31,2016,2016,March,March,17,4
2016-03-11 18:37:41,Ford_Fiesta_1.1i_CLX_Schwarz_Bj.1990_50PS_Kleinwagen_Anfaengerauto,privat,Offer,550,test,kleinwagen,1990,manuell,50,fiesta,150000,Mar,Gasoline,ford,No,2016-03-11 00:00:00,75045,2016-03-26 09:44:19,2016,2016,March,March,26,9
2016-03-17 14:37:43,Ford_Fusion_1.4_TDCI,privat,Offer,3250,control,kleinwagen,2008,manuell,68,fusion,150000,Jun,Diesel,ford,No,2016-03-17 00:00:00,68519,2016-03-25 15:49:20,2016,2016,March,March,8,6
2016-03-17 12:56:53,Biete_Ford_ka,privat,Offer,400,test,kleinwagen,1998,manuell,0,ka,20000,Jan,Gasoline,ford,Yes,2016-03-17 00:00:00,6618,2016-03-17 13:46:53,2016,2016,March,March,18,11
2016-03-24 20:49:05,Ford_Fiesta_1_3_Tuev_neu_69_Ps,privat,Offer,1750,test,kleinwagen,2003,manuell,69,fiesta,150000,Aug,Gasoline,ford,Other,2016-03-24 00:00:00,87656,2016-03-24 20:49:05,2016,2016,March,March,13,4
2016-03-09 09:52:14,Ford_Fiesta_Ambiente,privat,Offer,3000,test,kleinwagen,2007,manuell,60,fiesta,80000,Jul,Gasoline,ford,Other,2016-03-09 00:00:00,31832,2016-03-17 21:45:37,2016,2016,March,March,9,5
2016-03-21 06:57:06,Ford_Fiesta__TÜV_NEU_!!!_Euro_4__4_Gruen__!!!,privat,Offer,899,control,kleinwagen,2001,manuell,60,fiesta,150000,Sep,Gasoline,ford,No,2016-03-21 00:00:00,6712,2016-03-26 13:44:24,2016,2016,March,March,15,3
2016-03-26 14:47:07,Ford_Fiesta_mit_TÜV_bis_12/2017,privat,Offer,550,control,kleinwagen,1998,manuell,75,fiesta,150000,Apr,Gasoline,ford,Other,2016-03-26 00:00:00,74629,2016-04-06 02:46:01,2016,2016,March,March,18,8
2016-03-27 19:53:55,FORD_FIESTA_TÜV/11/2016,privat,Offer,250,control,kleinwagen,1997,manuell,60,fiesta,150000,Apr,Gasoline,ford,Other,2016-03-27 00:00:00,29640,2016-03-27 20:43:51,2016,2016,March,March,19,8
2016-03-21 18:55:16,Ford_Fiesta_1.3,privat,Offer,1290,test,kleinwagen,2003,manuell,60,fiesta,100000,Dec,Gasoline,ford,No,2016-03-21 00:00:00,52349,2016-03-28 16:17:02,2016,2016,March,March,13,0
2016-04-05 12:58:44,Ford_Fiests_1.4_Ghia_.,privat,Offer,170,test,kleinwagen,1997,manuell,75,fiesta,150000,Jan,Gasoline,ford,No,2016-04-05 00:00:00,13435,2016-04-05 12:58:44,2016,2016,April,April,19,11
2016-03-05 18:56:33,Ford_Ka_mit_TÜV_/_gepflegt,privat,Offer,650,test,kleinwagen,2001,manuell,60,ka,150000,Mar,Gasoline,ford,No,2016-03-05 00:00:00,60487,2016-03-12 00:16:09,2016,2016,March,March,15,9
2016-03-31 04:36:23,Ford_Ka_1.3__//_Orig.34_tKM_//_2J._TÜV_//_S.Gepflegt,privat,Offer,2450,test,kleinwagen,2003,manuell,60,ka,40000,Jan,Gasoline,ford,No,2016-03-31 00:00:00,45888,2016-04-06 02:16:23,2016,2016,March,March,13,11
2016-03-27 22:56:02,Verkaufe_ford_escort,privat,Offer,0,test,kleinwagen,1997,manuell,60,escort,5000,May,Gasoline,ford,Other,2016-03-27 00:00:00,83395,2016-04-06 06:17:14,2016,2016,March,March,19,7
2016-03-07 18:55:07,Ford_Fiesta_BJ_2004__Klima__TÜV_11/2017,privat,Offer,1490,control,kleinwagen,2004,manuell,75,Other,150000,Jun,Gasoline,ford,No,2016-03-07 00:00:00,97241,2016-03-12 16:19:47,2016,2016,March,March,12,6
2016-03-21 14:39:35,Ford_Fiesta___Top_Anfaenger_Auto,privat,Offer,1300,control,kleinwagen,2000,manuell,60,fiesta,150000,Aug,Gasoline,ford,No,2016-03-21 00:00:00,21255,2016-04-06 11:15:40,2016,2016,March,March,16,4
2016-03-27 17:37:15,Ford_Fiesta_Futura_2,privat,Offer,1950,test,kleinwagen,2002,manuell,75,fiesta,70000,Mar,Gasoline,ford,No,2016-03-27 00:00:00,76228,2016-04-05 15:15:26,2016,2016,March,March,14,9
2016-03-15 11:38:15,Ford_Ka_LUXUS_EDITION_Lufthansa_TÜV_ALU_KLIMA_LEDER,privat,Offer,999,test,kleinwagen,1998,manuell,60,ka,125000,Feb,Gasoline,ford,No,2016-03-15 00:00:00,80939,2016-03-29 11:46:42,2016,2016,March,March,18,10
2016-03-19 01:36:20,Ein_Seher_sauberes_Auto,privat,Offer,450,control,kleinwagen,1999,manuell,0,focus,150000,Aug,,ford,No,2016-03-19 00:00:00,68789,2016-03-25 07:51:04,2016,2016,March,March,17,4
2016-03-30 16:38:43,Ford_Fiesta_1.4_TDCI_Scheckheft_TÜV_05/2017,privat,Offer,1950,test,kleinwagen,2002,manuell,68,fiesta,150000,May,Diesel,ford,No,2016-03-30 00:00:00,58708,2016-04-05 04:44:24,2016,2016,March,March,14,7
2016-03-28 17:38:09,Ford_Fiesta,privat,Offer,800,test,kleinwagen,1998,manuell,50,fiesta,150000,Dec,Gasoline,ford,Yes,2016-03-28 00:00:00,64750,2016-04-06 23:15:45,2016,2016,March,March,18,0
2016-03-29 23:48:10,Ford_Fiesta_mit_TÜV_bis_31.06.2017,privat,Offer,600,control,kleinwagen,1999,Unspecified,0,fiesta,150000,Jan,Gasoline,ford,Other,2016-03-29 00:00:00,53819,2016-04-06 13:16:56,2016,2016,March,March,17,11
2016-04-04 14:59:24,Top_geopflegter_fiesta_st,privat,Offer,5200,test,kleinwagen,2005,manuell,15001,fiesta,150000,Dec,Gasoline,ford,No,2016-04-04 00:00:00,70372,2016-04-06 16:17:54,2016,2016,April,April,11,0
2016-03-27 16:56:21,FORD_KA_GEPFLEGT,privat,Offer,1150,test,kleinwagen,1999,manuell,60,ka,125000,Jun,Gasoline,ford,No,2016-03-27 00:00:00,84503,2016-04-05 13:17:47,2016,2016,March,March,17,6
2016-04-03 19:54:42,Ford_Fiesta_1.25_Ghia,privat,Offer,4350,test,kleinwagen,2008,manuell,82,fiesta,70000,Mar,Gasoline,ford,No,2016-04-03 00:00:00,58089,2016-04-05 20:45:31,2016,2016,April,April,8,9
2016-03-09 00:52:37,Ford_Fusion_1.4_Ambiente,privat,Offer,1800,test,kleinwagen,2003,manuell,80,fusion,150000,Aug,Gasoline,ford,No,2016-03-08 00:00:00,33609,2016-03-12 14:46:29,2016,2016,March,March,13,4
2016-04-05 00:57:35,Ford_Fiesta_1.4,privat,Offer,3200,control,kleinwagen,2008,manuell,80,fiesta,90000,Jun,Gasoline,ford,Yes,2016-04-05 00:00:00,77933,2016-04-07 11:15:29,2016,2016,April,April,8,6
2016-04-01 12:38:11,Ford_Focus_tdci_2004,privat,Offer,980,test,kleinwagen,2004,manuell,74,focus,150000,Aug,Diesel,ford,Other,2016-04-01 00:00:00,84478,2016-04-03 08:17:10,2016,2016,April,April,12,4
2016-03-08 18:56:45,Ford_Fusion+,privat,Offer,5500,test,kleinwagen,2010,automatik,80,fusion,60000,Feb,Gasoline,ford,No,2016-03-08 00:00:00,26340,2016-03-14 13:16:16,2016,2016,March,March,6,10
2016-03-28 15:06:26,Ford_Ka,privat,Offer,800,control,kleinwagen,2002,manuell,60,ka,125000,Aug,Gasoline,ford,No,2016-03-28 00:00:00,35578,2016-03-30 09:29:52,2016,2016,March,March,14,4
2016-03-17 13:55:44,Ford_Ka,privat,Offer,2140,control,kleinwagen,2007,manuell,69,ka,60000,Mar,Gasoline,ford,No,2016-03-17 00:00:00,27299,2016-03-19 13:17:48,2016,2016,March,March,9,9
2016-04-05 20:06:19,Ford_Fiesta_schwarz,privat,Offer,2000,control,kleinwagen,2005,manuell,69,fiesta,150000,Mar,Gasoline,ford,Yes,2016-04-05 00:00:00,56457,2016-04-05 20:06:19,2016,2016,April,April,11,9
2016-03-24 22:57:59,Ford_Ka,privat,Offer,1990,control,kleinwagen,2005,manuell,69,ka,100000,Apr,Gasoline,ford,No,2016-03-24 00:00:00,48493,2016-04-06 04:46:25,2016,2016,March,March,11,8
2016-03-31 19:38:59,verkaufe_Gebrauchtwagen,privat,Offer,200,control,kleinwagen,2002,manuell,55,fiesta,100000,Aug,Gasoline,ford,No,2016-03-31 00:00:00,4741,2016-03-31 19:38:59,2016,2016,March,March,14,4
2016-03-12 22:51:11,Ford_Fiesta_1.4_Connection,privat,Offer,4700,control,kleinwagen,2008,manuell,80,fiesta,60000,Jun,Gasoline,ford,No,2016-03-12 00:00:00,56564,2016-03-26 06:17:36,2016,2016,March,March,8,6
2016-03-09 17:40:35,Ford_Focus,privat,Offer,1950,test,kleinwagen,2001,manuell,75,focus,70000,May,Gasoline,ford,No,2016-03-09 00:00:00,37574,2016-03-11 13:18:23,2016,2016,March,March,15,7
2016-03-11 16:53:56,Ford_fiesta_disel_gruene_plakette,privat,Offer,1200,test,kleinwagen,2002,manuell,68,fiesta,150000,Dec,Diesel,ford,Other,2016-03-11 00:00:00,47139,2016-03-20 01:45:11,2016,2016,March,March,14,0
2016-03-30 22:39:50,Verkaufen__Ford_Fiesta,privat,Offer,560,control,kleinwagen,1998,manuell,60,fiesta,125000,Jan,Gasoline,ford,Other,2016-03-30 00:00:00,6628,2016-04-01 17:47:49,2016,2016,March,March,18,11
2016-03-25 10:57:47,Ford_Fiesta_4_tuerig_TÜV_neu_2._Hand,privat,Offer,2350,test,kleinwagen,2004,manuell,0,fiesta,150000,Jan,Gasoline,ford,No,2016-03-25 00:00:00,26349,2016-04-06 11:45:42,2016,2016,March,March,12,11
2016-03-17 12:55:45,Ford_Fiesta,privat,Offer,200,test,kleinwagen,2002,manuell,60,fiesta,150000,Jun,Gasoline,ford,No,2016-03-17 00:00:00,39517,2016-03-19 12:47:34,2016,2016,March,March,14,6
2016-03-27 13:37:42,Ford_Ka_mit_TÜV,privat,Offer,1450,test,kleinwagen,2000,manuell,0,ka,125000,Sep,Gasoline,ford,Other,2016-03-27 00:00:00,59387,2016-04-07 09:16:08,2016,2016,March,March,16,3
2016-04-01 20:38:55,Ford_Ka,privat,Offer,1000,test,kleinwagen,1998,manuell,60,ka,80000,May,Gasoline,ford,No,2016-04-01 00:00:00,28755,2016-04-05 17:26:55,2016,2016,April,April,18,7
2016-03-21 13:50:25,Ford_Fiesta_1.4_TDCI_Ambiente,privat,Offer,1900,test,kleinwagen,2005,manuell,68,fiesta,150000,Jul,Diesel,ford,No,2016-03-21 00:00:00,67551,2016-03-31 16:46:14,2016,2016,March,March,11,5
2016-03-31 17:55:51,Ford_KA_Titanium_3D_1.2__69PS_unfallfrei_sowie_Scheckheftgepflegt,privat,Offer,4900,control,kleinwagen,2009,manuell,69,ka,40000,Dec,Gasoline,ford,No,2016-03-31 00:00:00,28279,2016-03-31 17:55:51,2016,2016,March,March,7,0
2016-03-26 13:46:19,Ford_Ka_mit_Klima,privat,Offer,1000,control,kleinwagen,2001,manuell,60,ka,80000,Nov,Gasoline,ford,No,2016-03-26 00:00:00,98646,2016-04-06 01:44:24,2016,2016,March,March,15,1
2016-03-14 17:51:42,Ford_Focus_1.4i_OHNE_TÜV_/_AU_Bastlerauto,privat,Offer,500,test,kleinwagen,1999,manuell,75,focus,150000,Feb,Gasoline,ford,Other,2016-03-14 00:00:00,72116,2016-03-23 19:48:09,2016,2016,March,March,17,10
2016-03-21 09:56:57,Ford_Fusion_1.25_Ambiente_2.Hand__Zahnriemen_&_Inspektion_neu,privat,Offer,2600,control,kleinwagen,2006,manuell,75,fusion,150000,Mar,Gasoline,ford,No,2016-03-21 00:00:00,28777,2016-03-22 14:18:56,2016,2016,March,March,10,9
2016-03-15 18:38:43,Ideales_Anfaengerauto,privat,Offer,400,control,kleinwagen,2000,manuell,60,ka,150000,Oct,Gasoline,ford,Yes,2016-03-15 00:00:00,53773,2016-04-04 17:15:37,2016,2016,March,March,16,2
2016-03-16 20:36:44,Ford_Fusion_1.4,privat,Offer,3200,control,kleinwagen,2005,manuell,80,fusion,125000,Jul,Gasoline,ford,No,2016-03-16 00:00:00,65830,2016-04-05 22:17:37,2016,2016,March,March,11,5
2016-03-07 20:53:29,Ford_Fiesta_wenig_gelaufen,privat,Offer,3400,test,kleinwagen,2007,manuell,60,fiesta,40000,Apr,Gasoline,ford,Other,2016-03-07 00:00:00,25579,2016-03-08 13:45:53,2016,2016,March,March,9,8
2016-04-03 16:49:20,Verkaufe_schoenen_Ford_Ka_mit_Tuev_bis_11/2017.,privat,Offer,1190,control,kleinwagen,2004,Unspecified,0,ka,150000,Jan,,ford,Other,2016-04-03 00:00:00,47533,2016-04-05 16:45:57,2016,2016,April,April,12,11
2016-03-10 16:49:52,Ford_Ka_TÜV_NEU!!!,privat,Offer,1200,control,kleinwagen,2000,manuell,60,ka,150000,Jan,,ford,No,2016-03-10 00:00:00,51371,2016-03-12 07:16:05,2016,2016,March,March,16,11
2016-03-23 17:55:01,Ford_Fusion_silber,privat,Offer,2400,control,kleinwagen,2008,manuell,0,fusion,100000,Dec,Diesel,ford,Yes,2016-03-23 00:00:00,48599,2016-04-05 23:15:56,2016,2016,March,March,8,0
2016-03-31 22:56:49,Fors_Ka_Sucht_neuen_fahrer,privat,Offer,600,test,kleinwagen,2003,manuell,44,ka,60000,Jun,Gasoline,ford,No,2016-03-31 00:00:00,41836,2016-04-06 20:18:15,2016,2016,March,March,13,6
2016-03-14 20:42:14,Ford_Fiesta,privat,Offer,4200,control,kleinwagen,2005,manuell,68,fiesta,70000,Jan,Diesel,ford,No,2016-03-14 00:00:00,1979,2016-03-17 10:44:30,2016,2016,March,March,11,11
2016-03-29 18:58:34,Ford_Fiesta_4_Tuerer_2_Jahre_TUV,privat,Offer,320,control,kleinwagen,2000,manuell,0,fiesta,150000,Nov,Gasoline,ford,Other,2016-03-29 00:00:00,42277,2016-03-29 18:58:34,2016,2016,March,March,16,1
2016-04-02 18:57:13,Ford_Fiesta_1_6_Tdci_Sport__Modell_2007__90_PS__gruene_Plakette,privat,Offer,3550,control,kleinwagen,2006,manuell,90,fiesta,150000,Nov,Diesel,ford,No,2016-04-02 00:00:00,57583,2016-04-06 11:16:52,2016,2016,April,April,10,1
2016-03-17 18:57:35,Ford_Ka_1.2_Titanium,privat,Offer,5200,control,kleinwagen,2009,manuell,69,ka,100000,Mar,Gasoline,ford,No,2016-03-17 00:00:00,51063,2016-04-07 07:16:29,2016,2016,March,March,7,9
2016-03-18 15:51:38,Ford_fiesta_servo_klima_e_fenster_mit_tuev,privat,Offer,399,control,kleinwagen,1996,manuell,0,fiesta,150000,Dec,Gasoline,ford,Yes,2016-03-18 00:00:00,10823,2016-03-20 05:18:45,2016,2016,March,March,20,0
2016-03-11 17:54:16,Ford_Ka_TÜV_03_2018_klima_Servolenkung._..,privat,Offer,699,control,kleinwagen,1997,manuell,50,ka,90000,Sep,Gasoline,ford,No,2016-03-11 00:00:00,53227,2016-03-12 08:15:42,2016,2016,March,March,19,3
2016-03-17 11:51:58,Ford_Fiesta__75_PS__Klima__Servo__ZV,privat,Offer,590,control,kleinwagen,1999,manuell,75,fiesta,150000,Feb,Gasoline,ford,No,2016-03-17 00:00:00,24582,2016-03-20 13:17:22,2016,2016,March,March,17,10
2016-03-16 16:49:43,Auto_mit_TÜV_bis_11.2016,privat,Offer,560,control,kleinwagen,1998,Unspecified,0,fiesta,150000,Jan,Gasoline,ford,Other,2016-03-16 00:00:00,47574,2016-03-17 15:15:34,2016,2016,March,March,18,11
2016-03-26 18:41:36,FORD_Fiesta_Bj_94,privat,Offer,250,test,kleinwagen,1994,manuell,50,fiesta,100000,Jul,Gasoline,ford,No,2016-03-26 00:00:00,85293,2016-03-31 14:47:28,2016,2016,March,March,22,5
2016-04-05 05:36:19,Ford_fiesta_bj_96,privat,Offer,150,test,kleinwagen,1996,automatik,60,fiesta,150000,Jan,Gasoline,ford,Yes,2016-04-05 00:00:00,27570,2016-04-07 10:44:33,2016,2016,April,April,20,11
2016-03-12 18:40:29,Verkaufe_Ford_Fiesta,privat,Offer,699,test,kleinwagen,1999,manuell,60,fiesta,125000,Jun,Gasoline,ford,Other,2016-03-12 00:00:00,85716,2016-03-16 22:57:53,2016,2016,March,March,17,6
2016-03-11 12:36:25,Ford_Fiesta_1.4_TDCI_1st,privat,Offer,2350,test,kleinwagen,2002,manuell,68,fiesta,125000,Apr,Diesel,ford,No,2016-03-11 00:00:00,88299,2016-03-23 09:47:38,2016,2016,March,March,14,8
2016-03-31 14:55:18,Verkaufe_Ford_fiesta,privat,Offer,150,control,kleinwagen,1998,manuell,0,Other,150000,Jan,Gasoline,ford,Other,2016-03-31 00:00:00,77656,2016-04-06 07:45:23,2016,2016,March,March,18,11
2016-03-21 13:42:43,Ford_Ka_Sedan,privat,Offer,1150,test,kleinwagen,1998,manuell,60,ka,100000,May,Gasoline,ford,Other,2016-03-21 00:00:00,21339,2016-04-06 08:45:55,2016,2016,March,March,18,7
2016-04-03 09:01:46,Ford_Fiesta_1.3__Klima__Tuev_11/2017__erst_51.000km,privat,Offer,2600,test,kleinwagen,2006,manuell,60,fiesta,60000,Aug,Gasoline,ford,No,2016-04-03 00:00:00,28201,2016-04-03 09:01:46,2016,2016,April,April,10,4
2016-04-04 09:53:15,Ford_ka_Baujahr_2007,privat,Offer,1999,control,kleinwagen,2007,manuell,60,ka,60000,Jul,Gasoline,ford,No,2016-04-04 00:00:00,18445,2016-04-04 09:53:15,2016,2016,April,April,9,5
2016-04-04 11:36:17,FORD_FOCUS____;noch_2_Jahre_TÜV___OHNE_MÄNGEL_!!!,privat,Offer,1650,control,kleinwagen,1999,manuell,75,focus,150000,Feb,Gasoline,ford,No,2016-04-04 00:00:00,44805,2016-04-06 13:44:35,2016,2016,April,April,17,10
2016-03-12 15:58:50,Ford_Fiesta,privat,Offer,650,control,kleinwagen,2001,manuell,60,fiesta,150000,Sep,Gasoline,ford,No,2016-03-12 00:00:00,90453,2016-03-12 15:58:50,2016,2016,March,March,15,3
2016-03-29 20:40:31,Ford_Fiesta._Klima_90tkm.,privat,Offer,1100,test,kleinwagen,2005,manuell,0,fiesta,100000,May,Gasoline,ford,Other,2016-03-29 00:00:00,64673,2016-04-02 09:16:26,2016,2016,March,March,11,7
2016-03-12 00:58:13,Ford_Fiesta_1.3_Ambiente,privat,Offer,2600,test,kleinwagen,2005,manuell,60,fiesta,100000,Jun,Gasoline,ford,No,2016-03-11 00:00:00,51149,2016-03-12 22:15:19,2016,2016,March,March,11,6
2016-03-25 10:56:40,Ford_Fiesta_Ghia___KLIMA___TÜV_10/2016,privat,Offer,950,test,kleinwagen,2001,manuell,75,fiesta,125000,Nov,Gasoline,ford,Other,2016-03-25 00:00:00,4736,2016-03-26 21:15:33,2016,2016,March,March,15,1
2016-03-23 10:59:00,Ford_Ka_1.2_Trend,privat,Offer,3900,control,kleinwagen,2009,manuell,69,ka,50000,Dec,Gasoline,ford,No,2016-03-23 00:00:00,73035,2016-04-05 09:46:43,2016,2016,March,March,7,0
2016-03-08 08:54:56,Ford_Fiesta,privat,Offer,990,test,kleinwagen,1997,manuell,60,fiesta,150000,Oct,Gasoline,ford,No,2016-03-08 00:00:00,47239,2016-03-16 10:49:05,2016,2016,March,March,19,2
2016-03-14 14:39:18,Ford_Ka*Leder*Klima*,privat,Offer,1899,control,kleinwagen,2004,manuell,69,ka,150000,Jan,Gasoline,ford,No,2016-03-14 00:00:00,16792,2016-04-05 16:44:24,2016,2016,March,March,12,11
2016-03-17 11:49:28,FORD_Fiesta__ABS__SERVO_TÜV_1_JAHR,privat,Offer,1100,control,kleinwagen,2002,manuell,0,fiesta,100000,Jul,Gasoline,ford,Other,2016-03-17 00:00:00,24837,2016-03-19 11:45:44,2016,2016,March,March,14,5
2016-04-04 09:48:40,Ford_KA__Bj_05_Klima,privat,Offer,300,control,kleinwagen,2003,manuell,0,ka,5000,Jan,Gasoline,ford,Yes,2016-04-04 00:00:00,13353,2016-04-06 10:45:59,2016,2016,April,April,13,11
2016-03-13 19:36:19,Fiesta_zu_verkaufen,privat,Offer,399,control,kleinwagen,1999,manuell,75,fiesta,150000,Jun,Gasoline,ford,Yes,2016-03-13 00:00:00,66740,2016-04-06 18:18:14,2016,2016,March,March,17,6
2016-03-30 20:53:50,Ford_Fiesta_1.25_Ambiente,privat,Offer,1850,control,kleinwagen,2009,manuell,60,fiesta,60000,Sep,Gasoline,ford,Yes,2016-03-30 00:00:00,75223,2016-04-07 13:49:59,2016,2016,March,March,7,3
2016-03-14 23:57:01,Verkaufe_mein_gepflegten_Fiesta_!_TÜV_10.17,privat,Offer,990,control,kleinwagen,2002,manuell,0,Other,150000,Feb,Gasoline,ford,No,2016-03-14 00:00:00,6118,2016-03-16 03:15:34,2016,2016,March,March,14,10
2016-03-14 19:47:31,Ford_Fiesta_1.3_Ambiente_64000km_klima!!!,privat,Offer,2800,control,kleinwagen,2005,manuell,60,fiesta,70000,Mar,Gasoline,ford,No,2016-03-14 00:00:00,48683,2016-04-06 05:45:57,2016,2016,March,March,11,9
2016-03-05 16:56:31,Ford_fiesta,privat,Offer,1299,control,kleinwagen,2000,manuell,0,fiesta,125000,Jan,Gasoline,ford,Other,2016-03-05 00:00:00,79112,2016-04-07 14:58:27,2016,2016,March,March,16,11
2016-03-31 20:56:34,Ford_Fiesta_Trend,privat,Offer,600,test,kleinwagen,2002,manuell,75,fiesta,150000,Feb,Gasoline,ford,Yes,2016-03-31 00:00:00,98716,2016-04-06 16:45:40,2016,2016,March,March,14,10
2016-03-14 22:57:11,Ford_Fiesta,privat,Offer,4650,control,kleinwagen,2009,manuell,86,fiesta,150000,Feb,Gasoline,ford,No,2016-03-14 00:00:00,86316,2016-03-15 04:40:18,2016,2016,March,March,7,10
2016-03-21 22:54:50,Ford_Fiesta_TÜV_bis_09.17,privat,Offer,890,control,kleinwagen,1996,manuell,50,fiesta,100000,Aug,Gasoline,ford,No,2016-03-21 00:00:00,47179,2016-03-22 03:42:31,2016,2016,March,March,20,4
2016-03-07 22:44:47,Schlachte_ford_ka,privat,Offer,0,test,kleinwagen,1998,Unspecified,44,ka,125000,May,,ford,Other,2016-03-07 00:00:00,49393,2016-03-16 14:16:08,2016,2016,March,March,18,7
2016-03-29 12:53:29,Ford_Fiesta_Flair,privat,Offer,500,test,kleinwagen,1996,manuell,60,fiesta,90000,May,Gasoline,ford,No,2016-03-29 00:00:00,4328,2016-04-05 22:46:27,2016,2016,March,March,20,7
2016-03-15 10:52:09,Ford_Focus___EZ_2000___5_tuerig,privat,Offer,600,control,kleinwagen,2000,manuell,100,focus,150000,Jun,,ford,Yes,2016-03-15 00:00:00,33102,2016-03-15 11:42:22,2016,2016,March,March,16,6
2016-03-25 07:54:01,Top_Ford_fiesta__extrem_wenig_Kilometer,privat,Offer,1200,test,kleinwagen,2000,manuell,50,fiesta,70000,Jan,Gasoline,ford,Other,2016-03-25 00:00:00,84503,2016-03-29 21:44:24,2016,2016,March,March,16,11
2016-03-26 13:54:28,Ford_Fiesta_Sport,privat,Offer,350,control,kleinwagen,2000,manuell,103,fiesta,150000,Mar,Gasoline,ford,Yes,2016-03-26 00:00:00,25364,2016-03-26 13:54:28,2016,2016,March,March,16,9
2016-04-04 21:43:14,Ford_Fusion_1.4,privat,Offer,2300,test,kleinwagen,2003,manuell,80,fusion,150000,Jan,Gasoline,ford,No,2016-04-04 00:00:00,33184,2016-04-07 00:15:45,2016,2016,April,April,13,11
2016-03-15 21:38:58,Ford_Fiesta_1.4_B/LPG_Bj.2008,privat,Offer,3350,control,kleinwagen,2008,manuell,80,fiesta,125000,Jul,,ford,Yes,2016-03-15 00:00:00,63654,2016-04-07 04:46:40,2016,2016,March,March,8,5
2016-04-02 14:47:03,Ford_Fiesta_*Classic*_TÜV_2017!,privat,Offer,500,test,kleinwagen,1996,manuell,50,fiesta,150000,Jan,,ford,No,2016-04-02 00:00:00,29640,2016-04-06 13:16:45,2016,2016,April,April,20,11
2016-03-30 19:52:22,Ford_Ka_Schwarz_Sportausfuehrung_ohne_Tuev,privat,Offer,300,test,kleinwagen,2000,manuell,45,ka,150000,Dec,Gasoline,ford,Other,2016-03-30 00:00:00,26133,2016-04-03 10:47:11,2016,2016,March,March,16,0
2016-03-21 12:39:10,Ford_Fiesta.,privat,Offer,200,control,kleinwagen,1991,Unspecified,0,fiesta,150000,Jan,,ford,Other,2016-03-21 00:00:00,39288,2016-04-06 06:45:08,2016,2016,March,March,25,11
2016-03-29 12:54:37,Ford_Fiesta_Flair,privat,Offer,500,test,kleinwagen,1996,manuell,60,fiesta,90000,May,Gasoline,ford,No,2016-03-29 00:00:00,4357,2016-04-05 22:17:05,2016,2016,March,March,20,7
2016-03-31 19:37:37,Ford_Fiesta_Chianti,privat,Offer,900,control,kleinwagen,1994,manuell,60,fiesta,150000,Nov,Gasoline,ford,No,2016-03-31 00:00:00,66646,2016-04-06 13:45:20,2016,2016,March,March,22,1
2016-03-30 02:56:35,Fiesta_1_4TDCI_klima_Grueneplakette,privat,Offer,2900,test,kleinwagen,2008,manuell,68,fiesta,150000,Feb,Diesel,ford,No,2016-03-29 00:00:00,79110,2016-04-06 18:47:34,2016,2016,March,March,8,10
2016-03-28 01:37:13,Ford_Fiesta_1.4_TDCI_TÜV_NEU+REIFEN_NEU+GUT_GEPFLEGT,privat,Offer,2900,test,kleinwagen,2005,manuell,68,fiesta,150000,Jan,Diesel,ford,No,2016-03-28 00:00:00,21335,2016-04-02 12:44:36,2016,2016,March,March,11,11
2016-04-03 14:53:11,Ford_ka_1EDITION_mit_TÜV,privat,Offer,600,test,kleinwagen,1996,Unspecified,60,ka,150000,Dec,Gasoline,ford,Other,2016-04-03 00:00:00,22111,2016-04-05 14:15:28,2016,2016,April,April,20,0
2016-03-20 23:53:02,Ford_Ka_1.3_TDCI_Titanium_Klimaautomatik/Alufelgen,privat,Offer,4999,control,kleinwagen,2011,manuell,75,ka,125000,Feb,Diesel,ford,No,2016-03-20 00:00:00,49809,2016-04-05 19:18:39,2016,2016,March,March,5,10
2016-04-02 19:50:26,Ford_Fiesta_Fun_Facelift_1.3_70PS_5_Tuer___1.Hand__,privat,Offer,3390,control,kleinwagen,2005,manuell,70,fiesta,150000,Nov,Gasoline,ford,No,2016-04-02 00:00:00,70794,2016-04-06 20:17:12,2016,2016,April,April,11,1
2016-03-20 20:47:42,Ford_Fiesta_16V,privat,Offer,550,test,kleinwagen,1993,manuell,131,fiesta,150000,Mar,Gasoline,ford,No,2016-03-20 00:00:00,40591,2016-04-07 05:44:58,2016,2016,March,March,23,9
2016-03-10 20:43:50,Ford_Ka_Cool_Klima_Servo_D3_Tuev/Asu_10.2016_usw_usw,privat,Offer,400,test,kleinwagen,1997,manuell,60,ka,100000,Oct,Gasoline,ford,No,2016-03-10 00:00:00,47169,2016-03-13 03:17:30,2016,2016,March,March,19,2
2016-03-06 16:36:41,Ford_Fiesta,privat,Offer,850,test,kleinwagen,1990,manuell,103,fiesta,150000,Apr,Gasoline,ford,No,2016-03-06 00:00:00,73061,2016-03-21 19:16:43,2016,2016,March,March,26,8
2016-04-01 18:50:44,Ford_Fiesta_16V,privat,Offer,1000,control,kleinwagen,1992,manuell,131,fiesta,125000,Aug,Gasoline,ford,No,2016-04-01 00:00:00,19300,2016-04-05 14:47:00,2016,2016,April,April,24,4
2016-03-22 15:47:04,Ford_Fiesta_44KW_mit_Anhaengerkupplung_und_SD_fuer_Bastler,privat,Offer,50,control,kleinwagen,2001,manuell,60,fiesta,150000,Mar,Gasoline,ford,Other,2016-03-22 00:00:00,88138,2016-03-26 16:47:07,2016,2016,March,March,15,9
2016-03-13 22:38:00,Ford_Ka_2009_im_Top_Zustand!,privat,Offer,3490,control,kleinwagen,2009,manuell,69,ka,100000,Jan,Gasoline,ford,No,2016-03-13 00:00:00,80999,2016-03-16 16:17:45,2016,2016,March,March,7,11
2016-03-07 17:54:19,Ford_Fiesta_1_25_/_Klima__8_Fach_bereift_/_Motor_u._Getriebe_top!,privat,Offer,450,test,kleinwagen,1998,manuell,75,fiesta,125000,Jan,Gasoline,ford,No,2016-03-07 00:00:00,33449,2016-04-06 19:46:51,2016,2016,March,March,18,11
2016-03-31 18:58:46,Ford_KA___gepflegtes_Fahrzeug,privat,Offer,329,control,kleinwagen,1998,Unspecified,0,ka,150000,Jan,Gasoline,ford,Other,2016-03-31 00:00:00,3130,2016-04-04 12:45:35,2016,2016,March,March,18,11
2016-03-07 13:45:30,Ford_KA_Anfaengerfahrzeug_mit_neu_TÜV,privat,Offer,900,control,kleinwagen,1998,manuell,60,ka,125000,Sep,Gasoline,ford,No,2016-03-07 00:00:00,72135,2016-03-15 15:17:24,2016,2016,March,March,18,3
2016-03-27 00:39:15,Ford_Fiesta_1.3,privat,Offer,1950,test,kleinwagen,2002,manuell,60,fiesta,80000,Sep,Gasoline,ford,No,2016-03-26 00:00:00,51469,2016-03-28 18:44:36,2016,2016,March,March,14,3
2016-03-08 22:51:22,Ford_Focus_1.8_Torbo_Diesel,privat,Offer,950,test,kleinwagen,1999,Unspecified,0,focus,150000,Jan,Diesel,ford,Other,2016-03-08 00:00:00,67346,2016-03-16 23:45:11,2016,2016,March,March,17,11
2016-04-03 21:39:33,Ford_Fiesta_1.4_TDCI,privat,Offer,3900,test,kleinwagen,2005,manuell,68,fiesta,60000,Nov,Diesel,ford,No,2016-04-03 00:00:00,73479,2016-04-05 22:18:29,2016,2016,April,April,11,1
2016-03-22 18:45:39,Ford_Ka_Futura,privat,Offer,1450,control,kleinwagen,2000,manuell,60,ka,125000,Jul,Gasoline,ford,No,2016-03-22 00:00:00,51377,2016-03-25 10:47:46,2016,2016,March,March,16,5
2016-04-02 10:55:20,Ford_Ka_Royal_Leder_Klima_82tkm,privat,Offer,1850,test,kleinwagen,2004,manuell,60,ka,90000,Jun,Gasoline,ford,Other,2016-04-02 00:00:00,45277,2016-04-06 09:16:26,2016,2016,April,April,12,6
2016-03-11 15:48:13,Ford_Ka_Tuev_Neu,privat,Offer,720,test,kleinwagen,1997,manuell,50,ka,150000,Nov,Gasoline,ford,No,2016-03-11 00:00:00,58452,2016-04-05 12:47:23,2016,2016,March,March,19,1
2016-04-04 16:53:33,Ford_Fiesta__sofort_fahrbereit_mit_neu_TÜV_+_neu_Ganzjahresreifen,privat,Offer,1650,test,kleinwagen,1998,manuell,50,fiesta,150000,Oct,Gasoline,ford,No,2016-04-04 00:00:00,26180,2016-04-06 19:17:22,2016,2016,April,April,18,2
2016-03-05 16:39:56,Ford_Fiesta_Ghia_1.2_75_PS_TÜV_durchrepariert_angemeldet,privat,Offer,990,control,kleinwagen,1997,manuell,75,fiesta,150000,Jan,Gasoline,ford,Other,2016-03-05 00:00:00,16792,2016-03-06 04:44:42,2016,2016,March,March,19,11
2016-03-09 19:45:59,Super_anfaengerauto_ford_ka_kool_mit_klima,privat,Offer,550,test,kleinwagen,1997,manuell,0,ka,100000,Apr,Gasoline,ford,Other,2016-03-09 00:00:00,47169,2016-03-10 05:45:51,2016,2016,March,March,19,8
2016-04-02 11:37:37,Ford_Ka_Futura,privat,Offer,899,test,kleinwagen,2003,manuell,69,ka,100000,Apr,Gasoline,ford,No,2016-04-02 00:00:00,97877,2016-04-06 09:16:17,2016,2016,April,April,13,8
2016-03-31 12:46:49,Ford_Ka_Baujahr_2006,privat,Offer,999,test,kleinwagen,2006,manuell,60,ka,150000,Jun,Gasoline,ford,No,2016-03-31 00:00:00,46537,2016-04-04 04:18:30,2016,2016,March,March,10,6
2016-03-07 19:46:58,Ford_Ka_Klima_TÜV_bis_01/2018,privat,Offer,850,control,kleinwagen,2000,manuell,60,ka,150000,Jul,Gasoline,ford,No,2016-03-07 00:00:00,39120,2016-03-11 02:16:03,2016,2016,March,March,16,5
2016-03-25 15:46:35,Ford_Fiesta_Ghia,privat,Offer,700,test,kleinwagen,1997,manuell,75,fiesta,125000,Jun,Gasoline,ford,No,2016-03-25 00:00:00,50737,2016-04-02 19:19:27,2016,2016,March,March,19,6
2016-04-02 17:49:41,Ford_Fiesta_Tuev_Au_06_17_servolenkung,privat,Offer,695,control,kleinwagen,2001,manuell,60,fiesta,125000,Jun,Gasoline,ford,No,2016-04-02 00:00:00,51063,2016-04-02 17:49:41,2016,2016,April,April,15,6
2016-03-10 19:58:29,Ford_Fiesta_1.4__Klima_8_Fachbereift,privat,Offer,1249,control,kleinwagen,2004,manuell,80,fiesta,150000,May,Gasoline,ford,No,2016-03-10 00:00:00,51469,2016-03-28 04:18:25,2016,2016,March,March,12,7
2016-03-09 14:48:05,Ford_Fiesta_Blues_3_tuerig___1_3Ltr.__59kw__70Ps.__57.000km_,privat,Offer,3550,test,kleinwagen,2005,manuell,70,fiesta,60000,Aug,Gasoline,ford,No,2016-03-09 00:00:00,50321,2016-03-21 14:47:19,2016,2016,March,March,11,4
2016-03-14 17:06:19,Verkaufe_meinen_Heissgeliebten_Ford_Ka,privat,Offer,750,test,kleinwagen,1999,manuell,60,ka,125000,Dec,Gasoline,ford,No,2016-03-14 00:00:00,55129,2016-03-25 08:17:53,2016,2016,March,March,17,0
2016-03-05 18:49:44,Ford_Ka_Viva_X,privat,Offer,1350,test,kleinwagen,2004,manuell,60,ka,125000,Jul,Gasoline,ford,No,2016-03-05 00:00:00,76744,2016-04-05 11:49:53,2016,2016,March,March,12,5
2016-03-30 14:37:58,Ford_Ka_Frisch_Tuev,privat,Offer,990,control,kleinwagen,2003,manuell,60,ka,150000,Jan,,ford,No,2016-03-30 00:00:00,22307,2016-04-07 05:15:22,2016,2016,March,March,13,11
2016-03-05 15:37:15,Ford_Ka_Pro_7_edition,privat,Offer,200,control,kleinwagen,1997,manuell,60,ka,125000,Nov,Gasoline,ford,Other,2016-03-05 00:00:00,45772,2016-03-07 16:44:24,2016,2016,March,March,19,1
2016-04-05 20:25:19,Ford_Ka,privat,Offer,799,control,kleinwagen,2001,manuell,60,ka,150000,Dec,Gasoline,ford,No,2016-04-05 00:00:00,63263,2016-04-05 20:25:19,2016,2016,April,April,15,0
2016-03-25 10:57:02,Ford_Fiesta_1.4_Ambiente,privat,Offer,3650,test,kleinwagen,2006,manuell,80,fiesta,90000,Jun,Gasoline,ford,Yes,2016-03-25 00:00:00,33689,2016-04-06 11:45:35,2016,2016,March,March,10,6
2016-03-07 09:52:27,Ford_Escort_Euro_2,privat,Offer,120,control,kleinwagen,1997,manuell,75,escort,125000,Jul,Gasoline,ford,No,2016-03-07 00:00:00,24589,2016-03-08 09:44:36,2016,2016,March,March,19,5
2016-04-03 16:58:09,Ford_KA_mit_Wolf_Sportauspuff_HU_5_/_2017_Top_E___Glasdach,privat,Offer,225,control,kleinwagen,2000,manuell,60,ka,150000,Jan,Gasoline,ford,No,2016-04-03 00:00:00,27211,2016-04-03 16:58:09,2016,2016,April,April,16,11
2016-03-08 03:58:55,Ford_Ka_Royal,privat,Offer,2150,control,kleinwagen,2008,manuell,69,ka,150000,Mar,Gasoline,ford,Yes,2016-03-08 00:00:00,50735,2016-03-17 06:46:38,2016,2016,March,March,8,9
2016-04-04 21:49:19,Ford_Ka_1.2_Titanium,privat,Offer,5600,test,kleinwagen,2010,manuell,69,ka,40000,Oct,Gasoline,ford,No,2016-04-04 00:00:00,75181,2016-04-07 00:44:55,2016,2016,April,April,6,2
2016-03-22 06:37:03,Ford_ka_bj_98,privat,Offer,200,control,kleinwagen,1998,manuell,0,ka,150000,Sep,Gasoline,ford,No,2016-03-22 00:00:00,6386,2016-03-22 06:37:03,2016,2016,March,March,18,3
2016-03-07 17:56:09,Ford_Fiesta_1998_5_tuerer_mit__viel_Tuev,privat,Offer,699,test,kleinwagen,1998,manuell,50,fiesta,150000,Aug,Gasoline,ford,Other,2016-03-07 00:00:00,26670,2016-03-08 09:47:06,2016,2016,March,March,18,4
2016-03-15 17:45:48,Ford__D___Fiesta_Euro_4,privat,Offer,950,control,kleinwagen,2001,manuell,50,fiesta,150000,Jan,Gasoline,ford,No,2016-03-15 00:00:00,53859,2016-03-17 13:16:02,2016,2016,March,March,15,11
2016-03-09 11:48:19,Ford_fiesta,privat,Offer,600,test,kleinwagen,1988,manuell,54,fiesta,150000,Nov,Diesel,ford,Other,2016-03-09 00:00:00,67150,2016-04-05 17:44:55,2016,2016,March,March,28,1
2016-03-11 17:39:51,Ford_Ka__fahrbereit__TÜV_bis_11/2016,privat,Offer,300,control,kleinwagen,2001,manuell,60,ka,150000,May,Gasoline,ford,No,2016-03-11 00:00:00,15834,2016-03-18 01:45:47,2016,2016,March,March,15,7
2016-03-16 09:51:32,Ford_Ka_1.3_TÜV_9/2017_KLIMA_Servo_,privat,Offer,875,test,kleinwagen,1998,manuell,60,ka,125000,Jul,Gasoline,ford,No,2016-03-16 00:00:00,39128,2016-04-06 02:44:34,2016,2016,March,March,18,5
2016-03-20 10:53:30,Verkaufe_einen_Ford_Fiesta_!,privat,Offer,400,control,kleinwagen,1998,manuell,65,fiesta,80000,Dec,Cng,ford,Yes,2016-03-20 00:00:00,23936,2016-04-06 07:45:52,2016,2016,March,March,18,0
2016-03-09 19:48:09,Ford_Fiesta_1.3_TÜV_1.2017,privat,Offer,650,test,kleinwagen,1997,manuell,0,Other,80000,Apr,Gasoline,ford,Other,2016-03-09 00:00:00,16559,2016-03-10 16:17:42,2016,2016,March,March,19,8
2016-03-13 09:38:25,Ford_Fiesta_Style_1_25l_16V_55kW_75PS,privat,Offer,650,control,kleinwagen,1999,manuell,75,fiesta,150000,Feb,Gasoline,ford,Other,2016-03-13 00:00:00,74613,2016-03-31 20:18:21,2016,2016,March,March,17,10
2016-03-19 07:01:20,Optimales_Anfaenger_oder_StadtAuto/_guenstige_Steuer_85_im_Jahr,privat,Offer,449,control,kleinwagen,1996,manuell,50,ka,150000,Nov,Gasoline,ford,No,2016-03-19 00:00:00,42859,2016-03-20 09:19:40,2016,2016,March,March,20,1
2016-03-05 17:55:34,Ford_Ka__Baujahr_1998,privat,Offer,500,test,kleinwagen,1998,manuell,60,ka,60000,Sep,Gasoline,ford,No,2016-03-05 00:00:00,56814,2016-04-05 13:47:26,2016,2016,March,March,18,3
2016-03-27 11:48:57,Ford_Fiesta,privat,Offer,2190,test,kleinwagen,2005,manuell,64,fiesta,150000,Oct,Diesel,ford,No,2016-03-27 00:00:00,83395,2016-04-07 07:16:04,2016,2016,March,March,11,2
2016-03-31 14:42:31,Ford_Ka_1.2_Start_Stopp_System_Titanium,privat,Offer,4400,control,kleinwagen,2012,manuell,69,ka,60000,Feb,Gasoline,ford,No,2016-03-31 00:00:00,28215,2016-03-31 14:42:31,2016,2016,March,March,4,10
2016-03-20 14:48:27,Verkaufe_Ford_Fiesta_1.3_Style_Kool__Klima_TÜV_bis_08/2017,privat,Offer,690,test,kleinwagen,1999,manuell,75,fiesta,150000,Aug,Gasoline,ford,No,2016-03-20 00:00:00,4442,2016-03-20 14:48:27,2016,2016,March,March,17,4
2016-04-01 19:42:51,Ford_Fiesta_1.4_Ambiente,privat,Offer,4900,control,kleinwagen,2009,manuell,80,fiesta,70000,Mar,Gasoline,ford,No,2016-04-01 00:00:00,28857,2016-04-03 16:17:59,2016,2016,April,April,7,9
2016-03-22 19:48:02,Ford_Fiesta_1_3_Kleinwagen,privat,Offer,940,test,kleinwagen,2001,manuell,0,fiesta,150000,Jan,Gasoline,ford,No,2016-03-22 00:00:00,24534,2016-04-02 14:45:37,2016,2016,March,March,15,11
2016-03-08 16:54:27,Ford_ka_Unfallschaden,privat,Offer,5400,test,kleinwagen,2015,manuell,70,ka,5000,May,Gasoline,ford,Other,2016-03-08 00:00:00,45731,2016-03-09 08:16:25,2016,2016,March,March,1,7
2016-03-25 21:56:34,Ford_Fiesta_1.3_Scheckheft_gepflegt,privat,Offer,200,test,kleinwagen,1997,manuell,50,fiesta,150000,May,Gasoline,ford,Other,2016-03-25 00:00:00,49497,2016-03-27 11:17:56,2016,2016,March,March,19,7
2016-03-09 03:02:46,Ford_fiesta,privat,Offer,400,control,kleinwagen,1996,Unspecified,50,fiesta,150000,May,Gasoline,ford,Other,2016-03-09 00:00:00,12277,2016-03-17 20:45:21,2016,2016,March,March,20,7
2016-03-24 12:52:12,Ford_Fiesta_Ghia_72781KM,privat,Offer,999,test,kleinwagen,2001,manuell,75,fiesta,80000,Nov,Gasoline,ford,No,2016-03-24 00:00:00,4425,2016-03-28 21:18:42,2016,2016,March,March,15,1
2016-03-11 12:57:19,Ford_Ka_1_3l_Unfallfahrzeug,privat,Offer,390,test,kleinwagen,2000,manuell,60,ka,125000,Jun,Gasoline,ford,Yes,2016-03-11 00:00:00,44339,2016-03-14 09:47:31,2016,2016,March,March,16,6
2016-03-12 20:57:55,Ford_Fiesta_1.4_TDCI_mit_neuem_TÜV,privat,Offer,3000,test,kleinwagen,2005,manuell,68,fiesta,150000,Oct,Diesel,ford,No,2016-03-12 00:00:00,28201,2016-04-05 16:47:09,2016,2016,March,March,11,2
2016-03-07 19:46:55,Ford_Fiesta,privat,Offer,5600,control,kleinwagen,2010,manuell,60,Other,60000,Feb,Gasoline,ford,No,2016-03-07 00:00:00,25709,2016-04-07 11:46:47,2016,2016,March,March,6,10
2016-03-25 17:39:17,Ford_Ka,privat,Offer,1030,test,kleinwagen,2000,manuell,60,ka,100000,Aug,Gasoline,ford,Yes,2016-03-25 00:00:00,53639,2016-04-06 22:44:53,2016,2016,March,March,16,4
2016-03-30 12:52:27,Ford_ka_BILDER_FOLGEN,privat,Offer,400,control,kleinwagen,2000,manuell,60,ka,125000,Jan,Gasoline,ford,Other,2016-03-30 00:00:00,50170,2016-03-30 12:52:27,2016,2016,March,March,16,11
2016-03-24 17:53:17,FORD_KA_TÜV/ASU_06/2016_D3_NORM_ANGEMELDET_FAHRBEREIT_TOP,privat,Offer,550,control,kleinwagen,1998,manuell,60,ka,150000,Sep,,ford,No,2016-03-24 00:00:00,6862,2016-03-24 18:42:37,2016,2016,March,March,18,3
2016-03-14 15:53:32,Ford_Fiesta_1.4_TDCI,privat,Offer,1800,control,kleinwagen,2004,manuell,68,fiesta,150000,Mar,Diesel,ford,No,2016-03-14 00:00:00,25368,2016-03-14 15:53:32,2016,2016,March,March,12,9
2016-03-30 13:55:29,Ford_Fiesta_63000km_TÜV_03/18,privat,Offer,1699,test,kleinwagen,2001,manuell,75,fiesta,70000,Apr,Gasoline,ford,No,2016-03-30 00:00:00,51373,2016-04-07 05:15:30,2016,2016,March,March,15,8
2016-03-29 11:58:59,Verkaufe_Ford_Fiesta_sehr_gepflegt_top_Ausstattung,privat,Offer,0,test,kleinwagen,1999,manuell,0,fiesta,150000,May,Gasoline,ford,Other,2016-03-29 00:00:00,18439,2016-04-01 23:15:46,2016,2016,March,March,17,7
2016-04-03 14:57:48,Ford_Fiesta_1.3___TÜV_bis_Nov._2017___Klimaanlage,privat,Offer,2100,test,kleinwagen,2004,manuell,69,fiesta,150000,Dec,Gasoline,ford,Other,2016-04-03 00:00:00,68623,2016-04-05 14:15:45,2016,2016,April,April,12,0
2016-03-27 10:37:18,Ford_Ka_fuer_Anfaenger,privat,Offer,700,control,kleinwagen,1997,manuell,50,ka,90000,Jul,Gasoline,ford,No,2016-03-27 00:00:00,45879,2016-04-07 06:44:35,2016,2016,March,March,19,5
2016-03-24 23:54:24,FORD_KA_&_sehr_gepflegt_&_TÜV_NEU!,privat,Offer,1200,test,kleinwagen,2001,manuell,60,ka,80000,Oct,Gasoline,ford,Other,2016-03-24 00:00:00,50829,2016-03-31 12:44:27,2016,2016,March,March,15,2
2016-03-14 23:46:36,Ford_focus,privat,Offer,1099,control,kleinwagen,1998,manuell,0,focus,150000,Feb,Gasoline,ford,No,2016-03-14 00:00:00,13599,2016-03-30 19:16:09,2016,2016,March,March,18,10
2016-03-19 12:57:33,Ford_Fiesta_1.4_TDCI_Tuev4.2017.Klima.124000km,privat,Offer,2999,test,kleinwagen,2004,manuell,68,fiesta,125000,Apr,Diesel,ford,No,2016-03-19 00:00:00,22941,2016-04-06 19:15:37,2016,2016,March,March,12,8
2016-03-10 20:42:45,Ford_Ka_Royal_55.000_km_Lueckenloses_Scheckheft_1.Hand,privat,Offer,1299,test,kleinwagen,2006,manuell,60,ka,60000,Feb,Gasoline,ford,No,2016-03-10 00:00:00,82178,2016-03-15 15:19:47,2016,2016,March,March,10,10
2016-03-07 23:48:21,Ford_Fiesta_1.3_Style,privat,Offer,4700,test,kleinwagen,2008,manuell,60,fiesta,70000,Aug,Gasoline,ford,No,2016-03-07 00:00:00,63452,2016-03-12 19:47:14,2016,2016,March,March,8,4
2016-03-28 15:54:44,Fiesta__unfallfrei__Viertuerer__Bj._2006____Festpreis_3.500___Euro,privat,Offer,3500,control,kleinwagen,2006,manuell,80,fiesta,70000,Jun,Gasoline,ford,No,2016-03-28 00:00:00,32427,2016-04-04 18:45:53,2016,2016,March,March,10,6
2016-04-02 18:48:42,weisser_Ford_Ka__!!!!!,privat,Offer,3990,control,kleinwagen,2010,manuell,69,ka,100000,Feb,Gasoline,ford,No,2016-04-02 00:00:00,89155,2016-04-06 18:47:27,2016,2016,April,April,6,10
2016-03-25 15:48:49,Ford_Fiesta_1.25,privat,Offer,1000,test,kleinwagen,2003,manuell,75,fiesta,150000,May,Gasoline,ford,Yes,2016-03-25 00:00:00,7549,2016-03-25 15:48:49,2016,2016,March,March,13,7
2016-04-04 15:52:25,Ford_Fiesta_Zum_Auschlachten_oder_Herrichten,privat,Offer,299,test,kleinwagen,1996,manuell,50,fiesta,125000,Oct,Gasoline,ford,No,2016-04-04 00:00:00,66115,2016-04-06 17:44:46,2016,2016,April,April,20,2
2016-04-04 00:55:59,Autoverkauf,privat,Offer,3450,test,kleinwagen,2006,manuell,69,fiesta,80000,Jun,Gasoline,ford,Other,2016-04-04 00:00:00,30855,2016-04-06 09:16:47,2016,2016,April,April,10,6
2016-03-12 17:44:31,Ford_Fiesta_1_3_60ps_Sitzheizung_PDC_Klima_Doppeldin_Radio,privat,Offer,2499,test,kleinwagen,2004,manuell,60,fiesta,150000,Jul,Gasoline,ford,No,2016-03-12 00:00:00,14612,2016-04-07 08:45:31,2016,2016,March,March,12,5
2016-03-27 13:51:17,Ford_Ka_Royal_8fach_bereift__Klimaanlage.,privat,Offer,699,test,kleinwagen,2004,manuell,60,ka,125000,Jul,Gasoline,ford,No,2016-03-27 00:00:00,81737,2016-04-07 09:46:17,2016,2016,March,March,12,5
2016-03-14 09:49:56,Ford_Ka_verkaufen,privat,Offer,900,control,kleinwagen,1998,manuell,60,ka,80000,Jul,Gasoline,ford,No,2016-03-14 00:00:00,33442,2016-03-19 20:50:13,2016,2016,March,March,18,5
2016-03-27 11:48:40,Ford_Fiesta_1.4_TDCI,privat,Offer,1850,test,kleinwagen,2004,manuell,68,fiesta,150000,Aug,Diesel,ford,No,2016-03-27 00:00:00,48249,2016-04-07 07:16:04,2016,2016,March,March,12,4
2016-03-12 18:43:24,Fiesta_in_TOP_Zustand__TÜV_und_Durchsicht_NEU!!!,privat,Offer,1499,test,kleinwagen,2003,manuell,0,fiesta,125000,Jan,Gasoline,ford,Other,2016-03-12 00:00:00,4509,2016-04-05 08:47:14,2016,2016,March,March,13,11
2016-04-01 18:41:08,Ford_Fiesta_1.25,privat,Offer,4500,control,kleinwagen,2010,manuell,60,fiesta,90000,Mar,Gasoline,ford,No,2016-04-01 00:00:00,21220,2016-04-01 18:41:08,2016,2016,April,April,6,9
2016-03-11 17:56:08,Ford_galaxy_Rescht_Lenkrat_englishe_farzeug,privat,Offer,2200,control,kleinwagen,2005,manuell,131,galaxy,150000,Mar,Diesel,ford,No,2016-03-11 00:00:00,67752,2016-03-21 05:16:58,2016,2016,March,March,11,9
2016-04-04 19:54:34,Ford_Ka_1_3l_Kleinwagen__Airbag__TÜV__Guter_Zustand,privat,Offer,490,test,kleinwagen,2001,manuell,60,ka,150000,Apr,Gasoline,ford,Other,2016-04-04 00:00:00,29690,2016-04-06 22:17:02,2016,2016,April,April,15,8
2016-03-25 09:52:32,Ford_Fiesta_BJ_2009,privat,Offer,4600,test,kleinwagen,2009,manuell,65,fiesta,80000,Jan,Gasoline,ford,No,2016-03-25 00:00:00,14727,2016-03-29 22:16:14,2016,2016,March,March,7,11
2016-03-17 20:42:33,FORD_FIESTA_**TÜV_2/2017!!!***KLIMA***4TÜRER**SERVO*_TOP_ZUSTAND,privat,Offer,690,control,kleinwagen,1999,manuell,60,fiesta,125000,Jan,Gasoline,ford,No,2016-03-17 00:00:00,22179,2016-03-17 20:42:33,2016,2016,March,March,17,11
2016-03-09 01:50:27,Ford_Ka_EZ_1/2006.._nur_118000_km.._1.Hand..angemelde,privat,Offer,1100,control,kleinwagen,2006,manuell,60,ka,125000,Jan,Gasoline,ford,No,2016-03-08 00:00:00,12529,2016-03-10 22:44:12,2016,2016,March,March,10,11
2016-04-03 11:40:24,Ford_Ka_1.2,privat,Offer,3899,control,kleinwagen,2009,manuell,69,ka,100000,Dec,Gasoline,ford,No,2016-04-03 00:00:00,32839,2016-04-07 12:44:50,2016,2016,April,April,7,0
2016-03-22 22:54:08,Ford_Ka_1.2_Trend_/_8_fach_bereift_/_AUX_Anschluss,privat,Offer,3950,control,kleinwagen,2009,manuell,69,ka,90000,Apr,Gasoline,ford,No,2016-03-22 00:00:00,54290,2016-03-24 13:16:06,2016,2016,March,March,7,8
2016-03-08 10:56:51,Ford_Ka_mit_TÜV_07/17,privat,Offer,650,test,kleinwagen,2003,manuell,60,Other,150000,Mar,,ford,No,2016-03-08 00:00:00,59955,2016-03-08 11:44:11,2016,2016,March,March,13,9
2016-03-17 09:43:22,Ford_Ka_Royal,privat,Offer,1690,test,kleinwagen,2006,manuell,69,ka,60000,May,Gasoline,ford,No,2016-03-17 00:00:00,1468,2016-03-23 23:18:02,2016,2016,March,March,10,7
2016-03-30 16:57:05,Ford_Ka,privat,Offer,1000,test,kleinwagen,2002,manuell,60,ka,150000,Sep,Gasoline,ford,No,2016-03-30 00:00:00,64347,2016-04-07 07:45:14,2016,2016,March,March,14,3
2016-03-14 12:57:18,Ford_Fiesta_1.3_Fun_X,privat,Offer,4200,test,kleinwagen,2007,manuell,60,fiesta,70000,Apr,Gasoline,ford,No,2016-03-14 00:00:00,12689,2016-04-05 13:15:30,2016,2016,March,March,9,8
2016-03-10 00:56:25,Ford_Fiesta_1.3,privat,Offer,1000,control,kleinwagen,2000,manuell,61,Other,150000,Jul,Gasoline,ford,No,2016-03-10 00:00:00,58455,2016-04-06 01:17:04,2016,2016,March,March,16,5
2016-03-18 10:48:35,Ford_KA_mit_Schiebedach,privat,Offer,950,control,kleinwagen,2002,manuell,0,ka,150000,Sep,Gasoline,ford,No,2016-03-18 00:00:00,6388,2016-04-05 22:16:27,2016,2016,March,March,14,3
2016-03-08 19:36:22,Ford_Fiesta_1.4_TDCI,privat,Offer,2699,test,kleinwagen,2004,manuell,68,fiesta,150000,Jul,Diesel,ford,No,2016-03-08 00:00:00,35516,2016-03-11 05:16:57,2016,2016,March,March,12,5
2016-03-24 12:51:20,Ford_Fiesta_1.3__Klimaanlage,privat,Offer,2900,test,kleinwagen,2005,manuell,69,fiesta,100000,Nov,Gasoline,ford,No,2016-03-24 00:00:00,85055,2016-03-28 21:18:41,2016,2016,March,March,11,1
2016-03-31 17:53:18,Ford_Fiesta,privat,Offer,2650,control,kleinwagen,2004,manuell,0,fiesta,125000,Aug,Gasoline,ford,No,2016-03-31 00:00:00,88260,2016-04-06 11:44:29,2016,2016,March,March,12,4
2016-03-29 15:44:29,Ford_Fiesta_ohne_TÜV__fuer_Bastler,privat,Offer,150,control,kleinwagen,1997,manuell,55,fiesta,150000,Sep,Gasoline,ford,Other,2016-03-29 00:00:00,38226,2016-04-03 23:47:22,2016,2016,March,March,19,3
2016-03-18 12:06:24,Ford_Ka__TÜV_NEU!__Erst_102tsd_km!,privat,Offer,850,control,kleinwagen,1998,manuell,50,ka,125000,Sep,Gasoline,ford,No,2016-03-18 00:00:00,57562,2016-03-30 17:46:15,2016,2016,March,March,18,3
2016-03-28 22:06:25,Ford_Ka_Futura,privat,Offer,800,control,kleinwagen,2003,manuell,60,ka,150000,Jan,Gasoline,ford,No,2016-03-28 00:00:00,35041,2016-03-29 16:43:37,2016,2016,March,March,13,11
2016-03-27 22:57:17,Ford_Ka,privat,Offer,750,test,kleinwagen,2003,manuell,0,ka,150000,Mar,Lpg,ford,No,2016-03-27 00:00:00,67063,2016-04-06 02:15:21,2016,2016,March,March,13,9
2016-03-06 00:59:20,Ford_Fiesta_Ghia,privat,Offer,600,control,kleinwagen,1998,manuell,75,fiesta,150000,Nov,Gasoline,ford,Yes,2016-03-06 00:00:00,66798,2016-03-16 07:15:49,2016,2016,March,March,18,1
2016-03-08 17:57:24,Ford_Fiesta__Tuev_bis_1/17_Keilriemen_neu__neue_Winterreifen,privat,Offer,1750,control,kleinwagen,2003,manuell,80,fiesta,150000,Dec,Gasoline,ford,Other,2016-03-08 00:00:00,37308,2016-03-12 03:45:33,2016,2016,March,March,13,0
2016-03-15 20:53:32,Ford_fiesta_ST.,privat,Offer,999,test,kleinwagen,2001,manuell,103,fiesta,150000,Aug,,ford,Other,2016-03-15 00:00:00,76327,2016-04-05 00:46:58,2016,2016,March,March,15,4
2016-03-19 09:49:04,Ford_Fiesta_Bj_97_an_Bastler,privat,Offer,300,test,kleinwagen,1997,Unspecified,0,fiesta,150000,Jan,Gasoline,ford,Other,2016-03-19 00:00:00,21109,2016-04-06 08:44:50,2016,2016,March,March,19,11
2016-03-19 18:53:59,FIESTA_TOP_ZUSTAND___ABNEHMBARER_AHK___TÜV_UND_AU_NEU_!,privat,Offer,950,test,kleinwagen,1998,manuell,0,fiesta,150000,Jan,Gasoline,ford,No,2016-03-19 00:00:00,12279,2016-03-19 18:53:59,2016,2016,March,March,18,11
2016-03-19 16:55:07,Ford_Fiesta___Sommer_+_Winterreifen_+_TÜV_03/2017,privat,Offer,900,test,kleinwagen,2002,manuell,75,fiesta,150000,Jan,Gasoline,ford,No,2016-03-19 00:00:00,70199,2016-04-07 02:46:44,2016,2016,March,March,14,11
2016-03-17 16:45:45,Biete_hier_meinen_zuverlaessigen_Ford_Fieste_Ghia_an,privat,Offer,600,test,kleinwagen,1999,manuell,74,fiesta,150000,Oct,Gasoline,ford,No,2016-03-17 00:00:00,39638,2016-03-20 18:34:59,2016,2016,March,March,17,2
2016-03-13 19:21:22,Ford_Fiesta_Tuev_Neu!_12_fach_Bereift!_Auch_Anfaenger_Auto!,privat,Offer,1200,test,kleinwagen,1997,manuell,60,fiesta,150000,Jan,Gasoline,ford,No,2016-03-13 00:00:00,61169,2016-03-15 10:29:54,2016,2016,March,March,19,11
2016-03-15 17:43:49,Ford_Ka,privat,Offer,500,control,kleinwagen,1998,manuell,60,ka,100000,Feb,Gasoline,ford,No,2016-03-15 00:00:00,27798,2016-04-02 16:15:26,2016,2016,March,March,18,10
2016-03-14 22:25:34,Ford_Fiesta_Style,privat,Offer,900,control,kleinwagen,1999,manuell,75,fiesta,150000,Mar,Gasoline,ford,No,2016-03-14 00:00:00,60389,2016-03-16 18:10:26,2016,2016,March,March,17,9
2016-03-05 15:57:04,Ford_Fiesta_1.4_TDCI___,privat,Offer,2150,control,kleinwagen,2005,manuell,68,fiesta,90000,May,Diesel,ford,No,2016-03-05 00:00:00,81737,2016-03-06 04:46:40,2016,2016,March,March,11,7
2016-03-12 14:49:08,Ford_Fiesta_1.3,privat,Offer,2700,test,kleinwagen,2007,manuell,69,fiesta,125000,May,Gasoline,ford,No,2016-03-12 00:00:00,35075,2016-03-13 12:27:54,2016,2016,March,March,9,7
2016-03-12 15:40:22,Ford_Fiesta_1.3_Klima_PDC_ZV+FB_8_fach_bereift,privat,Offer,1890,control,kleinwagen,2003,manuell,60,fiesta,150000,Jul,Gasoline,ford,No,2016-03-12 00:00:00,86167,2016-03-15 01:17:00,2016,2016,March,March,13,5
2016-03-23 07:55:05,Ford_Ka_1_3L_D3_Norm__Klima__Servo_Angemeldet_Voll_Fahrbereit,privat,Offer,300,control,kleinwagen,1999,manuell,60,ka,80000,Aug,Gasoline,ford,Other,2016-03-23 00:00:00,6862,2016-03-23 09:42:28,2016,2016,March,March,17,4
2016-03-17 19:59:21,Ford_Fiesta_1.3,privat,Offer,2800,control,kleinwagen,2005,manuell,60,fiesta,125000,Jun,,ford,No,2016-03-17 00:00:00,66679,2016-03-27 12:46:30,2016,2016,March,March,11,6
2016-03-21 17:53:16,Ford_Fiesta_1_3,privat,Offer,550,control,kleinwagen,2001,manuell,50,fiesta,150000,Jan,,ford,Other,2016-03-21 00:00:00,48165,2016-03-25 15:20:36,2016,2016,March,March,15,11
2016-03-20 11:46:11,Ford_Fiesta_2.0_ST,privat,Offer,4999,test,kleinwagen,2005,manuell,150,fiesta,150000,Apr,Gasoline,ford,No,2016-03-20 00:00:00,7613,2016-04-06 09:17:44,2016,2016,March,March,11,8
2016-03-15 23:52:53,Verkaufe_Ford_Fiesta,privat,Offer,100,control,kleinwagen,2002,manuell,0,fiesta,150000,Jan,Gasoline,ford,Yes,2016-03-15 00:00:00,7924,2016-03-21 07:49:08,2016,2016,March,March,14,11
2016-03-07 10:57:19,Ford_Fiesta,privat,Offer,200,test,kleinwagen,2000,manuell,60,fiesta,150000,Jun,Gasoline,ford,Yes,2016-03-07 00:00:00,26345,2016-03-10 13:17:01,2016,2016,March,March,16,6
2016-03-29 12:55:59,Ford_Fiesta_1_3_D_,privat,Offer,309,test,kleinwagen,2002,Unspecified,50,fiesta,5000,Nov,Gasoline,ford,Other,2016-03-29 00:00:00,73770,2016-04-05 22:46:22,2016,2016,March,March,14,1
2016-03-23 09:56:37,Ford_Ka_fuer_Bastler,privat,Offer,200,test,kleinwagen,2003,manuell,60,ka,125000,Mar,Gasoline,ford,No,2016-03-23 00:00:00,29308,2016-03-23 10:46:45,2016,2016,March,March,13,9
2016-03-15 18:46:04,Ford_Fiesta_1.4_TDCI,privat,Offer,1999,control,kleinwagen,2002,manuell,68,fiesta,150000,Oct,Diesel,ford,No,2016-03-15 00:00:00,51375,2016-03-21 18:16:49,2016,2016,March,March,14,2
2016-03-26 00:56:52,Ford_fiesta,privat,Offer,1200,test,kleinwagen,2000,manuell,75,fiesta,150000,Jul,,ford,No,2016-03-25 00:00:00,47169,2016-04-01 19:44:47,2016,2016,March,March,16,5
2016-03-10 14:47:44,Ford_Focus_Top_Zustand_mit_TÜV,privat,Offer,1100,test,kleinwagen,2001,manuell,95,focus,150000,Jan,Gasoline,ford,No,2016-03-10 00:00:00,42369,2016-03-11 15:15:33,2016,2016,March,March,15,11
2016-03-15 16:53:36,Ford_KA_ohne_Tuev,privat,Offer,80,control,kleinwagen,1997,manuell,58,ka,150000,Aug,Gasoline,ford,No,2016-03-15 00:00:00,96050,2016-03-24 03:46:48,2016,2016,March,March,19,4
2016-03-09 13:47:06,Ford_Ka_gut_fuer_Anfaenger,privat,Offer,550,control,kleinwagen,2002,manuell,0,ka,150000,Mar,Gasoline,ford,Other,2016-03-09 00:00:00,47809,2016-03-09 13:47:06,2016,2016,March,March,14,9
2016-03-07 12:54:50,Ford_Ka_1_6,privat,Offer,890,test,kleinwagen,2000,manuell,60,ka,80000,Aug,Gasoline,ford,No,2016-03-07 00:00:00,26810,2016-03-10 07:45:00,2016,2016,March,March,16,4
2016-03-05 17:43:12,Fiesta_1.Hand,privat,Offer,200,test,kleinwagen,1996,automatik,75,fiesta,90000,Sep,Gasoline,ford,Yes,2016-03-05 00:00:00,74722,2016-03-15 01:44:54,2016,2016,March,March,20,3
2016-03-20 20:50:38,Ford_Fiesta_1.3_Trend,privat,Offer,4990,test,kleinwagen,2007,manuell,69,fiesta,70000,Sep,Gasoline,ford,No,2016-03-20 00:00:00,25761,2016-04-07 05:46:00,2016,2016,March,March,9,3
2016-03-10 23:42:24,Ford_Fiesta_Style,privat,Offer,1050,test,kleinwagen,1997,manuell,60,fiesta,150000,Feb,Gasoline,ford,No,2016-03-10 00:00:00,76870,2016-03-19 17:46:06,2016,2016,March,March,19,10
2016-03-13 18:41:38,Ford_fiesta_Export/schlachtfest/___Schnaeppchen_kein_notverkauf,privat,Offer,0,test,kleinwagen,1995,manuell,65,fiesta,80000,Jan,,ford,Yes,2016-03-13 00:00:00,51702,2016-03-15 18:17:01,2016,2016,March,March,21,11
2016-03-12 01:56:59,Ford_Ka_in_einem_Gepflegten_Zustand,privat,Offer,980,test,kleinwagen,2000,manuell,60,ka,125000,Jul,Gasoline,ford,No,2016-03-12 00:00:00,58099,2016-03-12 22:44:45,2016,2016,March,March,16,5
2016-03-19 22:50:04,Ford_Fiesta_1.25_Trend_original_58.200km,privat,Offer,5750,test,kleinwagen,2008,manuell,82,fiesta,60000,Dec,Gasoline,ford,No,2016-03-19 00:00:00,51515,2016-03-22 07:18:25,2016,2016,March,March,8,0
2016-03-21 21:52:49,Gute_reifen_Motor_Getriebe_ist_gut,privat,Offer,150,control,kleinwagen,1997,manuell,50,fiesta,150000,Feb,Gasoline,ford,Other,2016-03-21 00:00:00,58119,2016-03-23 05:45:03,2016,2016,March,March,19,10
2016-03-08 21:52:15,###Ford_Fiesta_60_PS._TÜV_11/16_Org.95.000Km_8Fach_bereift#####,privat,Offer,699,control,kleinwagen,2001,manuell,60,fiesta,100000,Sep,Gasoline,ford,No,2016-03-08 00:00:00,95145,2016-03-11 20:47:29,2016,2016,March,March,15,3
2016-03-11 17:38:51,ford_fiesta_1_25_3tuer,privat,Offer,4990,control,kleinwagen,2009,manuell,82,fiesta,50000,Aug,Gasoline,ford,No,2016-03-11 00:00:00,58095,2016-03-12 21:48:20,2016,2016,March,March,7,4
2016-03-19 17:39:53,Ford_focus_1_6l_mit_Klimaanlage_und_TÜV,privat,Offer,1150,control,kleinwagen,1999,manuell,90,focus,150000,Sep,,ford,No,2016-03-19 00:00:00,49084,2016-03-23 06:16:27,2016,2016,March,March,17,3
2016-03-10 14:46:40,fiesta_sehr_geflegt_vom_opa,privat,Offer,500,test,kleinwagen,1999,manuell,50,fiesta,150000,Jun,,ford,Yes,2016-03-10 00:00:00,53909,2016-03-24 18:46:06,2016,2016,March,March,17,6
2016-03-15 16:31:15,Ford_Ka,privat,Offer,1300,control,kleinwagen,2002,manuell,60,ka,70000,Mar,Gasoline,ford,No,2016-03-15 00:00:00,57290,2016-04-06 07:17:04,2016,2016,March,March,14,9
2016-04-03 15:49:37,Top_Zustand_Fuer_Anfaenger,privat,Offer,1350,test,kleinwagen,1999,manuell,60,ka,150000,Apr,Gasoline,ford,No,2016-04-03 00:00:00,51467,2016-04-03 15:49:37,2016,2016,April,April,17,8
2016-03-12 16:55:05,ich_verkaufe_meinen_ford_ka...!!!,privat,Offer,650,control,kleinwagen,2001,manuell,60,ka,150000,Dec,Gasoline,ford,No,2016-03-12 00:00:00,63303,2016-03-13 20:31:27,2016,2016,March,March,15,0
2016-04-01 11:57:06,Ford_Fiesta_1.25_Trend,privat,Offer,5700,test,kleinwagen,2009,manuell,82,fiesta,60000,Mar,Gasoline,ford,No,2016-04-01 00:00:00,22946,2016-04-07 08:46:08,2016,2016,April,April,7,9
2016-03-29 12:50:48,Ford_KA_BJ_99,privat,Offer,650,test,kleinwagen,1999,manuell,44,ka,150000,Oct,Gasoline,ford,No,2016-03-29 00:00:00,79350,2016-04-05 22:16:55,2016,2016,March,March,17,2
2016-03-19 14:57:05,Ford_Fiesta_1.25_Trend,privat,Offer,4990,test,kleinwagen,2009,manuell,82,fiesta,100000,Jul,Gasoline,ford,No,2016-03-19 00:00:00,71723,2016-03-19 14:57:05,2016,2016,March,March,7,5
2016-03-20 16:44:50,Ford_Ka_Bj_2007,privat,Offer,1250,test,kleinwagen,2007,manuell,0,ka,150000,Jan,Gasoline,ford,No,2016-03-20 00:00:00,49356,2016-03-21 19:45:52,2016,2016,March,March,9,11
2016-03-26 15:44:46,Ford_Fiesta_1.4_Ambiente_Klima_ALU_Tuev05/2017,privat,Offer,3650,test,kleinwagen,2003,automatik,80,fiesta,80000,Aug,Gasoline,ford,No,2016-03-26 00:00:00,40233,2016-04-06 03:44:59,2016,2016,March,March,13,4
2016-03-07 11:37:32,Ford_Fiesta_MK4_Sehr_gepflegter_Zustand_wenig_km_TÜV_unfallfrei,privat,Offer,650,test,kleinwagen,1999,manuell,50,fiesta,125000,May,Gasoline,ford,No,2016-03-07 00:00:00,13357,2016-03-12 20:45:22,2016,2016,March,March,17,7
2016-03-12 23:36:44,Ford_Fiesta_mit_Ghia_Austattung_Schiebedach_Klima__CD_Radio,privat,Offer,450,control,kleinwagen,1997,manuell,55,fiesta,150000,May,Gasoline,ford,No,2016-03-12 00:00:00,83512,2016-03-22 20:17:31,2016,2016,March,March,19,7
2016-03-08 23:42:34,Ford_Fusion_1.6_Ambiente,privat,Offer,4299,control,kleinwagen,2005,manuell,101,fusion,70000,Oct,Gasoline,ford,No,2016-03-08 00:00:00,16775,2016-03-12 14:44:57,2016,2016,March,March,11,2
2016-03-08 13:55:31,Ford_Fiesta_1_3_12/2003_Tuev_bis_12/2016,privat,Offer,600,control,kleinwagen,2003,manuell,60,fiesta,125000,Dec,Gasoline,ford,No,2016-03-08 00:00:00,47798,2016-03-08 13:55:31,2016,2016,March,March,13,0
2016-03-09 22:06:23,Ford_fiesta_style_sport_75_PS_Tuev_09/2017_Klima,privat,Offer,850,control,kleinwagen,1999,manuell,75,fiesta,150000,Feb,Gasoline,ford,No,2016-03-09 00:00:00,60439,2016-03-23 17:17:42,2016,2016,March,March,17,10
2016-03-10 07:32:26,Ford_Fiesta,privat,Offer,949,test,kleinwagen,2002,manuell,60,fiesta,150000,Oct,Gasoline,ford,No,2016-03-10 00:00:00,65375,2016-03-10 10:45:59,2016,2016,March,March,14,2
2016-04-02 18:25:23,Ford_KA_mit_Tuev_2017,privat,Offer,100,test,kleinwagen,1999,manuell,0,ka,150000,Jun,Gasoline,ford,Yes,2016-04-02 00:00:00,55131,2016-04-04 05:29:37,2016,2016,April,April,17,6
2016-03-31 17:49:41,Ford_Ka,privat,Offer,1400,control,kleinwagen,2006,manuell,69,ka,125000,Jun,Gasoline,ford,No,2016-03-31 00:00:00,59302,2016-03-31 17:49:41,2016,2016,March,March,10,6
2016-03-11 16:56:33,Ford_ka_mit_neu_TÜV!,privat,Offer,950,test,kleinwagen,2004,manuell,0,ka,150000,May,Gasoline,ford,Other,2016-03-11 00:00:00,50969,2016-03-12 06:46:38,2016,2016,March,March,12,7
2016-03-26 18:57:07,Ford_Fiesta_Futura,privat,Offer,500,test,kleinwagen,2000,manuell,60,fiesta,150000,Aug,Gasoline,ford,Yes,2016-03-26 00:00:00,97072,2016-04-06 08:17:35,2016,2016,March,March,16,4
2016-03-31 17:58:08,Ford_Ka_1.3_TDCi_Titanium,privat,Offer,4690,control,kleinwagen,2010,manuell,75,ka,100000,Jun,Diesel,ford,Yes,2016-03-31 00:00:00,46045,2016-04-06 12:16:50,2016,2016,March,March,6,6
2016-03-19 18:52:45,Ford_Fiesta_1.3_Fun_Klima,privat,Offer,3200,test,kleinwagen,2006,manuell,69,fiesta,125000,Aug,Gasoline,ford,No,2016-03-19 00:00:00,28779,2016-04-07 06:16:25,2016,2016,March,March,10,4
2016-03-19 12:49:19,Verkaufe_Ford_KA,privat,Offer,600,test,kleinwagen,1997,manuell,60,ka,150000,Mar,Gasoline,ford,No,2016-03-19 00:00:00,48653,2016-04-06 17:45:41,2016,2016,March,March,19,9
2016-03-12 01:32:37,Ford_Fiesta,privat,Offer,1450,test,kleinwagen,2002,manuell,60,fiesta,100000,Jan,Gasoline,ford,No,2016-03-12 00:00:00,35641,2016-04-06 16:16:22,2016,2016,March,March,14,11
2016-03-05 18:56:27,Ford_Fiesta_1.3,privat,Offer,1150,test,kleinwagen,2002,manuell,60,fiesta,150000,Dec,Gasoline,ford,No,2016-03-05 00:00:00,84489,2016-03-06 03:17:13,2016,2016,March,March,14,0
2016-03-19 16:47:25,Ford_Fiesta_TÜV/ASU_09/2016_Euro_2_Norm_Angemeldet_Fahrbereit!!,privat,Offer,550,test,kleinwagen,1995,manuell,50,fiesta,150000,Jun,Gasoline,ford,No,2016-03-19 00:00:00,6844,2016-03-19 16:47:25,2016,2016,March,March,21,6
2016-03-24 14:55:38,Einen_Ford_Fiesta,privat,Offer,500,test,kleinwagen,2002,manuell,54,fiesta,150000,Apr,Gasoline,ford,No,2016-03-24 00:00:00,23560,2016-04-07 07:16:54,2016,2016,March,March,14,8
2016-03-10 22:38:15,Ford_Fiesta_1.25_Titanium,privat,Offer,5450,control,kleinwagen,2010,manuell,82,fiesta,150000,Mar,Gasoline,ford,No,2016-03-10 00:00:00,26131,2016-03-19 15:47:40,2016,2016,March,March,6,9
2016-04-03 02:57:13,Ford_Fiesta_1.3,privat,Offer,2000,control,kleinwagen,2004,manuell,69,fiesta,150000,Feb,Gasoline,ford,Yes,2016-04-03 00:00:00,86153,2016-04-07 10:16:19,2016,2016,April,April,12,10
2016-03-08 23:53:30,Bastlerfahrzeug,privat,Offer,250,control,kleinwagen,1999,Unspecified,0,ka,150000,Feb,Gasoline,ford,Yes,2016-03-08 00:00:00,63739,2016-04-06 23:17:37,2016,2016,March,March,17,10
2016-03-20 17:44:27,Ford_Ka_mit_TueV,privat,Offer,499,test,kleinwagen,1999,manuell,60,ka,125000,Jun,Gasoline,ford,No,2016-03-20 00:00:00,45359,2016-04-06 23:46:56,2016,2016,March,March,17,6
2016-03-10 08:53:30,Ford_Fiesta_1_8_diesel,privat,Offer,350,test,kleinwagen,1999,manuell,58,fiesta,150000,Jan,Gasoline,ford,Yes,2016-03-10 00:00:00,12687,2016-04-02 13:17:27,2016,2016,March,March,17,11
2016-03-08 17:51:57,Ford_KA__Gelb_,privat,Offer,250,control,kleinwagen,2001,Unspecified,0,ka,150000,Jan,Gasoline,ford,Other,2016-03-08 00:00:00,34212,2016-03-09 09:17:21,2016,2016,March,March,15,11
2016-04-01 09:52:35,Ford_Fiesta_1.6_top_zustand,privat,Offer,3100,test,kleinwagen,2004,manuell,101,fiesta,90000,Apr,Gasoline,ford,No,2016-04-01 00:00:00,44369,2016-04-07 06:17:37,2016,2016,April,April,12,8
2016-03-07 11:50:16,Ford_Fiesta_1.3_Style,privat,Offer,3000,test,kleinwagen,2007,manuell,69,fiesta,150000,Dec,Gasoline,ford,No,2016-03-07 00:00:00,49401,2016-03-27 14:47:48,2016,2016,March,March,9,0
2016-03-30 21:47:13,FORD_KA_ohne_tuv,privat,Offer,800,test,kleinwagen,2001,manuell,60,ka,10000,Nov,Gasoline,ford,Other,2016-03-30 00:00:00,52249,2016-04-05 12:16:15,2016,2016,March,March,15,1
2016-03-26 18:54:17,Ford_Fiesta_Kool,privat,Offer,1300,test,kleinwagen,2000,manuell,75,fiesta,125000,Feb,Gasoline,ford,No,2016-03-26 00:00:00,31275,2016-04-06 08:17:30,2016,2016,March,March,16,10
2016-03-19 02:42:07,Ford_Fiesta_1.3_mit_2_Jahre_TÜV,privat,Offer,899,test,kleinwagen,1997,manuell,60,fiesta,150000,Apr,Gasoline,ford,No,2016-03-18 00:00:00,32425,2016-04-06 02:15:32,2016,2016,March,March,19,8
2016-03-07 17:47:47,Ford_Ka_Unfallwagen,privat,Offer,0,test,kleinwagen,2002,manuell,60,ka,80000,Jan,,ford,Yes,2016-03-07 00:00:00,57537,2016-03-17 10:45:49,2016,2016,March,March,14,11
2016-03-26 17:55:29,Ford_Fiesta,privat,Offer,850,control,kleinwagen,1996,manuell,60,fiesta,150000,Mar,Gasoline,ford,No,2016-03-26 00:00:00,72336,2016-04-06 06:46:20,2016,2016,March,March,20,9
2016-03-31 12:51:40,2003er_Ford_Fiesta,privat,Offer,2599,test,kleinwagen,2003,manuell,60,fiesta,150000,May,Gasoline,ford,No,2016-03-31 00:00:00,47057,2016-04-06 05:44:18,2016,2016,March,March,13,7
2016-03-22 00:49:16,Ford_Ka_1_3,privat,Offer,600,control,kleinwagen,1999,manuell,60,ka,125000,Aug,Gasoline,ford,No,2016-03-21 00:00:00,84552,2016-03-25 11:42:47,2016,2016,March,March,17,4
2016-03-12 13:57:23,Ford_Fiesta_1.3_Fun_X,privat,Offer,2950,control,kleinwagen,2007,manuell,60,fiesta,90000,May,Gasoline,ford,No,2016-03-12 00:00:00,41569,2016-03-19 14:45:08,2016,2016,March,March,9,7
2016-03-21 13:52:58,Ford_Fiesta_Style__Benziner__1_3_l,privat,Offer,500,test,kleinwagen,1999,manuell,60,fiesta,150000,Mar,Gasoline,ford,Yes,2016-03-21 00:00:00,41564,2016-03-21 13:52:58,2016,2016,March,March,17,9
2016-04-01 10:44:51,Ford_Ka_TÜV_neu_mit_Luxus_Lederausstattung_Alu_Felgen,privat,Offer,1499,control,kleinwagen,2001,manuell,60,ka,100000,May,Gasoline,ford,No,2016-04-01 00:00:00,25813,2016-04-07 06:46:43,2016,2016,April,April,15,7
2016-03-27 12:38:40,Verkaufe_Ford_KA__Kleinwagen_mit_Tuev,privat,Offer,500,test,kleinwagen,2000,manuell,60,ka,100000,Aug,Gasoline,ford,No,2016-03-27 00:00:00,87471,2016-03-30 17:15:47,2016,2016,March,March,16,4
2016-03-10 13:51:00,Ford_Focus,privat,Offer,950,test,kleinwagen,1999,manuell,0,focus,150000,Mar,Diesel,ford,No,2016-03-10 00:00:00,67346,2016-04-07 12:15:26,2016,2016,March,March,17,9
2016-03-20 09:57:59,Ford_Fiesta,privat,Offer,150,control,kleinwagen,1998,manuell,0,fiesta,125000,Jan,Gasoline,ford,Other,2016-03-20 00:00:00,16792,2016-03-20 10:44:28,2016,2016,March,March,18,11
2016-03-19 18:51:46,Ford_Fiesta_1.3_Fun,privat,Offer,3300,test,kleinwagen,2006,manuell,69,fiesta,70000,Aug,Gasoline,ford,No,2016-03-19 00:00:00,95686,2016-04-05 03:44:46,2016,2016,March,March,10,4
2016-03-16 12:55:22,Ford_Fiesta_mit_TÜV,privat,Offer,0,test,kleinwagen,1999,manuell,75,fiesta,150000,Jun,Gasoline,ford,No,2016-03-16 00:00:00,6917,2016-03-19 10:17:15,2016,2016,March,March,17,6
2016-03-28 15:55:17,Ford_Ka_Royal,privat,Offer,1000,control,kleinwagen,2004,manuell,60,ka,150000,May,Gasoline,ford,No,2016-03-28 00:00:00,97228,2016-03-30 07:15:36,2016,2016,March,March,12,7
2016-03-17 20:43:33,Ford_Ka_Royal,privat,Offer,1599,control,kleinwagen,2006,manuell,60,ka,125000,Jul,Gasoline,ford,No,2016-03-17 00:00:00,17139,2016-04-07 09:15:53,2016,2016,March,March,10,5
2016-03-11 14:54:33,Ford_Fiesta_1.6_viele_extras,privat,Offer,2650,control,kleinwagen,2003,manuell,101,fiesta,150000,Sep,Gasoline,ford,No,2016-03-11 00:00:00,82008,2016-04-05 11:48:37,2016,2016,March,March,13,3
2016-03-29 18:58:53,Ford_KA_Bj._2004,privat,Offer,900,control,kleinwagen,2004,Unspecified,69,ka,150000,Feb,Gasoline,ford,Other,2016-03-29 00:00:00,52080,2016-04-06 05:17:35,2016,2016,March,March,12,10
2016-03-25 14:39:12,Ford_Ka_mit_TÜV_NOTVERKAUF_!!!,privat,Offer,250,control,kleinwagen,2003,manuell,60,ka,125000,Jan,Gasoline,ford,Other,2016-03-25 00:00:00,45888,2016-03-31 21:47:42,2016,2016,March,March,13,11
2016-03-09 21:59:24,Ford_Fiesta_1.4_Ambiente,privat,Offer,3799,test,kleinwagen,2008,manuell,80,fiesta,90000,Mar,Gasoline,ford,No,2016-03-09 00:00:00,47647,2016-03-19 05:16:56,2016,2016,March,March,8,9
2016-03-23 14:50:22,Ford_Fiesta_1.3_Fun,privat,Offer,3100,test,kleinwagen,2006,manuell,69,fiesta,100000,Aug,Gasoline,ford,Yes,2016-03-23 00:00:00,41539,2016-03-26 08:15:29,2016,2016,March,March,10,4
2016-04-05 10:58:00,Ford_Fiesta,privat,Offer,220,control,kleinwagen,1997,manuell,75,fiesta,20000,Sep,Gasoline,ford,Other,2016-04-05 00:00:00,1796,2016-04-05 11:46:02,2016,2016,April,April,19,3
2016-03-07 18:54:58,Ford_Fiesta,privat,Offer,60,control,kleinwagen,1992,Unspecified,50,fiesta,30000,Jan,Gasoline,ford,Other,2016-03-07 00:00:00,63538,2016-04-07 05:45:43,2016,2016,March,March,24,11
2016-03-19 10:57:22,Zuverlaessiger_Fiesta_abzugeben!,privat,Offer,499,test,kleinwagen,1997,manuell,60,fiesta,150000,Jan,Gasoline,ford,No,2016-03-19 00:00:00,45475,2016-03-24 03:18:09,2016,2016,March,March,19,11
2016-03-12 13:59:09,Ford_Fiesta_technisch_guter_Zustand,privat,Offer,1190,control,kleinwagen,2003,manuell,60,fiesta,150000,Sep,Gasoline,ford,No,2016-03-12 00:00:00,89077,2016-03-12 13:59:09,2016,2016,March,March,13,3
2016-03-21 23:40:10,Ford_Fiesta_Style_Kool_1.3_Klimaanlage,privat,Offer,0,test,kleinwagen,1999,manuell,44,fiesta,150000,Aug,Gasoline,ford,Other,2016-03-21 00:00:00,82281,2016-03-21 23:40:10,2016,2016,March,March,17,4
2016-03-09 22:49:07,Ford_Ka,privat,Offer,850,test,kleinwagen,1996,manuell,50,ka,150000,Dec,Gasoline,ford,No,2016-03-09 00:00:00,33607,2016-04-06 04:45:06,2016,2016,March,March,20,0
2016-03-28 13:50:26,Ich_verkaufe_meinen_Ford_Ka,privat,Offer,950,test,kleinwagen,2004,manuell,65,ka,100000,Aug,Gasoline,ford,Other,2016-03-28 00:00:00,41363,2016-03-28 13:50:26,2016,2016,March,March,12,4
2016-03-20 21:56:31,Ford__Fiesta_1.3_Bj:2005,privat,Offer,1850,test,kleinwagen,2005,manuell,60,fiesta,125000,Feb,Gasoline,ford,No,2016-03-20 00:00:00,30419,2016-03-22 01:45:46,2016,2016,March,March,11,10
2016-03-22 20:56:00,Gebrauchter_Ford_ka_Bjoern_4.10.2000.gruen,privat,Offer,950,control,kleinwagen,2000,Unspecified,0,Other,150000,Oct,,ford,Other,2016-03-22 00:00:00,26125,2016-03-31 21:16:38,2016,2016,March,March,16,2
2016-03-09 14:25:26,Ford_Fiesta_1.4_TDCI_Klima.__tuv_07.2016.Vollfarber.,privat,Offer,1650,control,kleinwagen,2002,manuell,68,fiesta,150000,Jul,Diesel,ford,No,2016-03-09 00:00:00,56244,2016-03-11 08:31:02,2016,2016,March,March,14,5
2016-03-17 16:47:50,Ford_Fiesta_1.4_TDCI,privat,Offer,3950,test,kleinwagen,2004,manuell,68,fiesta,150000,Aug,,ford,No,2016-03-17 00:00:00,47051,2016-03-19 16:44:56,2016,2016,March,March,12,4
2016-03-18 01:58:22,Ford_fiesta_75_PS_8_fach_bereift,privat,Offer,500,control,kleinwagen,1998,manuell,75,fiesta,100000,Mar,Gasoline,ford,No,2016-03-18 00:00:00,42499,2016-04-05 21:47:50,2016,2016,March,March,18,9
2016-03-19 10:54:56,Ford_Fiesta_Ghia_1.3_75_Ps,privat,Offer,220,test,kleinwagen,1998,manuell,75,fiesta,150000,Oct,,ford,No,2016-03-19 00:00:00,17268,2016-03-21 15:22:06,2016,2016,March,March,18,2
2016-03-12 16:40:39,Ford_Fiesta_Style___TÜV_bis_10/2017_,privat,Offer,700,control,kleinwagen,1999,manuell,50,fiesta,150000,May,Gasoline,ford,No,2016-03-12 00:00:00,44328,2016-03-15 21:47:08,2016,2016,March,March,17,7
2016-04-04 17:55:54,Ford_fiesta_1.2_klima__5_Tuerig__Euro_4,privat,Offer,550,test,kleinwagen,2001,manuell,75,fiesta,150000,Oct,Gasoline,ford,Other,2016-04-04 00:00:00,8056,2016-04-06 19:48:37,2016,2016,April,April,15,2
2016-03-20 08:36:38,Ford_Fiesta,privat,Offer,550,test,kleinwagen,2000,manuell,60,fiesta,125000,Dec,Gasoline,ford,Yes,2016-03-20 00:00:00,78239,2016-04-06 05:45:05,2016,2016,March,March,16,0
2016-03-11 12:54:14,Ford_fiesta_1.25_tuev_neu_03/2018_mit_75_PS,privat,Offer,750,test,kleinwagen,1996,manuell,75,fiesta,150000,Jan,Gasoline,ford,No,2016-03-11 00:00:00,60439,2016-03-13 01:11:51,2016,2016,March,March,20,11
2016-03-18 13:49:14,Ford_Fiesta_ST_150,privat,Offer,4500,control,kleinwagen,2006,manuell,150,Other,150000,Sep,Gasoline,ford,No,2016-03-18 00:00:00,57339,2016-04-05 22:17:24,2016,2016,March,March,10,3
2016-03-19 13:53:38,Ford_Ka_Bj._2000_Klimaanlage,privat,Offer,350,test,kleinwagen,2000,manuell,0,ka,150000,Dec,Gasoline,ford,Other,2016-03-19 00:00:00,21423,2016-04-06 20:18:42,2016,2016,March,March,16,0
2016-03-22 22:51:16,Verkaufe_mein_Ford_Fiesta_zum_Wiederaufbau_oder_ersatz,privat,Offer,150,control,kleinwagen,1993,manuell,0,fiesta,125000,Apr,Gasoline,ford,Other,2016-03-22 00:00:00,4425,2016-03-28 18:46:23,2016,2016,March,March,23,8
2016-03-07 18:38:15,Ford_Fiesta_1.4_TDCI,privat,Offer,2350,control,kleinwagen,2006,manuell,0,fiesta,150000,Jan,Diesel,ford,No,2016-03-07 00:00:00,53332,2016-04-07 01:44:29,2016,2016,March,March,10,11
2016-03-21 17:59:08,Verkaufe_Ford_KA,privat,Offer,750,control,kleinwagen,2001,manuell,69,ka,125000,Nov,Gasoline,ford,No,2016-03-21 00:00:00,42899,2016-03-21 17:59:08,2016,2016,March,March,15,1
2016-03-18 20:44:19,Ford_Fiesta,privat,Offer,1800,test,kleinwagen,2003,manuell,75,fiesta,150000,Sep,Gasoline,ford,No,2016-03-18 00:00:00,91207,2016-03-18 20:44:19,2016,2016,March,March,13,3
2016-03-18 15:38:19,Ford_Ka_abzugeben,privat,Offer,0,control,kleinwagen,2001,manuell,60,ka,125000,Mar,Gasoline,ford,Yes,2016-03-18 00:00:00,18609,2016-03-21 07:16:39,2016,2016,March,March,15,9
2016-03-09 13:37:15,GEPFLEGTE_FORD_FIESTA_MIT_KLIMA_UND_NEUEM_TÜV,privat,Offer,1000,control,kleinwagen,1998,manuell,0,fiesta,125000,Oct,Gasoline,ford,No,2016-03-09 00:00:00,49661,2016-03-11 09:17:06,2016,2016,March,March,18,2
2016-03-09 20:39:58,Ford_Fiesta_Style_Family_8fach_bereift,privat,Offer,700,test,kleinwagen,1999,manuell,60,fiesta,125000,Sep,Gasoline,ford,No,2016-03-09 00:00:00,87437,2016-04-05 16:47:08,2016,2016,March,March,17,3
2016-03-11 20:37:51,Ford_Fusion_1_3_mit_gasanlage,privat,Offer,3000,control,kleinwagen,2005,manuell,80,fusion,150000,May,,ford,No,2016-03-11 00:00:00,44866,2016-04-06 02:46:53,2016,2016,March,March,11,7
2016-03-26 12:48:04,Top_angeboten_ein_Ford_fiesta!!!!,privat,Offer,699,control,kleinwagen,1999,manuell,75,fiesta,125000,Jan,Gasoline,ford,Other,2016-03-26 00:00:00,21684,2016-04-02 02:18:05,2016,2016,March,March,17,11
2016-03-07 17:49:07,Ford_Fiesta1.3_Fortuna_5_Tuerig,privat,Offer,600,test,kleinwagen,2001,manuell,60,fiesta,100000,Apr,Gasoline,ford,Other,2016-03-07 00:00:00,15517,2016-03-15 17:15:35,2016,2016,March,March,15,8
2016-04-05 12:36:21,Ford_Ka._Die_super_Stadt_Knutschkugel.,privat,Offer,1111,test,kleinwagen,2005,manuell,60,ka,125000,Jun,Gasoline,ford,No,2016-04-05 00:00:00,61250,2016-04-05 12:36:21,2016,2016,April,April,11,6
2016-03-08 11:57:17,Ford_Fiesta,privat,Offer,1190,control,kleinwagen,2001,manuell,50,fiesta,150000,Jan,Gasoline,ford,No,2016-03-08 00:00:00,68169,2016-03-16 01:16:26,2016,2016,March,March,15,11
2016-04-04 14:54:56,Ford_Fiesta_1.25__Sitzheizung__Frontscheibenheizung,privat,Offer,5500,test,kleinwagen,2009,manuell,82,fiesta,100000,Feb,Gasoline,ford,No,2016-04-04 00:00:00,99718,2016-04-06 16:17:42,2016,2016,April,April,7,10
2016-04-04 21:45:21,Ford_Fiesta_1.3_Ambiente,privat,Offer,2300,test,kleinwagen,2002,manuell,69,fiesta,150000,Oct,Gasoline,ford,No,2016-04-04 00:00:00,57539,2016-04-05 12:25:45,2016,2016,April,April,14,2
2016-03-27 00:56:46,Ford_Fiesta_Bj_2004_zu_verkaufen,privat,Offer,2800,test,kleinwagen,2004,manuell,0,fiesta,125000,Jun,Gasoline,ford,Other,2016-03-26 00:00:00,21129,2016-04-07 04:16:13,2016,2016,March,March,12,6
2016-04-01 13:47:26,Ford_Fiesta_1.3_Ambiente_aus_erster_Hand,privat,Offer,1750,test,kleinwagen,2003,manuell,60,fiesta,125000,Aug,Gasoline,ford,No,2016-04-01 00:00:00,58332,2016-04-01 13:47:26,2016,2016,April,April,13,4
2016-03-27 23:52:05,Ford_Focus_zu_verkaufen,privat,Offer,800,test,kleinwagen,1999,Unspecified,0,focus,150000,Feb,Gasoline,ford,Other,2016-03-27 00:00:00,24768,2016-04-06 07:45:00,2016,2016,March,March,17,10
2016-03-16 12:58:46,Ford_Fiesta_Giha_1.25_l___75_PS_Klima_ABS_AHK_Anhaengerkupplung,privat,Offer,590,test,kleinwagen,1999,manuell,75,fiesta,150000,Apr,Gasoline,ford,No,2016-03-16 00:00:00,66740,2016-03-17 10:45:08,2016,2016,March,March,17,8
2016-03-16 18:46:00,Schwarzer_Fiesta,privat,Offer,300,control,kleinwagen,1997,manuell,89,fiesta,150000,Jan,Gasoline,ford,No,2016-03-16 00:00:00,35423,2016-04-07 02:44:27,2016,2016,March,March,19,11
2016-03-25 00:41:01,Ford_Fiesta_2.0_ST_____Klimaanlage_____Sitzheizung,privat,Offer,2600,control,kleinwagen,2005,manuell,150,fiesta,150000,May,Gasoline,ford,No,2016-03-24 00:00:00,92421,2016-04-05 23:16:04,2016,2016,March,March,11,7
2016-03-22 19:58:03,Ford_Ka_Fun,privat,Offer,680,test,kleinwagen,2006,manuell,60,ka,90000,May,Gasoline,ford,No,2016-03-22 00:00:00,71157,2016-03-22 19:58:03,2016,2016,March,March,10,7
2016-03-13 22:36:25,Ford_Fiesta,privat,Offer,3590,control,kleinwagen,2006,manuell,69,fiesta,40000,Sep,Gasoline,ford,Yes,2016-03-13 00:00:00,88045,2016-03-14 07:41:38,2016,2016,March,March,10,3
2016-03-30 23:57:28,Ford_Fiesta_Blau,privat,Offer,500,control,kleinwagen,2003,manuell,60,fiesta,150000,Apr,Gasoline,ford,Yes,2016-03-30 00:00:00,33739,2016-04-03 23:16:48,2016,2016,March,March,13,8
2016-03-16 17:41:58,Ford_Fusion_1.6_Plus,privat,Offer,4950,control,kleinwagen,2006,manuell,101,fusion,30000,Sep,Gasoline,ford,No,2016-03-16 00:00:00,83308,2016-03-20 17:17:13,2016,2016,March,March,10,3
2016-04-01 17:52:14,Ford_ka_250_VB,privat,Offer,250,test,kleinwagen,1999,manuell,60,ka,90000,Nov,Gasoline,ford,No,2016-04-01 00:00:00,49610,2016-04-05 13:17:39,2016,2016,April,April,17,1
2016-03-11 18:59:05,Ford_Fiesta_Florida,privat,Offer,800,test,kleinwagen,2001,manuell,60,fiesta,150000,May,Gasoline,ford,No,2016-03-11 00:00:00,53474,2016-03-13 00:45:06,2016,2016,March,March,15,7
2016-03-20 19:39:32,Ford_Ka_1.2,privat,Offer,5150,test,kleinwagen,2010,manuell,69,ka,60000,Jan,Gasoline,ford,No,2016-03-20 00:00:00,71638,2016-04-07 03:17:57,2016,2016,March,March,6,11
2016-03-16 23:47:22,Ford_Fiesta_1.6_TDCI_Sport,privat,Offer,3500,test,kleinwagen,2005,manuell,90,fiesta,150000,Sep,Diesel,ford,No,2016-03-16 00:00:00,47475,2016-04-05 14:17:28,2016,2016,March,March,11,3
2016-03-16 12:49:32,Ford_Fiesta_2.0_ST,privat,Offer,4299,test,kleinwagen,2005,manuell,150,fiesta,150000,Oct,Gasoline,ford,No,2016-03-16 00:00:00,51688,2016-03-31 15:17:31,2016,2016,March,March,11,2
2016-03-16 06:37:12,Ford_Fiesta_1.4_16V,privat,Offer,5350,control,kleinwagen,2007,manuell,80,fiesta,90000,May,Gasoline,ford,No,2016-03-16 00:00:00,27574,2016-04-06 00:45:59,2016,2016,March,March,9,7
2016-03-28 21:57:20,Ford_Focus_Bj_2003__90_PS__Diesel___AHK__171500_km__Ghia,privat,Offer,1200,control,kleinwagen,2003,manuell,90,focus,150000,Sep,Diesel,ford,Yes,2016-03-28 00:00:00,15806,2016-04-07 04:45:33,2016,2016,March,March,13,3
2016-03-15 13:47:26,Ford_Fiesta_1.25_Trend,privat,Offer,5425,control,kleinwagen,2009,manuell,60,fiesta,70000,Jun,Gasoline,ford,No,2016-03-15 00:00:00,44229,2016-04-06 02:45:35,2016,2016,March,March,7,6
2016-03-21 16:52:00,Ford_Fiesta_GFJ_Mk3_Export_Projekt,privat,Offer,150,control,kleinwagen,1995,manuell,60,fiesta,150000,Jan,Gasoline,ford,Other,2016-03-21 00:00:00,59269,2016-03-25 14:16:32,2016,2016,March,March,21,11
2016-03-10 12:55:09,Ford_Fiester,privat,Offer,150,test,kleinwagen,1990,Unspecified,0,Other,150000,Jan,Gasoline,ford,No,2016-03-10 00:00:00,44579,2016-03-12 02:44:36,2016,2016,March,March,26,11
2016-04-04 11:54:06,Ford_Fiesta_1.4_TDCI,privat,Offer,3400,control,kleinwagen,2003,manuell,68,fiesta,70000,Nov,Diesel,ford,No,2016-04-04 00:00:00,56291,2016-04-05 11:34:09,2016,2016,April,April,13,1
2016-03-31 19:38:58,Verkaufe_Ford_Fiesta,privat,Offer,149,control,kleinwagen,1998,manuell,0,fiesta,150000,Jun,Gasoline,ford,Other,2016-03-31 00:00:00,4539,2016-04-06 13:45:23,2016,2016,March,March,18,6
2016-03-16 15:38:35,Ford_Fiesta_mit_rest_TÜV,privat,Offer,150,test,kleinwagen,1993,manuell,45,fiesta,150000,Nov,Gasoline,ford,Yes,2016-03-16 00:00:00,38820,2016-04-02 17:17:47,2016,2016,March,March,23,1
2016-03-21 15:53:44,Ford_Focus_1_6_l_zu_verkaufen,privat,Offer,2100,control,kleinwagen,2004,manuell,101,focus,150000,Mar,Gasoline,ford,Yes,2016-03-21 00:00:00,4827,2016-04-06 14:44:39,2016,2016,March,March,12,9
2016-03-26 16:52:16,Roter_Ford_Fiesta_sehr_geeignet_fuer_Anfaenger,privat,Offer,800,control,kleinwagen,2000,manuell,0,fiesta,150000,Oct,Gasoline,ford,Other,2016-03-26 00:00:00,12353,2016-04-06 05:17:16,2016,2016,March,March,16,2
2016-03-20 08:53:25,Bastlerauto,privat,Offer,500,test,kleinwagen,2000,manuell,0,fiesta,150000,Jan,Gasoline,ford,Yes,2016-03-20 00:00:00,63579,2016-04-06 05:17:01,2016,2016,March,March,16,11
2016-03-08 16:39:01,Ford_Fiesta_bj98,privat,Offer,300,test,kleinwagen,1998,manuell,75,fiesta,150000,Sep,Gasoline,ford,Yes,2016-03-08 00:00:00,96215,2016-03-14 06:18:03,2016,2016,March,March,18,3
2016-03-23 20:36:36,Ford_Fiesta_1.3_Klima_Kleinwagen_Auto,privat,Offer,3400,test,kleinwagen,2006,manuell,60,fiesta,90000,Jun,Gasoline,ford,No,2016-03-23 00:00:00,49477,2016-04-06 01:45:16,2016,2016,March,March,10,6
2016-03-05 17:42:49,Ford_Fiesta,privat,Offer,350,test,kleinwagen,2001,manuell,0,fiesta,150000,Jan,Gasoline,ford,Other,2016-03-05 00:00:00,17252,2016-03-15 01:44:53,2016,2016,March,March,15,11
2016-03-24 12:48:32,Ford_Fiesta_1.4,privat,Offer,2900,test,kleinwagen,2003,manuell,80,fiesta,90000,May,Gasoline,ford,No,2016-03-24 00:00:00,49191,2016-04-07 03:46:38,2016,2016,March,March,13,7
2016-03-15 09:54:36,Ford_Fiesta_TÜV_neu__no_VW_Polo_Lupo_Opel_Corsa_Ka_Gfj_mk3,privat,Offer,749,control,kleinwagen,1995,manuell,50,fiesta,100000,Jan,Gasoline,ford,No,2016-03-15 00:00:00,4910,2016-03-29 12:44:07,2016,2016,March,March,21,11
2016-03-26 07:58:07,"Ford_Fiesta_1.4_Durashift_EST_Fun_""LPG_GAS""_""TÜV_NEU""",privat,Offer,2000,test,kleinwagen,2006,automatik,80,fiesta,150000,Feb,Gasoline,ford,No,2016-03-26 00:00:00,21684,2016-03-27 21:18:54,2016,2016,March,March,10,10
2016-03-10 13:47:16,Ford_Fiesta,privat,Offer,1090,test,kleinwagen,2000,manuell,60,fiesta,150000,Dec,Gasoline,ford,No,2016-03-10 00:00:00,12359,2016-03-19 21:16:02,2016,2016,March,March,16,0
2016-03-26 16:38:22,Ford_Ka_in_guten_Zustand_mit_Tuev_06/2017.euro4,privat,Offer,850,control,kleinwagen,2000,manuell,60,ka,150000,Aug,Gasoline,ford,No,2016-03-26 00:00:00,49377,2016-04-02 07:15:23,2016,2016,March,March,16,4
2016-03-25 12:43:41,Ford_Fiesta_Classic_Diesel_2.Hand_mit_TÜV,privat,Offer,390,test,kleinwagen,1997,manuell,60,fiesta,150000,Jun,Diesel,ford,No,2016-03-25 00:00:00,66440,2016-04-06 09:45:42,2016,2016,March,March,19,6
2016-03-29 19:54:36,Ford_Fiesta,privat,Offer,0,control,kleinwagen,1996,manuell,50,fiesta,125000,Jul,Gasoline,ford,Other,2016-03-29 00:00:00,39624,2016-04-06 06:15:52,2016,2016,March,March,20,5
2016-03-19 11:49:09,Ford_Fiesta_1.3l_JBS_Bastler_Schlachter,privat,Offer,0,test,kleinwagen,1999,manuell,60,fiesta,150000,Jan,Gasoline,ford,Other,2016-03-19 00:00:00,60320,2016-03-24 10:47:12,2016,2016,March,March,17,11
2016-03-31 15:38:15,Ford_Fiesta_1.6,privat,Offer,2100,control,kleinwagen,2002,manuell,101,fiesta,150000,May,Gasoline,ford,No,2016-03-31 00:00:00,22307,2016-04-02 10:45:15,2016,2016,March,March,14,7
2016-03-25 21:48:27,Ford_Ka_/_Modell_2003,privat,Offer,1600,test,kleinwagen,2002,manuell,60,ka,70000,Nov,Gasoline,ford,No,2016-03-25 00:00:00,63667,2016-04-07 05:45:06,2016,2016,March,March,14,1
2016-03-27 15:46:59,Ford_Ka_Mit_TÜV_bis_zum_10.2017_zum_Spottpreis,privat,Offer,750,control,kleinwagen,1997,manuell,59,ka,90000,Nov,Gasoline,ford,No,2016-03-27 00:00:00,48159,2016-03-29 04:47:21,2016,2016,March,March,19,1
2016-03-22 21:46:22,Ford_Fiesta_1.25_Ambiente,privat,Offer,2750,control,kleinwagen,2009,manuell,82,fiesta,100000,Mar,Gasoline,ford,No,2016-03-22 00:00:00,6188,2016-04-06 16:17:12,2016,2016,March,March,7,9
2016-04-07 09:36:38,Ford_Fiesta_an_Bastler_zu_verkaufen,privat,Offer,100,control,kleinwagen,1997,manuell,45,fiesta,80000,Jan,Gasoline,ford,Yes,2016-04-07 00:00:00,24963,2016-04-07 09:36:38,2016,2016,April,April,19,11
2016-03-09 15:53:47,Ford_ka_zu_verkaufen,privat,Offer,500,control,kleinwagen,2006,manuell,60,ka,5000,Mar,,ford,Yes,2016-03-09 00:00:00,24641,2016-04-07 03:46:50,2016,2016,March,March,10,9
2016-04-03 22:49:42,Ford_Fiesta_/_silber_/_3_Tuerer,privat,Offer,699,control,kleinwagen,2000,manuell,0,fiesta,150000,Jan,Gasoline,ford,Other,2016-04-03 00:00:00,45475,2016-04-06 00:45:13,2016,2016,April,April,16,11
2016-03-07 08:56:02,Ford_Fiesta_1.3_Ambiente,privat,Offer,980,control,kleinwagen,2004,manuell,60,fiesta,150000,Nov,Gasoline,ford,No,2016-03-07 00:00:00,74930,2016-03-27 15:45:40,2016,2016,March,March,12,1
2016-03-12 16:52:46,Gelegenheit,privat,Offer,1700,control,kleinwagen,2005,Unspecified,0,ka,125000,Jan,Gasoline,ford,No,2016-03-12 00:00:00,72622,2016-03-29 00:45:01,2016,2016,March,March,11,11
2016-03-07 17:56:23,Ford_Ka_Gruene_Umweltplakette_MP3_Player_Gepflegt,privat,Offer,599,test,kleinwagen,1999,manuell,60,ka,150000,Nov,Gasoline,ford,No,2016-03-07 00:00:00,44894,2016-03-08 09:47:09,2016,2016,March,March,17,1
2016-03-30 15:55:27,Verkaufe_Ford_Ka_als_Bastlerfahrzeug,privat,Offer,150,test,kleinwagen,1998,manuell,65,Other,150000,Jun,,ford,No,2016-03-30 00:00:00,30916,2016-04-07 07:15:59,2016,2016,March,March,18,6
2016-03-28 17:51:52,Ford_Fusion_1_4_l_80_PS__TOTALSCHADEN!!_,privat,Offer,600,test,kleinwagen,2005,manuell,80,fusion,150000,Jul,Gasoline,ford,Yes,2016-03-28 00:00:00,45888,2016-03-30 09:18:08,2016,2016,March,March,11,5
2016-03-22 21:51:16,Gut_Erhaltenes_Treues_Ford_Fiesta_++_1_1/2_Jahre_TÜV_++_GRÜN,privat,Offer,525,control,kleinwagen,1998,manuell,60,fiesta,150000,Feb,Gasoline,ford,Yes,2016-03-22 00:00:00,59229,2016-04-06 17:16:10,2016,2016,March,March,18,10
2016-03-07 08:37:02,Ford_Fiesta_1.3_Ghia_Euro4_mit_TueV,privat,Offer,899,control,kleinwagen,2002,manuell,69,fiesta,90000,Dec,Gasoline,ford,No,2016-03-07 00:00:00,93053,2016-03-11 19:47:20,2016,2016,March,March,14,0
2016-04-01 20:47:57,Ford_Fiesta_4_Tuerer,privat,Offer,850,test,kleinwagen,2002,manuell,60,fiesta,150000,Feb,Gasoline,ford,No,2016-04-01 00:00:00,51107,2016-04-05 18:18:20,2016,2016,April,April,14,10
2016-03-28 14:51:28,Ford_Puma_Futura,privat,Offer,1250,test,kleinwagen,2000,manuell,66,Other,150000,Jun,Gasoline,ford,No,2016-03-28 00:00:00,22145,2016-04-04 17:18:13,2016,2016,March,March,16,6
2016-03-28 22:54:50,Ford_KA_1_3_Cool_mit_wenig_km_und_Klima_Garagwg_sehr_gepfl._Fzg,privat,Offer,2600,control,kleinwagen,2006,manuell,60,ka,50000,Mar,Gasoline,ford,No,2016-03-28 00:00:00,12207,2016-04-03 13:47:37,2016,2016,March,March,10,9
2016-03-12 21:56:57,Ford_Fiesta_1.4_TDCI,privat,Offer,899,test,kleinwagen,2002,manuell,68,fiesta,150000,Mar,Diesel,ford,Yes,2016-03-12 00:00:00,52070,2016-03-12 22:46:11,2016,2016,March,March,14,9
2016-04-02 13:44:50,Ford_Fiesta_Ghia,privat,Offer,700,test,kleinwagen,1996,manuell,75,fiesta,150000,Jul,Gasoline,ford,No,2016-04-02 00:00:00,50374,2016-04-06 11:45:33,2016,2016,April,April,20,5
2016-03-17 13:36:20,Ford_Fiesta,privat,Offer,1200,control,kleinwagen,2001,manuell,75,fiesta,150000,Nov,Gasoline,ford,No,2016-03-17 00:00:00,22844,2016-03-17 14:45:56,2016,2016,March,March,15,1
2016-03-24 18:39:36,Verkaufe_Ka!!!!!,privat,Offer,800,test,kleinwagen,2001,manuell,60,ka,150000,Mar,Gasoline,ford,Other,2016-03-24 00:00:00,66629,2016-04-03 11:16:49,2016,2016,March,March,15,9
2016-03-22 18:44:05,Ford_Ka_Bj_96_fuer_Bastler,privat,Offer,300,control,kleinwagen,1996,manuell,60,ka,5000,Jan,Gasoline,ford,Yes,2016-03-22 00:00:00,45356,2016-04-06 10:16:23,2016,2016,March,March,20,11
2016-03-09 13:46:04,Ford_Fiesta_Klima_kein_TÜV_16V_Zetec_S_Motor,privat,Offer,99,control,kleinwagen,2000,Unspecified,75,fiesta,150000,May,Gasoline,ford,Other,2016-03-09 00:00:00,94344,2016-03-29 17:47:52,2016,2016,March,March,16,7
2016-03-31 18:55:27,Ford_Fiesta_1.3_Ambiente,privat,Offer,1975,control,kleinwagen,2005,manuell,60,fiesta,150000,Sep,Gasoline,ford,No,2016-03-31 00:00:00,58135,2016-04-06 13:15:36,2016,2016,March,March,11,3
2016-03-31 23:32:30,Ford_fiesta,privat,Offer,350,test,kleinwagen,2000,manuell,0,fiesta,150000,Jun,Gasoline,ford,No,2016-03-31 00:00:00,65936,2016-04-06 16:45:50,2016,2016,March,March,16,6
2016-03-21 22:38:35,FORD_FIESTA_1_4l_60PS_2004_1.HAND__TÜV_NEU__KLIMA___FOTOS_FOLGEN.,privat,Offer,1990,control,kleinwagen,2004,manuell,60,fiesta,150000,Oct,Gasoline,ford,No,2016-03-21 00:00:00,34123,2016-04-07 02:46:30,2016,2016,March,March,12,2
2016-03-09 13:36:44,Sehr_klein_und_praktisch_fuer_die_Stadt,privat,Offer,600,control,kleinwagen,2001,manuell,60,ka,125000,Jan,Gasoline,ford,Yes,2016-03-09 00:00:00,52525,2016-03-13 01:44:10,2016,2016,March,March,15,11
2016-03-13 12:25:21,Ford_Focus_Ambiente,privat,Offer,1400,control,kleinwagen,2000,manuell,101,focus,150000,May,Gasoline,ford,No,2016-03-13 00:00:00,35444,2016-04-06 01:16:54,2016,2016,March,March,16,7
2016-04-04 19:39:53,Ford_Ka!!!_in_Rot,privat,Offer,699,test,kleinwagen,2001,manuell,60,ka,150000,Mar,Gasoline,ford,No,2016-04-04 00:00:00,66629,2016-04-06 21:45:30,2016,2016,April,April,15,9
2016-04-02 16:59:26,Ford_fiesta_gfj_1_1_Tuev_neu,privat,Offer,750,control,kleinwagen,1996,manuell,50,fiesta,125000,Feb,Gasoline,ford,No,2016-04-02 00:00:00,28779,2016-04-02 16:59:26,2016,2016,April,April,20,10
2016-03-27 15:46:35,Ford_Fiesta_1.4_TDCI_Ambiente,privat,Offer,2400,control,kleinwagen,2003,manuell,68,fiesta,150000,Dec,Diesel,ford,No,2016-03-27 00:00:00,72461,2016-04-07 13:15:56,2016,2016,March,March,13,0
2016-03-31 17:55:30,Ford_fiesta_mit_frischen_TÜV___03/2016_,privat,Offer,770,control,kleinwagen,1996,manuell,70,Other,80000,Jan,Gasoline,ford,Yes,2016-03-31 00:00:00,12619,2016-04-02 13:18:49,2016,2016,March,March,20,11
2016-03-12 19:42:36,Ford_Fiesta_1.4_TDCI_Trend,privat,Offer,2400,test,kleinwagen,2004,manuell,68,fiesta,150000,Aug,Diesel,ford,No,2016-03-12 00:00:00,49808,2016-03-16 01:44:41,2016,2016,March,March,12,4
2016-03-29 20:44:51,Ford_Ka,privat,Offer,900,test,kleinwagen,1998,manuell,90,ka,90000,May,Gasoline,ford,No,2016-03-29 00:00:00,50129,2016-03-31 14:16:43,2016,2016,March,March,18,7
2016-03-17 01:49:54,Ford_Fiesta_Euro_4/Klima/ABS/Servo/5_Tuerer/_Neu_Tuev,privat,Offer,950,test,kleinwagen,2001,manuell,60,fiesta,150000,Mar,Gasoline,ford,No,2016-03-15 00:00:00,24340,2016-03-29 04:17:42,2016,2016,March,March,15,9
2016-03-14 19:50:48,Ford_Fiesta,privat,Offer,350,control,kleinwagen,1998,manuell,60,fiesta,125000,Nov,Gasoline,ford,Other,2016-03-14 00:00:00,42899,2016-03-31 13:17:40,2016,2016,March,March,18,1
2016-03-06 18:49:01,Ford_Ka_1.3_Trend__TÜV_Brems_neu,privat,Offer,4100,control,kleinwagen,2009,manuell,69,ka,80000,Jun,Gasoline,ford,No,2016-03-06 00:00:00,85540,2016-04-06 22:18:07,2016,2016,March,March,7,6
2016-03-08 20:57:55,Ford_Ka_zu_verkaufen_an_Bastler,privat,Offer,300,control,kleinwagen,1999,manuell,60,Other,150000,Apr,Gasoline,ford,Other,2016-03-08 00:00:00,25920,2016-03-09 13:18:16,2016,2016,March,March,17,8
2016-03-11 19:40:56,Ford_Fiesta,privat,Offer,250,test,kleinwagen,1992,manuell,0,fiesta,100000,Jan,,ford,Other,2016-03-11 00:00:00,17309,2016-03-29 14:46:11,2016,2016,March,March,24,11
2016-03-15 22:52:20,Ford_Fiesta,privat,Offer,990,control,kleinwagen,1996,manuell,60,fiesta,90000,Jun,Gasoline,ford,No,2016-03-15 00:00:00,67245,2016-04-05 09:16:05,2016,2016,March,March,20,6
2016-03-30 11:57:06,Ford_Ka__wenig_Km_mit__Tuev__ABS__Servo_!!!,privat,Offer,0,test,kleinwagen,2001,manuell,0,ka,70000,Nov,Gasoline,ford,No,2016-03-30 00:00:00,97334,2016-04-07 03:15:49,2016,2016,March,March,15,1
2016-03-20 12:59:33,Ford_Fiesta_3_Tueren_KLIMA___TÜV_11/16,privat,Offer,1000,test,kleinwagen,1999,manuell,60,fiesta,150000,Nov,Gasoline,ford,No,2016-03-20 00:00:00,30419,2016-03-21 15:21:34,2016,2016,March,March,17,1
2016-03-24 07:37:06,Ford_Fiesta_1.1ltr_TÜV+AU_NEU*,privat,Offer,725,control,kleinwagen,1996,manuell,50,fiesta,150000,Apr,Gasoline,ford,No,2016-03-24 00:00:00,68647,2016-03-27 05:17:26,2016,2016,March,March,20,8
2016-03-22 19:30:30,Ford_Fiesta,privat,Offer,599,test,kleinwagen,1997,manuell,75,fiesta,150000,May,Gasoline,ford,No,2016-03-22 00:00:00,65191,2016-03-27 14:16:31,2016,2016,March,March,19,7
2016-04-03 18:41:47,Ford_Ka_Viele_Neuteile_1.3Liter_mit_Navi,privat,Offer,1250,control,kleinwagen,1998,manuell,0,ka,90000,Jan,,ford,No,2016-04-03 00:00:00,10365,2016-04-03 18:41:47,2016,2016,April,April,18,11
2016-03-12 09:54:31,Ford_Focus_2.0_16V,privat,Offer,1000,control,kleinwagen,2001,manuell,131,focus,150000,Mar,Gasoline,ford,No,2016-03-12 00:00:00,8412,2016-04-06 01:45:50,2016,2016,March,March,15,9
2016-03-17 15:54:58,Ford_Fiesta_1.4_mit_TÜV__12._2016_Klimaanlage,privat,Offer,1700,test,kleinwagen,2003,manuell,80,fiesta,150000,Feb,Gasoline,ford,No,2016-03-17 00:00:00,44339,2016-03-19 15:45:33,2016,2016,March,March,13,10
2016-03-30 17:54:22,FORD_KA_1_2_Liter_TITANIUM_Klima,privat,Offer,3650,control,kleinwagen,2009,Unspecified,0,ka,125000,Sep,,ford,Other,2016-03-30 00:00:00,50769,2016-04-01 12:18:32,2016,2016,March,March,7,3
2016-03-21 18:49:25,Ford_Fiesta_1.3_Ambiente,privat,Offer,2900,test,kleinwagen,2007,manuell,60,fiesta,80000,Dec,Gasoline,ford,No,2016-03-21 00:00:00,30823,2016-03-23 00:15:31,2016,2016,March,March,9,0
2016-03-26 16:54:30,Ford_Fiesta_1.4_Viva__Zaehnr.__Wasserp__Kupplung_neu_,privat,Offer,4990,control,kleinwagen,2004,manuell,80,fiesta,125000,May,Gasoline,ford,No,2016-03-26 00:00:00,41366,2016-03-26 16:54:30,2016,2016,March,March,12,7
2016-03-14 17:47:37,Ford_Fiesta_TÜV_Oktober_2016,privat,Offer,230,test,kleinwagen,2001,manuell,50,fiesta,150000,Jan,Gasoline,ford,No,2016-03-14 00:00:00,66578,2016-03-14 17:47:37,2016,2016,March,March,15,11
2016-04-03 20:55:11,Ford_Fiesta_1.3_Ambiente,privat,Offer,2300,test,kleinwagen,2006,manuell,69,fiesta,150000,Jun,Gasoline,ford,No,2016-04-03 00:00:00,51375,2016-04-05 21:47:17,2016,2016,April,April,10,6
2016-03-06 02:36:18,Ford_Ka_Bj.2004__124.400_km_gelaufen!,privat,Offer,350,control,kleinwagen,2004,manuell,60,ka,125000,Apr,Gasoline,ford,Other,2016-03-06 00:00:00,57413,2016-03-07 13:17:31,2016,2016,March,March,12,8
2016-03-22 20:44:45,Ford_KA_60PS_Bj_2002_Silber,privat,Offer,900,control,kleinwagen,2002,manuell,60,ka,150000,Jun,Gasoline,ford,No,2016-03-22 00:00:00,47138,2016-04-06 14:17:48,2016,2016,March,March,14,6
2016-03-26 17:55:07,Ford_Fiesta_Diesel,privat,Offer,2290,control,kleinwagen,2005,manuell,75,fiesta,125000,Jan,Diesel,ford,Other,2016-03-26 00:00:00,21614,2016-03-29 20:45:35,2016,2016,March,March,11,11
2016-04-02 01:54:40,Ford_Fiesta_1.3_Viva_X,privat,Offer,2350,test,kleinwagen,2005,manuell,60,fiesta,150000,Apr,Gasoline,ford,No,2016-04-01 00:00:00,26655,2016-04-06 06:15:41,2016,2016,April,April,11,8
2016-03-10 22:38:38,Ford_Fiesta_1.25_Trend,privat,Offer,5000,control,kleinwagen,2009,manuell,82,fiesta,125000,Mar,Gasoline,ford,No,2016-03-10 00:00:00,36323,2016-03-12 15:47:52,2016,2016,March,March,7,9
2016-03-13 01:54:22,Ford_fiesta_sport_an_Bastler,privat,Offer,150,control,kleinwagen,2000,manuell,103,Other,150000,Jan,Gasoline,ford,Yes,2016-03-12 00:00:00,25524,2016-03-24 04:20:35,2016,2016,March,March,16,11
2016-03-15 09:49:42,Ford_Fiesta_1.3,privat,Offer,2199,control,kleinwagen,2005,manuell,69,fiesta,150000,Aug,Gasoline,ford,No,2016-03-15 00:00:00,19412,2016-04-05 18:44:34,2016,2016,March,March,11,4
2016-03-30 20:38:57,Ford_Fiesta_Original_126000_Km_gelaufen_mit_TÜV_bis_10/2017_gepfl,privat,Offer,999,control,kleinwagen,2000,manuell,50,fiesta,150000,Nov,Gasoline,ford,No,2016-03-30 00:00:00,42551,2016-04-03 11:44:56,2016,2016,March,March,16,1
2016-03-24 14:39:35,An_Bastler_oder_Export_Rest_TÜV__tausch_,privat,Offer,130,test,kleinwagen,1997,manuell,0,ka,150000,May,Gasoline,ford,Other,2016-03-24 00:00:00,27570,2016-03-27 11:15:26,2016,2016,March,March,19,7
2016-03-16 20:41:21,Ford_Fiesta,privat,Offer,1390,control,kleinwagen,2000,manuell,60,fiesta,150000,Jul,Gasoline,ford,No,2016-03-16 00:00:00,48465,2016-03-20 21:45:25,2016,2016,March,March,16,5
2016-03-23 21:40:31,Ford_Fiesta,privat,Offer,299,test,kleinwagen,1997,manuell,75,fiesta,150000,Aug,Gasoline,ford,No,2016-03-23 00:00:00,45891,2016-03-31 10:16:45,2016,2016,March,March,19,4
2016-03-26 22:36:58,Ford_Fiesta,privat,Offer,3599,test,kleinwagen,2007,manuell,75,fiesta,125000,May,Gasoline,ford,No,2016-03-26 00:00:00,27478,2016-04-07 01:45:36,2016,2016,March,March,9,7
2016-03-27 16:58:41,Ford_Escort_1_8_L__90_PS__16V___Giha_,privat,Offer,350,test,kleinwagen,1998,manuell,90,escort,150000,Feb,Gasoline,ford,Yes,2016-03-27 00:00:00,14806,2016-04-05 13:17:43,2016,2016,March,March,18,10
2016-04-04 15:37:55,Ford_Fiesta_Style,privat,Offer,1000,test,kleinwagen,1998,manuell,60,fiesta,150000,Jun,Gasoline,ford,No,2016-04-04 00:00:00,41464,2016-04-06 16:47:17,2016,2016,April,April,18,6
2016-03-30 09:39:18,Ford_Fiesta_mit_tuev_09_2016,privat,Offer,250,control,kleinwagen,1991,manuell,0,fiesta,150000,Jan,Gasoline,ford,No,2016-03-30 00:00:00,25853,2016-04-06 23:46:17,2016,2016,March,March,25,11
2016-03-19 15:57:46,Ford_Fiesta_an_Bastler,privat,Offer,100,control,kleinwagen,1995,manuell,45,fiesta,150000,Jan,Gasoline,ford,Yes,2016-03-19 00:00:00,49324,2016-03-30 10:44:27,2016,2016,March,March,21,11
2016-03-05 14:09:38,Ford_Fiesta_1.3,privat,Offer,2450,test,kleinwagen,2007,manuell,60,fiesta,125000,Sep,Gasoline,ford,No,2016-03-03 00:00:00,65931,2016-03-12 16:16:08,2016,2016,March,March,9,3
2016-04-04 10:54:28,Ford_Fiesta,privat,Offer,890,control,kleinwagen,2002,manuell,0,fiesta,150000,Jan,,ford,Other,2016-04-04 00:00:00,48268,2016-04-04 11:43:39,2016,2016,April,April,14,11
2016-03-23 20:48:54,FORD__Fiesta_Futura_Frondscheibenheizung,privat,Offer,2990,test,kleinwagen,2006,manuell,70,Other,80000,Jan,Gasoline,ford,Yes,2016-03-23 00:00:00,59192,2016-04-06 02:16:39,2016,2016,March,March,10,11
2016-04-03 16:55:29,Ford_Fiesta,privat,Offer,3000,control,kleinwagen,2006,manuell,80,fiesta,125000,Jun,Gasoline,ford,Other,2016-04-03 00:00:00,26160,2016-04-03 16:55:29,2016,2016,April,April,10,6
2016-03-19 17:53:10,Ford_Fiesta_**TÜV_NEU__140tkm__Tip_Top**,privat,Offer,990,control,kleinwagen,2000,manuell,0,fiesta,150000,Aug,Gasoline,ford,No,2016-03-19 00:00:00,45329,2016-04-07 04:45:10,2016,2016,March,March,16,4
2016-03-10 13:25:43,Ford_Fiesta_1_4_mit_neue_Tuev_bis_3/18,privat,Offer,1250,test,kleinwagen,2003,manuell,80,fiesta,150000,Jan,Gasoline,ford,Other,2016-03-10 00:00:00,35510,2016-03-15 03:17:41,2016,2016,March,March,13,11
2016-03-29 11:49:25,Ford_Ka,privat,Offer,2150,test,kleinwagen,2008,manuell,60,ka,70000,Jun,Gasoline,ford,No,2016-03-29 00:00:00,51069,2016-04-01 23:15:30,2016,2016,March,March,8,6
2016-04-03 00:50:34,Ford_Fiesta_1.3_Ambiente_Tuev_Neu,privat,Offer,3590,control,kleinwagen,2008,manuell,60,fiesta,70000,Apr,Gasoline,ford,No,2016-04-02 00:00:00,89079,2016-04-07 08:16:03,2016,2016,April,April,8,8
2016-03-22 21:49:34,Ford_Ka_Bj_2001__Sonnendach__TÜV_bis_10/2016__kleinere_Maengel,privat,Offer,400,control,kleinwagen,2001,manuell,60,ka,150000,Jan,Gasoline,ford,Yes,2016-03-22 00:00:00,55596,2016-04-06 17:15:31,2016,2016,March,March,15,11
2016-03-21 08:58:40,Ford_Fiesta_1.3_Ambiente_100_Prozent_ehrliches_Auto,privat,Offer,2500,control,kleinwagen,2002,manuell,60,fiesta,125000,Nov,Gasoline,ford,No,2016-03-21 00:00:00,23843,2016-03-31 09:47:13,2016,2016,March,March,14,1
2016-03-19 13:46:33,Ford_Ka_top!!_Neuer_tuev,privat,Offer,950,test,kleinwagen,2003,manuell,69,ka,150000,Jan,,ford,Other,2016-03-19 00:00:00,74613,2016-03-19 13:46:33,2016,2016,March,March,13,11
2016-03-10 19:42:48,Ford_Ka_Collection_in_Schwarz,privat,Offer,849,control,kleinwagen,1999,manuell,60,ka,125000,Jan,Gasoline,ford,No,2016-03-10 00:00:00,33014,2016-04-06 02:17:41,2016,2016,March,March,17,11
2016-03-19 15:48:39,**Ford_Fiesta_1.3_Ambiente**,privat,Offer,2500,control,kleinwagen,2003,manuell,60,fiesta,80000,Jun,Gasoline,ford,No,2016-03-19 00:00:00,86637,2016-04-02 23:18:36,2016,2016,March,March,13,6
2016-03-14 23:56:29,Ford_Fiesta_79.tkm,privat,Offer,299,control,kleinwagen,1998,manuell,0,fiesta,80000,Apr,Gasoline,ford,Other,2016-03-14 00:00:00,89073,2016-04-07 13:16:47,2016,2016,March,March,18,8
2016-03-27 22:48:16,Nur_mit_kaseten_radio,privat,Offer,1400,test,kleinwagen,1998,manuell,115,escort,70000,Jan,Gasoline,ford,Other,2016-03-27 00:00:00,73434,2016-04-05 22:46:52,2016,2016,March,March,18,11
2016-03-12 22:40:49,Ehrliches_Auto_ohne_versteckte_Maengel,privat,Offer,5290,control,kleinwagen,2009,manuell,82,fiesta,100000,Aug,Gasoline,ford,No,2016-03-12 00:00:00,46562,2016-03-29 10:15:47,2016,2016,March,March,7,4
2016-03-08 08:37:15,Fiesta_mit_Servolenkung._4_tueren._sehr_zuverlaessig._tuev_11_2016,privat,Offer,400,test,kleinwagen,1999,manuell,50,fiesta,150000,Jan,Gasoline,ford,Other,2016-03-08 00:00:00,58256,2016-03-09 07:15:52,2016,2016,March,March,17,11
2016-03-22 12:55:37,Ford_fiesta_bj1996,privat,Offer,600,control,kleinwagen,1996,manuell,55,fiesta,5000,May,,ford,No,2016-03-22 00:00:00,52499,2016-03-23 20:47:59,2016,2016,March,March,20,7
2016-03-26 15:55:06,Oster_Spezial_Ford_Fiesta,privat,Offer,1400,test,kleinwagen,2003,Unspecified,0,fiesta,150000,Dec,,ford,No,2016-03-26 00:00:00,15232,2016-04-04 03:16:07,2016,2016,March,March,13,0
2016-03-24 13:57:08,Ford_Focus_1.4i_ohne_TÜV/AU_Bastlerauto,privat,Offer,300,control,kleinwagen,1999,manuell,70,focus,150000,Feb,Gasoline,ford,Other,2016-03-24 00:00:00,72116,2016-03-28 23:17:24,2016,2016,March,March,17,10
2016-03-08 12:52:09,Ford_Fiesta_1.4_Trend_*TÜV_05/17*_*Klima*_*Sommer/Winterreifen*,privat,Offer,2190,test,kleinwagen,2002,manuell,80,fiesta,125000,Aug,Gasoline,ford,No,2016-03-08 00:00:00,30519,2016-03-09 03:16:04,2016,2016,March,March,14,4
2016-03-07 22:37:00,Ford_Ka,privat,Offer,700,test,kleinwagen,2003,manuell,60,ka,80000,Nov,Gasoline,ford,No,2016-03-07 00:00:00,72131,2016-03-10 18:16:58,2016,2016,March,March,13,1
2016-03-10 16:48:29,Ford_Fiesta_2.0_ST,privat,Offer,3500,control,kleinwagen,2005,manuell,150,fiesta,125000,Jun,Gasoline,ford,Yes,2016-03-10 00:00:00,51427,2016-03-31 00:45:19,2016,2016,March,March,11,6
2016-04-07 00:36:23,ford_KA_rost_am_tankdeckel_bereits_beseitigt__tuevfertig,privat,Offer,550,test,kleinwagen,1997,manuell,60,ka,150000,Jan,Gasoline,ford,No,2016-04-07 00:00:00,59077,2016-04-07 00:36:23,2016,2016,April,April,19,11
2016-03-23 21:56:44,Biete_ausgeschlachteten_Ford_KA_ohne_TÜV...Motor_springt_nicht_an,privat,Offer,60,test,kleinwagen,1997,manuell,50,ka,150000,Jan,Gasoline,ford,Yes,2016-03-23 00:00:00,63667,2016-03-25 07:51:10,2016,2016,March,March,19,11
2016-03-09 19:53:33,Ford_Fiesta_KOOL,privat,Offer,900,test,kleinwagen,1999,manuell,60,fiesta,150000,May,Gasoline,ford,No,2016-03-09 00:00:00,65549,2016-03-21 03:16:17,2016,2016,March,March,17,7
2016-03-12 11:48:31,Ford_Fiesta_1.3_TÜV_NEU,privat,Offer,1250,test,kleinwagen,2001,manuell,50,fiesta,150000,Jul,Gasoline,ford,Other,2016-03-12 00:00:00,24534,2016-03-15 15:16:08,2016,2016,March,March,15,5
2016-03-12 11:49:15,Ford_KA_1_3_l___69_PS,privat,Offer,1600,test,kleinwagen,2006,manuell,69,ka,90000,Jan,Gasoline,ford,No,2016-03-12 00:00:00,99095,2016-03-17 09:45:05,2016,2016,March,March,10,11
2016-03-12 10:59:04,Ford_fiesta,privat,Offer,1000,control,kleinwagen,2000,manuell,65,fiesta,125000,Jan,Gasoline,ford,Yes,2016-03-12 00:00:00,32805,2016-04-06 03:46:19,2016,2016,March,March,16,11
2016-03-06 17:46:46,Ford_Fiesta,privat,Offer,500,control,kleinwagen,1995,manuell,0,fiesta,150000,Mar,Gasoline,ford,Other,2016-03-06 00:00:00,57072,2016-03-07 14:16:25,2016,2016,March,March,21,9
2016-03-09 11:36:45,Ford_Fiesta_1.4_TDCI__Gruene_Plakette,privat,Offer,1600,test,kleinwagen,2004,manuell,68,fiesta,150000,Mar,Diesel,ford,No,2016-03-09 00:00:00,73072,2016-03-29 10:46:55,2016,2016,March,March,12,9
2016-03-22 03:36:24,Top_Zustand,privat,Offer,450,control,kleinwagen,1997,manuell,50,fiesta,150000,Jan,Gasoline,ford,Yes,2016-03-22 00:00:00,72213,2016-03-22 08:47:34,2016,2016,March,March,19,11
2016-03-19 00:43:55,FORD_FIESTA,privat,Offer,1200,control,kleinwagen,2004,manuell,0,fiesta,150000,Oct,Gasoline,ford,Yes,2016-03-18 00:00:00,64521,2016-03-21 09:44:59,2016,2016,March,March,12,2
2016-03-25 07:53:43,Schoener_gepflegter_Ford_KA_mit_Flip_Flop_Lackierung,privat,Offer,2727,test,kleinwagen,2005,manuell,69,ka,125000,Feb,Gasoline,ford,No,2016-03-25 00:00:00,82481,2016-04-06 07:46:18,2016,2016,March,March,11,10
2016-03-08 14:45:25,Ford_Fiesta_1.4_TDCI,privat,Offer,1860,test,kleinwagen,2003,manuell,68,fiesta,150000,Nov,Diesel,ford,No,2016-03-08 00:00:00,34127,2016-03-09 13:17:05,2016,2016,March,March,13,1
2016-03-28 20:48:21,Ford_Fiesta_Florida,privat,Offer,1000,control,kleinwagen,2002,manuell,50,fiesta,125000,Jan,Gasoline,ford,No,2016-03-28 00:00:00,76437,2016-04-01 06:45:04,2016,2016,March,March,14,11
2016-04-01 20:47:47,Ford_Fiesta,privat,Offer,750,test,kleinwagen,1993,manuell,60,fiesta,125000,Dec,Gasoline,ford,No,2016-04-01 00:00:00,45665,2016-04-03 18:15:27,2016,2016,April,April,23,0
2016-03-31 16:58:03,Ford_Fiesta,privat,Offer,850,control,kleinwagen,1998,automatik,0,fiesta,125000,Jul,Gasoline,ford,No,2016-03-31 00:00:00,48301,2016-04-04 09:17:55,2016,2016,March,March,18,5
2016-03-10 18:52:49,Ford_Fiesta_1_3_/Servo_/TÜV/AU_09.2017,privat,Offer,699,test,kleinwagen,1999,manuell,50,fiesta,125000,Jan,Gasoline,ford,No,2016-03-10 00:00:00,45481,2016-03-10 18:52:49,2016,2016,March,March,17,11
2016-03-10 17:54:16,Ford_Fiesta,privat,Offer,590,control,kleinwagen,2001,manuell,0,fiesta,150000,Aug,Gasoline,ford,No,2016-03-10 00:00:00,24568,2016-04-05 19:45:57,2016,2016,March,March,15,4
2016-03-18 08:51:44,Ford_Ka_fuer_199,privat,Offer,199,test,kleinwagen,2003,manuell,60,ka,150000,Mar,Gasoline,ford,No,2016-03-18 00:00:00,95030,2016-03-18 08:51:44,2016,2016,March,March,13,9
2016-04-03 09:53:15,Ford_Fiesta_1.3_Technisch_Sehr_Gut_Tuev_bis_01.2017,privat,Offer,1350,control,kleinwagen,2004,manuell,60,fiesta,150000,Sep,Gasoline,ford,Other,2016-04-03 00:00:00,85391,2016-04-05 08:48:40,2016,2016,April,April,12,3
2016-04-02 10:50:07,Ford_Fiesta_TÜV_&_AU_NEU,privat,Offer,999,test,kleinwagen,1998,manuell,60,fiesta,150000,May,Gasoline,ford,No,2016-04-02 00:00:00,72458,2016-04-06 08:45:07,2016,2016,April,April,18,7
2016-03-23 14:36:25,Ford_Fiesta_Flair,privat,Offer,747,test,kleinwagen,1997,manuell,75,fiesta,70000,Jan,Gasoline,ford,Yes,2016-03-23 00:00:00,84307,2016-04-05 15:18:20,2016,2016,March,March,19,11
2016-03-09 17:42:54,._Ford.__Ka.,privat,Offer,199,test,kleinwagen,1999,manuell,60,ka,150000,Mar,Gasoline,ford,Yes,2016-03-09 00:00:00,47506,2016-03-12 02:45:13,2016,2016,March,March,17,9
2016-03-14 21:47:36,Ford_Fiesta_1.4_Ghia,privat,Offer,4800,test,kleinwagen,2005,manuell,80,fiesta,150000,May,Gasoline,ford,No,2016-03-14 00:00:00,85051,2016-04-06 13:46:31,2016,2016,March,March,11,7
2016-03-20 11:47:03,Ford_Fiesta_Sport__TÜV_wurde_neu_gemacht_bis_Maerz_2018,privat,Offer,2499,test,kleinwagen,2005,manuell,80,fiesta,150000,Mar,Gasoline,ford,No,2016-03-20 00:00:00,92318,2016-03-28 08:46:53,2016,2016,March,March,11,9
2016-03-22 22:38:55,Ford_fiesta_4_tuerig_mit_paar_beulen_aber_faehrt_sich_sehr,privat,Offer,1500,control,kleinwagen,2005,manuell,0,Other,150000,Jan,Gasoline,ford,Yes,2016-03-22 00:00:00,12053,2016-03-22 23:40:00,2016,2016,March,March,11,11
2016-03-15 19:51:03,Ford_Ford_Ka,privat,Offer,1100,control,kleinwagen,2006,manuell,69,andere,150000,Apr,Gasoline,ford,Yes,2016-03-15 00:00:00,59065,2016-04-07 00:17:31,2016,2016,March,March,10,8
2016-03-08 20:56:37,Ford_Ka,privat,Offer,1200,control,kleinwagen,2002,manuell,60,ka,90000,Aug,Gasoline,ford,No,2016-03-08 00:00:00,6420,2016-04-05 23:16:37,2016,2016,March,March,14,4
2016-03-21 14:48:03,Ford_Fiesta,privat,Offer,650,control,kleinwagen,2002,manuell,60,fiesta,150000,Apr,Gasoline,ford,No,2016-03-21 00:00:00,70327,2016-04-06 12:15:27,2016,2016,March,March,14,8
2016-03-09 12:06:24,Ford_Fiesta,privat,Offer,999,test,kleinwagen,2002,Unspecified,60,fiesta,150000,Oct,Gasoline,ford,No,2016-03-09 00:00:00,65375,2016-03-09 14:46:29,2016,2016,March,March,14,2
2016-03-19 22:49:22,Ford_Fiesta_75_PS,privat,Offer,999,test,kleinwagen,2002,manuell,75,fiesta,150000,Jan,Gasoline,ford,Other,2016-03-19 00:00:00,93167,2016-03-23 13:19:04,2016,2016,March,March,14,11
2016-03-22 06:02:55,Ford_Focus,privat,Offer,250,control,kleinwagen,2003,manuell,75,focus,150000,Jan,Gasoline,ford,Yes,2016-03-22 00:00:00,34613,2016-03-22 08:46:17,2016,2016,March,March,13,11
2016-03-23 17:56:57,Ford_Fiesta_1.4_Durashift_EST_Trend,privat,Offer,3499,control,kleinwagen,2006,manuell,80,fiesta,150000,Jun,Gasoline,ford,No,2016-03-23 00:00:00,63450,2016-03-31 05:44:33,2016,2016,March,March,10,6
2016-03-10 11:46:33,Ford_Ka_1.2,privat,Offer,5250,test,kleinwagen,2012,manuell,69,ka,60000,Sep,Gasoline,ford,No,2016-03-10 00:00:00,41542,2016-03-14 06:47:03,2016,2016,March,March,4,3
2016-03-19 23:50:45,Ford_Fiesta_1.3,privat,Offer,1750,control,kleinwagen,2006,manuell,69,fiesta,150000,Jun,Gasoline,ford,No,2016-03-19 00:00:00,54456,2016-03-20 06:41:04,2016,2016,March,March,10,6
2016-03-11 17:46:07,Ford_Ka,privat,Offer,750,control,kleinwagen,1997,manuell,50,ka,125000,Dec,Gasoline,ford,No,2016-03-11 00:00:00,23968,2016-03-12 22:18:26,2016,2016,March,March,19,0
2016-03-27 19:47:03,Ford_Fusion_1.6_Trend,privat,Offer,3200,control,kleinwagen,2003,manuell,101,fusion,100000,Jan,Gasoline,ford,No,2016-03-27 00:00:00,50999,2016-03-27 19:47:03,2016,2016,March,March,13,11
2016-03-23 21:48:57,Ford_fiesta_4_tuerig_paar_beule,privat,Offer,1500,test,kleinwagen,2005,manuell,0,fiesta,150000,Jan,,ford,Yes,2016-03-23 00:00:00,12053,2016-03-23 22:41:23,2016,2016,March,March,11,11
2016-03-27 09:55:13,ford_ka_nicht_fahrbereit_zum_wieder_fertig_machen,privat,Offer,150,test,kleinwagen,1998,manuell,0,ka,125000,Apr,Gasoline,ford,Yes,2016-03-27 00:00:00,21776,2016-04-07 04:46:03,2016,2016,March,March,18,8
2016-03-16 14:54:33,Gebrauchter_Ford_Ka,privat,Offer,1200,test,kleinwagen,2000,manuell,60,ka,100000,Apr,Gasoline,ford,No,2016-03-16 00:00:00,50769,2016-04-06 16:45:10,2016,2016,March,March,16,8
2016-03-17 15:25:20,Forf_fiesta_1.3_mit_steuerkette,privat,Offer,1950,test,kleinwagen,2006,manuell,60,fiesta,150000,Jul,Gasoline,ford,No,2016-03-17 00:00:00,65479,2016-03-20 11:19:53,2016,2016,March,March,10,5
2016-03-15 12:54:52,Ford_Ka_Royal/_Klima/_kein_Rost/_TÜV_NEU,privat,Offer,1650,control,kleinwagen,2005,manuell,69,ka,100000,Mar,Gasoline,ford,No,2016-03-15 00:00:00,49088,2016-03-17 06:47:19,2016,2016,March,March,11,9
2016-03-16 21:54:03,Ford_Fiesta__mit_TÜV,privat,Offer,500,control,kleinwagen,1996,Unspecified,0,fiesta,90000,Jun,Gasoline,ford,No,2016-03-16 00:00:00,45468,2016-03-23 11:48:21,2016,2016,March,March,20,6
2016-03-15 14:50:01,Ford__Ford_Ka_Klima__abs_Servolenkung__Leder__E._Fens,privat,Offer,850,control,kleinwagen,1999,manuell,60,ka,150000,Dec,Gasoline,ford,No,2016-03-15 00:00:00,41748,2016-03-21 11:44:41,2016,2016,March,March,17,0
2016-03-08 16:36:45,Bis_Freitag_abholen_fuer_400_Euro,privat,Offer,300,test,kleinwagen,2001,manuell,60,fiesta,125000,Feb,,ford,No,2016-03-08 00:00:00,25336,2016-03-23 08:15:53,2016,2016,March,March,15,10
2016-03-19 20:56:46,Ford_Fiesta_Ghia,privat,Offer,900,control,kleinwagen,1996,manuell,75,fiesta,150000,Jul,Gasoline,ford,No,2016-03-19 00:00:00,63110,2016-03-19 21:40:09,2016,2016,March,March,20,5
2016-03-12 23:57:02,Ford_ka__schadstoffarme_d4,privat,Offer,240,control,kleinwagen,2000,manuell,0,ka,150000,Mar,Gasoline,ford,Yes,2016-03-12 00:00:00,59069,2016-04-02 14:47:47,2016,2016,March,March,16,9
2016-03-22 16:57:28,Ford_Ka_mit_TÜV,privat,Offer,950,test,kleinwagen,2007,manuell,60,ka,150000,Jan,Gasoline,ford,Other,2016-03-22 00:00:00,24980,2016-03-26 18:18:21,2016,2016,March,March,9,11
2016-03-14 12:38:38,Ford_KA_Tuning_Tiefer_Breiter_Sportauspuff_Angel_Eyes_Spoiler,privat,Offer,0,test,kleinwagen,2000,manuell,0,ka,150000,Sep,Gasoline,ford,Other,2016-03-14 00:00:00,26441,2016-03-21 02:16:06,2016,2016,March,March,16,3
2016-03-24 00:56:43,Ford_Fiesta_1_3l___TÜV_NEU__1.Hand__Klima___gepflegt.,privat,Offer,1990,test,kleinwagen,2004,manuell,5,fiesta,150000,Oct,Gasoline,ford,No,2016-03-24 00:00:00,34125,2016-04-06 18:15:53,2016,2016,March,March,12,2
2016-03-29 17:56:29,Ford_Fiesta_1.25_Titanium,privat,Offer,5650,control,kleinwagen,2009,manuell,82,fiesta,70000,Jun,Gasoline,ford,No,2016-03-29 00:00:00,4317,2016-04-04 02:45:42,2016,2016,March,March,7,6
2016-03-09 17:47:21,verkaufe__ein_ford_fiesta,privat,Offer,0,test,kleinwagen,1995,manuell,60,fiesta,150000,Jul,Gasoline,ford,Other,2016-03-09 00:00:00,23911,2016-03-26 02:45:26,2016,2016,March,March,21,5
2016-03-20 20:57:47,Ford_Fiesta_Ambiente,privat,Offer,3500,test,kleinwagen,2006,manuell,69,fiesta,70000,Mar,Gasoline,ford,Other,2016-03-20 00:00:00,21502,2016-04-07 05:46:09,2016,2016,March,March,10,9
2016-03-10 17:38:41,FORD_FIESTA,privat,Offer,1500,control,kleinwagen,2004,manuell,0,fiesta,150000,Feb,Gasoline,ford,Other,2016-03-10 00:00:00,64521,2016-03-15 09:46:54,2016,2016,March,March,12,10
2016-03-29 12:52:01,Ford_fiesta_style_mit_tuev,privat,Offer,450,test,kleinwagen,1998,manuell,45,fiesta,150000,Feb,Gasoline,ford,No,2016-03-29 00:00:00,97526,2016-03-31 05:17:22,2016,2016,March,March,18,10
2016-03-07 11:49:33,Ford_Fiesta_1.3_Style,privat,Offer,3400,test,kleinwagen,2008,manuell,80,fiesta,125000,Feb,Gasoline,ford,No,2016-03-07 00:00:00,78351,2016-03-16 22:58:58,2016,2016,March,March,8,10
2016-03-12 10:48:48,Ford_Ka_ohne_Tuev,privat,Offer,220,control,kleinwagen,1997,manuell,60,ka,150000,Jan,Gasoline,ford,Yes,2016-03-12 00:00:00,51688,2016-03-13 01:46:30,2016,2016,March,March,19,11
2016-03-11 22:38:18,Ford_Ka_TÜV_bis_Nov._2016/KLIMA/LEDER/_Bilder_Folgen,privat,Offer,1380,control,kleinwagen,2003,manuell,69,ka,150000,Dec,Gasoline,ford,No,2016-03-11 00:00:00,30165,2016-03-19 15:19:47,2016,2016,March,March,13,0
2016-04-02 10:58:51,Ford_ka_unfallwagen,privat,Offer,680,test,kleinwagen,2002,manuell,0,Other,100000,Feb,,ford,Yes,2016-04-02 00:00:00,50126,2016-04-06 09:16:53,2016,2016,April,April,14,10
2016-04-04 13:38:36,Ford_Ka__2000__64000_km,privat,Offer,225,control,kleinwagen,2000,manuell,60,ka,70000,Mar,Gasoline,ford,Other,2016-04-04 00:00:00,44534,2016-04-06 14:45:07,2016,2016,April,April,16,9
2016-03-15 19:41:15,Ford_Fiesta_Baujahr_2001_in_gruen,privat,Offer,299,control,kleinwagen,2001,manuell,50,fiesta,150000,May,,ford,No,2016-03-15 00:00:00,34613,2016-03-30 08:45:40,2016,2016,March,March,15,7
2016-04-01 16:51:42,Ford_Ka_Fun_X,privat,Offer,1899,control,kleinwagen,2008,manuell,60,ka,80000,Apr,Gasoline,ford,No,2016-04-01 00:00:00,72805,2016-04-05 12:17:17,2016,2016,April,April,8,8
2016-03-17 20:54:34,Ford_Fiesta_1.25,privat,Offer,1800,control,kleinwagen,2003,manuell,69,fiesta,150000,Aug,Gasoline,ford,No,2016-03-17 00:00:00,78078,2016-03-23 11:15:17,2016,2016,March,March,13,4
2016-03-24 19:50:40,Ford_Ka_04.2005_Bj_TÜV_NEU!!!,privat,Offer,1220,control,kleinwagen,2005,manuell,0,ka,125000,Apr,Gasoline,ford,No,2016-03-24 00:00:00,30823,2016-03-29 06:15:51,2016,2016,March,March,11,8
2016-03-09 09:43:03,Top_Anfaenger_Auto_TÜV_Oktober_2017___Preis_600,privat,Offer,600,test,kleinwagen,1998,manuell,0,ka,80000,Jul,Gasoline,ford,No,2016-03-09 00:00:00,44319,2016-03-12 03:15:31,2016,2016,March,March,18,5
2016-04-01 19:46:55,Ford_Fiesta_in_gute_Haende_abzugeben__Tuev_Neu_,privat,Offer,800,control,kleinwagen,2000,manuell,70,fiesta,150000,Sep,Gasoline,ford,Other,2016-04-01 00:00:00,37603,2016-04-05 16:44:28,2016,2016,April,April,16,3
2016-03-24 23:52:31,Ford_Fusion,privat,Offer,1800,test,kleinwagen,2003,manuell,80,fusion,150000,Feb,,ford,Other,2016-03-24 00:00:00,66578,2016-03-25 07:45:29,2016,2016,March,March,13,10
2016-03-30 13:51:34,Ford_Fiesta_5_tuerig_Automatik_!!!!!!!,privat,Offer,650,test,kleinwagen,1998,manuell,75,fiesta,150000,Jun,Gasoline,ford,No,2016-03-30 00:00:00,47228,2016-04-01 07:49:42,2016,2016,March,March,18,6
2016-03-25 10:41:09,Ford_Fiesta_Sport_1.6_mit_TÜV_und_Alufelgen,privat,Offer,1800,test,kleinwagen,2001,manuell,103,fiesta,150000,Dec,Gasoline,ford,No,2016-03-25 00:00:00,14959,2016-04-06 09:46:23,2016,2016,March,March,15,0
2016-03-12 21:48:42,Ford_Fiesta_1.3,privat,Offer,1750,test,kleinwagen,2004,manuell,60,fiesta,150000,Nov,Gasoline,ford,No,2016-03-12 00:00:00,51061,2016-03-17 02:47:07,2016,2016,March,March,12,1
2016-03-20 23:59:02,Ford_Ka_zu_Verkaufen,privat,Offer,150,control,kleinwagen,1997,manuell,60,ka,125000,Jan,Gasoline,ford,No,2016-03-20 00:00:00,12555,2016-03-21 06:42:50,2016,2016,March,March,19,11
2016-03-20 12:41:30,Ford_Fiesta,privat,Offer,330,test,kleinwagen,2000,manuell,0,fiesta,125000,Jan,Gasoline,ford,Other,2016-03-20 00:00:00,74076,2016-03-20 12:41:30,2016,2016,March,March,16,11
2016-03-28 09:57:37,Ford_Ka_unfallfrei,privat,Offer,250,control,kleinwagen,1996,manuell,50,ka,150000,Dec,Gasoline,ford,No,2016-03-28 00:00:00,97493,2016-04-06 11:16:25,2016,2016,March,March,20,0
2016-04-01 19:48:31,Ford_Fusion_1.4_Style,privat,Offer,5500,control,kleinwagen,2010,manuell,80,fusion,10000,Oct,Gasoline,ford,No,2016-04-01 00:00:00,56642,2016-04-01 19:48:31,2016,2016,April,April,6,2
2016-03-17 19:55:47,Ford_Fiesta_1.3,privat,Offer,1999,control,kleinwagen,2005,manuell,60,fiesta,125000,Jul,Gasoline,ford,No,2016-03-17 00:00:00,57439,2016-03-19 20:18:21,2016,2016,March,March,11,5
2016-03-14 16:47:13,Ford_Fiesta_1.4_Style,privat,Offer,2799,test,kleinwagen,2008,manuell,60,fiesta,150000,Aug,Gasoline,ford,No,2016-03-14 00:00:00,56818,2016-03-21 06:18:50,2016,2016,March,March,8,4
2016-03-25 15:58:07,Ford_Fiesta,privat,Offer,1250,test,kleinwagen,2004,manuell,0,fiesta,150000,Mar,Gasoline,ford,No,2016-03-25 00:00:00,71083,2016-03-25 15:58:07,2016,2016,March,March,12,9
2016-03-26 20:55:38,Ford_Ka_1.2Trendline,privat,Offer,3500,control,kleinwagen,2008,manuell,69,ka,90000,Nov,Gasoline,ford,No,2016-03-26 00:00:00,83561,2016-04-06 12:44:47,2016,2016,March,March,8,1
2016-03-06 13:47:36,Ford_Ka_1_3_*TÜV_Neu*!!,privat,Offer,850,test,kleinwagen,1999,manuell,60,ka,150000,Sep,Gasoline,ford,No,2016-03-06 00:00:00,63739,2016-03-15 15:19:03,2016,2016,March,March,17,3
2016-03-10 15:36:57,Ford_Fiesta_Euro4,privat,Offer,2250,test,kleinwagen,2004,manuell,69,fiesta,150000,Nov,Diesel,ford,No,2016-03-10 00:00:00,41836,2016-03-12 19:45:52,2016,2016,March,March,12,1
2016-03-25 18:54:47,ford_fiesta_1_3_:mit_tuv_fest_preis,privat,Offer,500,test,kleinwagen,2000,Unspecified,0,fiesta,150000,Oct,Gasoline,ford,Yes,2016-03-25 00:00:00,50827,2016-03-28 19:17:41,2016,2016,March,March,16,2
2016-04-02 11:48:58,Ford_Ka_TÜV_11_/16_Klima_Alufelgen,privat,Offer,1350,test,kleinwagen,1999,manuell,65,ka,150000,Nov,Gasoline,ford,No,2016-04-02 00:00:00,19258,2016-04-06 09:46:00,2016,2016,April,April,17,1
2016-04-01 07:58:54,Ford_Fiesta_Bj_1996_Bastlerfahrzeug_Fahrbereit_Resttuev_5/2016,privat,Offer,0,test,kleinwagen,1996,manuell,45,fiesta,150000,Jun,Gasoline,ford,Yes,2016-04-01 00:00:00,21244,2016-04-07 05:44:40,2016,2016,April,April,20,6
2016-03-14 13:47:04,Winterauto_abzugeben___ein_ideales_Fahranfaenger_Spassmobil!!!,privat,Offer,1250,test,kleinwagen,2000,manuell,75,fiesta,90000,Aug,Gasoline,ford,No,2016-03-14 00:00:00,22926,2016-03-14 13:47:04,2016,2016,March,March,16,4
2016-03-09 22:50:59,Ford_Fiesta_TÜV_2018,privat,Offer,690,test,kleinwagen,1996,Unspecified,0,fiesta,90000,Apr,Gasoline,ford,No,2016-03-09 00:00:00,48429,2016-03-10 21:47:36,2016,2016,March,March,20,8
2016-04-04 02:02:22,Ford_Ka_Klima_Leder_TÜV_03/17,privat,Offer,1000,control,kleinwagen,2003,manuell,75,ka,150000,Mar,Gasoline,ford,No,2016-04-04 00:00:00,12487,2016-04-06 08:45:28,2016,2016,April,April,13,9
2016-03-11 12:48:06,Super_Anfaenger_Auto_mit_Neu_TÜV_und_AU,privat,Offer,1100,test,kleinwagen,1997,manuell,0,fiesta,150000,May,Gasoline,ford,No,2016-03-11 00:00:00,33397,2016-04-07 06:45:07,2016,2016,March,March,19,7
2016-03-21 15:46:19,"Verkaufe_wegen_Neuanschaffung._""_reserviert_""",privat,Offer,600,control,kleinwagen,1999,manuell,115,focus,150000,Jan,Gasoline,ford,Other,2016-03-21 00:00:00,4603,2016-03-21 15:46:19,2016,2016,March,March,17,11
2016-03-12 07:56:33,Ford_Ka___silber_,privat,Offer,400,control,kleinwagen,2000,manuell,60,ka,150000,May,Gasoline,ford,No,2016-03-12 00:00:00,27243,2016-04-05 23:18:27,2016,2016,March,March,16,7
2016-03-05 14:11:03,Ford_Fusion_1.4_Trend_Tuev_/_AU_2017,privat,Offer,2250,test,kleinwagen,2003,Unspecified,80,fusion,150000,Nov,Gasoline,ford,No,2016-03-03 00:00:00,65549,2016-03-05 14:45:04,2016,2016,March,March,13,1
2016-03-21 00:32:13,Ford_Fiesta_1.4_TDCi_/_8_fach_bereift_/_TÜV_09/2017,privat,Offer,5550,control,kleinwagen,2010,Unspecified,0,fiesta,150000,Aug,Diesel,ford,No,2016-03-20 00:00:00,61169,2016-04-06 08:16:33,2016,2016,March,March,6,4
2016-03-06 18:49:35,Ford_Fiesta,privat,Offer,444,control,kleinwagen,1993,manuell,50,fiesta,60000,Jun,Gasoline,ford,No,2016-03-06 00:00:00,14822,2016-04-06 22:18:07,2016,2016,March,March,23,6
2016-03-30 17:53:33,Ford_Ka,privat,Offer,750,control,kleinwagen,1998,manuell,50,ka,80000,Mar,Gasoline,ford,No,2016-03-30 00:00:00,58511,2016-04-07 08:45:54,2016,2016,March,March,18,9
2016-03-31 12:55:45,Ford_Fiesta_1.4_Trend_1st_AUTOMATIK,privat,Offer,2650,test,kleinwagen,2003,automatik,80,fiesta,125000,Mar,Gasoline,ford,No,2016-03-31 00:00:00,94036,2016-04-06 05:46:49,2016,2016,March,March,13,9
2016-03-20 16:47:25,Verkaufe_oder_Tausche_Ford_Fiesta_aktuell_1.900_bietet_mehr!,privat,Offer,4000,test,kleinwagen,2007,manuell,68,fiesta,100000,Feb,,ford,No,2016-03-20 00:00:00,47445,2016-03-21 19:47:28,2016,2016,March,March,9,10
2016-03-29 17:47:34,FORD_KA___TÜV_bis_Juli_2017,privat,Offer,0,control,kleinwagen,1998,manuell,60,ka,60000,Sep,Gasoline,ford,Yes,2016-03-29 00:00:00,25852,2016-04-04 02:44:54,2016,2016,March,March,18,3
2016-03-08 20:39:47,Ford_Fiesta_1.4_Klima_4_Tuerer_Zahnriemen_Neu,privat,Offer,3990,control,kleinwagen,2008,manuell,80,fiesta,90000,Jan,Gasoline,ford,No,2016-03-08 00:00:00,44369,2016-04-05 18:44:54,2016,2016,March,March,8,11
2016-03-05 22:43:19,Ford_Fiesta,privat,Offer,990,control,kleinwagen,1999,manuell,60,fiesta,150000,Jun,Gasoline,ford,No,2016-03-05 00:00:00,99830,2016-03-26 01:18:23,2016,2016,March,March,17,6
2016-03-23 11:55:59,FORD_KA_/_ERSATZTEILSPENDER_/_MOTOR_/_GETRIEBE_/_ACHSEN,privat,Offer,196,test,kleinwagen,1998,manuell,50,ka,150000,Mar,Gasoline,ford,Other,2016-03-23 00:00:00,37520,2016-04-05 11:18:20,2016,2016,March,March,18,9
2016-03-28 14:53:34,Ford_Fiesta_2008__TÜV_neu,privat,Offer,4500,test,kleinwagen,2008,manuell,82,fiesta,100000,Jan,Gasoline,ford,Other,2016-03-28 00:00:00,32602,2016-03-31 23:16:58,2016,2016,March,March,8,11
2016-03-17 16:57:03,Ford_zu_Verschenken,privat,Offer,0,test,kleinwagen,1994,manuell,73,fiesta,70000,Jan,Gasoline,ford,Yes,2016-03-17 00:00:00,24392,2016-03-17 16:57:03,2016,2016,March,March,22,11
2016-03-31 22:38:02,FORD_KA_BJ_2000_HU_BIS_5/2017,privat,Offer,720,test,kleinwagen,2000,manuell,0,ka,150000,May,Gasoline,ford,Yes,2016-03-31 00:00:00,45138,2016-04-06 18:17:36,2016,2016,March,March,16,7
2016-03-14 19:49:00,Ford_Ka_HU_AU_03/2017,privat,Offer,999,control,kleinwagen,2002,manuell,60,ka,100000,May,Gasoline,ford,No,2016-03-14 00:00:00,36179,2016-04-06 05:45:59,2016,2016,March,March,14,7
2016-03-16 15:38:01,SCHNÄPPCHENPREIS,privat,Offer,300,test,kleinwagen,2000,manuell,60,ka,150000,Feb,Gasoline,ford,Other,2016-03-16 00:00:00,66763,2016-03-19 12:45:13,2016,2016,March,March,16,10
2016-03-25 17:48:05,Suche_Kleinwagen,privat,Offer,400,test,kleinwagen,2000,automatik,0,fiesta,90000,Jan,,ford,No,2016-03-25 00:00:00,46117,2016-04-01 02:15:54,2016,2016,March,March,16,11
2016-03-05 15:47:10,Ford_KA_Bj_2000,privat,Offer,300,control,kleinwagen,2000,manuell,0,ka,5000,Jan,,ford,Other,2016-03-05 00:00:00,32423,2016-03-08 07:45:08,2016,2016,March,March,16,11
2016-04-02 19:45:20,Ford_C_Max,privat,Offer,3600,control,kleinwagen,2006,manuell,0,c_max,150000,Sep,Diesel,ford,No,2016-04-02 00:00:00,22769,2016-04-04 17:46:33,2016,2016,April,April,10,3
2016-03-24 10:58:05,Ford_Fiesta_mit_Tuev_/_Klima,privat,Offer,500,test,kleinwagen,1997,Unspecified,0,fiesta,90000,May,Gasoline,ford,Other,2016-03-24 00:00:00,45468,2016-03-24 10:58:05,2016,2016,March,March,19,7
2016-03-22 15:52:13,Ford_Ka_VOLLAUSTATTUNG_mit_TÜV,privat,Offer,350,control,kleinwagen,2002,manuell,60,ka,150000,Jan,Gasoline,ford,Yes,2016-03-22 00:00:00,21255,2016-03-25 08:16:16,2016,2016,March,March,14,11
2016-03-15 17:37:39,Ford_Fiesta_1.3_l__mit_TÜV,privat,Offer,250,control,kleinwagen,1996,manuell,50,fiesta,150000,Jun,,ford,Other,2016-03-15 00:00:00,82377,2016-03-16 14:47:11,2016,2016,March,March,20,6
2016-04-01 07:36:18,Ford_Fiesta,privat,Offer,3600,test,kleinwagen,2004,manuell,80,Other,60000,Jan,Gasoline,ford,No,2016-04-01 00:00:00,56154,2016-04-06 18:48:06,2016,2016,April,April,12,11
2016-04-02 15:50:55,Ford_Ka_von_Privat__Cottbus_,privat,Offer,1999,control,kleinwagen,2005,Unspecified,70,ka,70000,Mar,Gasoline,ford,Other,2016-04-02 00:00:00,3051,2016-04-06 14:45:57,2016,2016,April,April,11,9
2016-03-20 10:48:09,verkaufe_Ford_fiesta,privat,Offer,200,control,kleinwagen,1998,manuell,0,Other,150000,Jan,Gasoline,ford,No,2016-03-20 00:00:00,77656,2016-03-26 18:17:33,2016,2016,March,March,18,11
2016-03-08 03:36:23,Ford_Ka_1.2_trend..31000_km.1.hand,privat,Offer,4699,control,kleinwagen,2010,manuell,69,ka,40000,Jan,Gasoline,ford,No,2016-03-08 00:00:00,82256,2016-03-10 09:46:28,2016,2016,March,March,6,11
2016-04-01 18:48:46,Ford_Fiesta_1.4_Viva,privat,Offer,3100,control,kleinwagen,2004,automatik,80,fiesta,70000,Jul,Gasoline,ford,No,2016-04-01 00:00:00,85057,2016-04-01 18:48:46,2016,2016,April,April,12,5
2016-03-07 16:58:02,!!!Ford_Ka_!!!,privat,Offer,550,control,kleinwagen,2001,manuell,0,ka,90000,May,Gasoline,ford,Other,2016-03-07 00:00:00,4207,2016-03-13 00:46:41,2016,2016,March,March,15,7
2016-03-17 16:56:37,Ford_Fiesta_C,privat,Offer,750,test,kleinwagen,1993,manuell,60,fiesta,150000,Jan,Gasoline,ford,No,2016-03-17 00:00:00,10781,2016-04-07 03:17:24,2016,2016,March,March,23,11
2016-03-25 12:59:09,Ford_ka_zu_verkaufen,privat,Offer,250,test,kleinwagen,1998,Unspecified,60,ka,100000,Aug,Gasoline,ford,Other,2016-03-25 00:00:00,49504,2016-03-25 12:59:09,2016,2016,March,March,18,4
2016-04-04 22:54:15,***_ACHTUNG_FORD_KA_MIT_NEU_TÜV_BIS_04/2018_ZU_VERKAUFEN_***,privat,Offer,1350,test,kleinwagen,2002,manuell,60,ka,150000,Aug,Gasoline,ford,Other,2016-04-04 00:00:00,20257,2016-04-07 02:17:09,2016,2016,April,April,14,4
2016-03-21 09:50:37,Ford_Fusion_1.4_TDCI_Ambiente,privat,Offer,2229,control,kleinwagen,2005,manuell,68,fusion,150000,Jan,Diesel,ford,No,2016-03-21 00:00:00,90439,2016-03-23 21:48:20,2016,2016,March,March,11,11
2016-03-05 17:57:00,Ford_Fiesta_Ghia,privat,Offer,550,test,kleinwagen,1999,manuell,75,fiesta,150000,Mar,Gasoline,ford,No,2016-03-05 00:00:00,64689,2016-03-06 03:17:56,2016,2016,March,March,17,9
2016-04-04 01:54:35,Ford_Fiesta_1.3_67.000_KM_Rentnerfahrzeug,privat,Offer,1999,control,kleinwagen,2002,manuell,60,fiesta,70000,Jun,Gasoline,ford,No,2016-04-03 00:00:00,39108,2016-04-06 09:16:35,2016,2016,April,April,14,6
2016-03-14 13:36:19,Ford_Fiesta_1.4_TDCI,privat,Offer,1350,test,kleinwagen,2002,manuell,68,fiesta,150000,Dec,Diesel,ford,Yes,2016-03-14 00:00:00,53721,2016-03-20 01:47:33,2016,2016,March,March,14,0
2016-03-14 18:56:08,Auto_Ford_Ka_Bj._02_75000km_Hu/Au_02/16,privat,Offer,950,test,kleinwagen,2002,manuell,60,ka,80000,Jul,Gasoline,ford,Other,2016-03-14 00:00:00,69123,2016-03-28 03:46:25,2016,2016,March,March,14,5
2016-03-25 17:54:25,2_Ford_Fiesta_zu_verkaufen,privat,Offer,500,test,kleinwagen,1997,manuell,45,Other,150000,Jan,Gasoline,ford,Yes,2016-03-25 00:00:00,99326,2016-04-06 23:17:15,2016,2016,March,March,19,11
2016-04-03 11:43:48,Ford_Fiesta_1.4,privat,Offer,3900,control,kleinwagen,2008,manuell,80,fiesta,90000,Feb,Gasoline,ford,No,2016-04-03 00:00:00,90431,2016-04-07 12:45:00,2016,2016,April,April,8,10
2016-03-05 20:55:35,Ford_Focus_top_Zustand_mit_TÜV,privat,Offer,1250,control,kleinwagen,2001,manuell,95,focus,150000,Jan,Gasoline,ford,No,2016-03-05 00:00:00,42369,2016-03-07 06:15:45,2016,2016,March,March,15,11
2016-03-12 09:53:35,Auto_zur_Ersatzteilegewinnung,privat,Offer,150,control,kleinwagen,1995,manuell,60,fiesta,70000,Jan,Gasoline,ford,Other,2016-03-12 00:00:00,39387,2016-03-22 12:47:31,2016,2016,March,March,21,11
2016-04-03 20:53:17,Ford_Fiesta_16V_S,privat,Offer,990,test,kleinwagen,1993,manuell,105,fiesta,125000,Jan,Gasoline,ford,No,2016-04-03 00:00:00,78244,2016-04-05 21:47:06,2016,2016,April,April,23,11
2016-03-29 17:53:15,Ford_Fiesta_Ghia_Edition,privat,Offer,350,control,kleinwagen,1996,manuell,75,fiesta,150000,Jun,Gasoline,ford,Yes,2016-03-29 00:00:00,32107,2016-04-02 05:47:38,2016,2016,March,March,20,6
2016-03-20 20:50:18,Ford_Fiesta_Ghia,privat,Offer,1199,test,kleinwagen,1999,manuell,75,fiesta,90000,Aug,Gasoline,ford,No,2016-03-20 00:00:00,99759,2016-03-24 14:17:57,2016,2016,March,March,17,4
2016-03-21 20:42:21,Ford_Ka_1.2_Titanium,privat,Offer,3200,control,kleinwagen,2009,manuell,69,ka,150000,Nov,Gasoline,ford,No,2016-03-21 00:00:00,33154,2016-03-30 09:17:55,2016,2016,March,March,7,1
2016-03-30 22:47:01,Ford_Fiesta_1.4_Ghia,privat,Offer,2100,control,kleinwagen,2004,manuell,80,fiesta,125000,Apr,Gasoline,ford,No,2016-03-30 00:00:00,98639,2016-04-01 18:16:37,2016,2016,March,March,12,8
2016-03-22 09:55:17,"Ford_Fiesta_Flair_""klima""_FESTPREIS",privat,Offer,799,test,kleinwagen,1998,manuell,60,fiesta,150000,Jan,Gasoline,ford,Yes,2016-03-22 00:00:00,67433,2016-03-27 22:15:31,2016,2016,March,March,18,11
2016-03-29 17:57:53,Ford_Fiesta_Baujahr_2001_75_Festpreis,privat,Offer,75,control,kleinwagen,2001,manuell,0,fiesta,150000,Feb,Gasoline,ford,Yes,2016-03-29 00:00:00,49597,2016-03-29 18:43:06,2016,2016,March,March,15,10
2016-04-05 01:55:27,***_ACHTUNG_FORD_KA_MIT_NEU_TÜV_BIS_04/2018_ZU_VERKAUFEN_***,privat,Offer,1350,control,kleinwagen,2002,manuell,60,ka,150000,Aug,Gasoline,ford,Other,2016-04-04 00:00:00,24768,2016-04-07 10:16:05,2016,2016,April,April,14,4
2016-03-27 21:54:17,Ford_Fiesta,privat,Offer,700,test,kleinwagen,1995,manuell,50,fiesta,125000,May,Gasoline,ford,No,2016-03-27 00:00:00,69469,2016-04-05 21:15:38,2016,2016,March,March,21,7
2016-04-01 19:06:23,Toller_Ford_Fiesta__TÜV__Klima,privat,Offer,399,test,kleinwagen,1997,manuell,0,fiesta,150000,Jan,Gasoline,ford,Other,2016-04-01 00:00:00,61440,2016-04-03 13:10:37,2016,2016,April,April,19,11
2016-04-03 17:50:17,Ford_Ka_edition,privat,Offer,300,test,kleinwagen,1999,manuell,60,ka,150000,Jul,Gasoline,ford,Yes,2016-04-03 00:00:00,17213,2016-04-05 18:17:24,2016,2016,April,April,17,5
2016-03-20 18:48:16,Ford_Focus,privat,Offer,750,test,kleinwagen,2001,manuell,75,focus,150000,Jun,Gasoline,ford,Yes,2016-03-20 00:00:00,71065,2016-03-28 20:15:48,2016,2016,March,March,15,6
2016-03-17 15:51:29,Ford_Fiesta_meines_Grossvaters_abzugeben_aus_platzmangel_280Euro_V,privat,Offer,280,test,kleinwagen,1994,Unspecified,0,fiesta,90000,Jan,Gasoline,ford,Other,2016-03-17 00:00:00,44805,2016-04-06 23:47:04,2016,2016,March,March,22,11
2016-03-28 16:52:18,Verkaufe_Ford_Focus_2.0_l_16v,privat,Offer,230,test,kleinwagen,1999,manuell,0,focus,150000,Jul,Gasoline,ford,Yes,2016-03-28 00:00:00,55459,2016-03-28 16:52:18,2016,2016,March,March,17,5
2016-03-30 22:52:49,Ford_Fiesta_1.4_TDCI_TÜV_2017,privat,Offer,1299,control,kleinwagen,2003,manuell,68,fiesta,150000,Nov,Diesel,ford,No,2016-03-30 00:00:00,44328,2016-04-01 23:17:56,2016,2016,March,March,13,1
2016-03-08 18:52:42,Ford_Fusion___Bastlerfahrzeug,privat,Offer,950,test,kleinwagen,2003,manuell,0,fusion,150000,Jul,Gasoline,ford,Yes,2016-03-08 00:00:00,83026,2016-03-08 18:52:42,2016,2016,March,March,13,5
2016-03-23 15:39:20,Ford_Fiesta,privat,Offer,350,test,kleinwagen,1999,manuell,75,fiesta,150000,Jun,Gasoline,ford,Other,2016-03-23 00:00:00,72348,2016-04-05 17:50:08,2016,2016,March,March,17,6
2016-03-05 17:45:02,Ford_Ka_Lufthansa_Edition,privat,Offer,0,test,kleinwagen,1997,manuell,0,ka,150000,Jan,Gasoline,ford,No,2016-03-05 00:00:00,41468,2016-03-06 03:45:53,2016,2016,March,March,19,11
2016-03-29 22:56:05,Guenstig!_Ford_Fiesta_TÜV/AU_nagelneu__4tuer._nur_132Tkm__v._extras,privat,Offer,999,test,kleinwagen,2000,manuell,60,fiesta,150000,Oct,Gasoline,ford,No,2016-03-29 00:00:00,97318,2016-03-30 01:43:08,2016,2016,March,March,16,2
2016-03-22 10:43:32,Ford_Ka_1.2_Titanium,privat,Offer,2600,control,kleinwagen,2009,manuell,69,ka,125000,Sep,Gasoline,ford,No,2016-03-22 00:00:00,40789,2016-03-22 10:43:32,2016,2016,March,March,7,3
2016-03-16 14:46:46,Ford_Fiesta_1_25_Liter_16_V_93000_km._Tuev_bis_10.2017.,privat,Offer,800,test,kleinwagen,1998,manuell,0,fiesta,100000,Jan,Gasoline,ford,No,2016-03-16 00:00:00,39393,2016-03-20 13:19:15,2016,2016,March,March,18,11
2016-04-01 18:39:43,Ford_Fusion_schwarz,privat,Offer,2600,control,kleinwagen,2003,manuell,80,fusion,125000,Oct,Gasoline,ford,No,2016-04-01 00:00:00,58452,2016-04-03 15:16:23,2016,2016,April,April,13,2
2016-03-21 11:54:32,Ford_Fiesta_mit_1_Jahr_TÜV,privat,Offer,600,control,kleinwagen,1993,manuell,0,fiesta,150000,Dec,Gasoline,ford,No,2016-03-21 00:00:00,39624,2016-04-04 04:49:08,2016,2016,March,March,23,0
2016-03-26 07:54:32,Verkaufe_Ford_Ka_Bj.2003_TÜV_bis_Maerz_2018,privat,Offer,1300,test,kleinwagen,2003,manuell,0,ka,150000,Mar,Gasoline,ford,Other,2016-03-26 00:00:00,73525,2016-03-27 20:44:57,2016,2016,March,March,13,9
2016-03-15 17:58:13,Ford_Fiesta_1.3_Ambiente_//_Viele_Neuteile,privat,Offer,2290,control,kleinwagen,2005,manuell,60,fiesta,150000,Sep,Gasoline,ford,No,2016-03-15 00:00:00,89564,2016-03-21 17:50:15,2016,2016,March,March,11,3
2016-03-13 09:36:41,Fiesta_1.25_Titanium_mit_Frontscheibenheizung_+_Klimaautomatik,privat,Offer,5290,control,kleinwagen,2010,manuell,82,fiesta,100000,May,Gasoline,ford,No,2016-03-13 00:00:00,47495,2016-03-20 10:45:25,2016,2016,March,March,6,7
2016-03-16 14:45:56,Ford_Fiesta_Tuev09/16,privat,Offer,700,test,kleinwagen,2002,manuell,75,fiesta,150000,Jan,Diesel,ford,No,2016-03-16 00:00:00,22587,2016-03-21 15:48:03,2016,2016,March,March,14,11
2016-03-08 20:57:41,Ford_Fusion_1.4_TDCI__ATM.Euro_4_Grueneplaket.Klima_,privat,Offer,1700,control,kleinwagen,2002,manuell,68,fusion,150000,Dec,Diesel,ford,No,2016-03-08 00:00:00,52080,2016-03-15 13:15:58,2016,2016,March,March,14,0
2016-03-17 13:48:17,Ford_Fiesta_1.4_Diesel_TÜV_2018,privat,Offer,1999,control,kleinwagen,2003,manuell,68,fiesta,150000,Dec,Diesel,ford,Other,2016-03-17 00:00:00,15230,2016-03-27 01:17:25,2016,2016,March,March,13,0
2016-03-07 16:39:49,Ford_Fiesta_1.3_/_TÜV_Neu_/_Schiebedach_/_5_Tuerer,privat,Offer,2500,control,kleinwagen,2003,manuell,69,fiesta,90000,Jan,Gasoline,ford,No,2016-03-07 00:00:00,52428,2016-03-07 20:46:55,2016,2016,March,March,13,11
2016-03-29 14:47:15,Ford_Ka_zum_ausschlachten_oder_herrichten,privat,Offer,220,test,kleinwagen,2003,manuell,60,ka,150000,Jan,,ford,Yes,2016-03-29 00:00:00,94360,2016-04-03 23:17:15,2016,2016,March,March,13,11
2016-03-26 09:36:42,Ford_Ka_Snow_Edition,privat,Offer,400,control,kleinwagen,1998,manuell,0,ka,150000,Jan,Gasoline,ford,Other,2016-03-26 00:00:00,58239,2016-04-05 19:47:01,2016,2016,March,March,18,11
2016-03-14 13:52:10,FORD_FOCUS_1.6_16V,privat,Offer,0,test,kleinwagen,2000,manuell,101,focus,150000,May,Gasoline,ford,Yes,2016-03-14 00:00:00,80689,2016-03-14 13:52:10,2016,2016,March,March,16,7
2016-03-07 08:53:03,Ford_Fiesta_1.4_tuev_neu_top,privat,Offer,1400,control,kleinwagen,2005,manuell,80,fiesta,150000,May,Gasoline,ford,No,2016-03-07 00:00:00,71696,2016-03-10 08:44:42,2016,2016,March,March,11,7
2016-03-11 17:50:21,Ford_Ka,privat,Offer,900,control,kleinwagen,2000,manuell,60,ka,150000,May,Gasoline,ford,No,2016-03-11 00:00:00,33617,2016-03-23 15:48:46,2016,2016,March,March,16,7
2016-03-30 09:25:24,Ford_Ka,privat,Offer,899,control,kleinwagen,2004,manuell,60,ka,125000,Mar,Gasoline,ford,No,2016-03-30 00:00:00,56316,2016-04-06 17:45:21,2016,2016,March,March,12,9
2016-03-27 13:50:38,Ford_Fiesta_Ghia_1.3_75_Ps,privat,Offer,190,test,kleinwagen,1998,manuell,75,fiesta,150000,Oct,Gasoline,ford,No,2016-03-27 00:00:00,17268,2016-03-27 13:50:38,2016,2016,March,March,18,2
2016-03-29 16:48:45,Ford_Fiesta_Baujahr_2004___51_KW_1.242_ccm__TÜV_NEU_156.800_Km,privat,Offer,1700,control,kleinwagen,2004,manuell,69,fiesta,150000,Jan,Gasoline,ford,Other,2016-03-29 00:00:00,21439,2016-04-06 02:44:54,2016,2016,March,March,12,11
2016-03-07 12:49:58,Ford_ka_ohne_tuev,privat,Offer,0,test,kleinwagen,2001,manuell,54,ka,150000,May,,ford,Other,2016-03-07 00:00:00,31582,2016-03-22 09:15:29,2016,2016,March,March,15,7
2016-03-05 16:55:29,Schicker_ford_fiesta_mit_neu_tuev,privat,Offer,850,control,kleinwagen,1997,manuell,75,fiesta,150000,Apr,,ford,No,2016-03-05 00:00:00,74599,2016-04-07 14:58:30,2016,2016,March,March,19,8
2016-03-09 17:57:46,Ford_Fiesta_Tuev_Neu,privat,Offer,1199,test,kleinwagen,2001,manuell,60,fiesta,80000,Mar,Gasoline,ford,No,2016-03-09 00:00:00,32791,2016-03-09 17:57:46,2016,2016,March,March,15,9
2016-03-21 16:38:42,Ford_Fiesta_1.4_Ghia,privat,Offer,3500,control,kleinwagen,2003,Unspecified,80,fiesta,50000,Apr,Gasoline,ford,No,2016-03-21 00:00:00,41068,2016-04-06 15:44:55,2016,2016,March,March,13,8
2016-03-07 16:46:59,Biete_Ford_Fiesta_Futura,privat,Offer,590,control,kleinwagen,2001,manuell,60,fiesta,125000,Nov,Gasoline,ford,Other,2016-03-07 00:00:00,46325,2016-03-07 16:46:59,2016,2016,March,March,15,1
2016-03-15 16:37:42,Ford_Fiesta,privat,Offer,1550,control,kleinwagen,2002,manuell,60,fiesta,90000,Mar,Gasoline,ford,No,2016-03-15 00:00:00,90766,2016-03-20 11:48:20,2016,2016,March,March,14,9
2016-03-14 18:58:02,Ford_ka_TÜV_neu,privat,Offer,650,test,kleinwagen,2000,manuell,60,ka,125000,May,Gasoline,ford,No,2016-03-14 00:00:00,21073,2016-03-14 18:58:02,2016,2016,March,March,16,7
2016-03-17 09:53:04,Ford_Fiesta_FUN_1.25_Benzin_Frisch_2_Jahre_TÜV/AU_4.Hand_Servo,privat,Offer,799,test,kleinwagen,1996,manuell,75,fiesta,80000,Jun,Gasoline,ford,No,2016-03-17 00:00:00,42105,2016-03-17 10:45:45,2016,2016,March,March,20,6
2016-03-16 21:48:26,Ford_Fiesta_Servo_TÜV_05_2017,privat,Offer,450,control,kleinwagen,1998,manuell,37,fiesta,60000,Nov,Gasoline,ford,No,2016-03-16 00:00:00,27576,2016-03-16 21:48:26,2016,2016,March,March,18,1
2016-03-28 23:55:01,Ford_fiesta,privat,Offer,160,test,kleinwagen,1994,manuell,50,fiesta,5000,Jan,Gasoline,ford,Other,2016-03-28 00:00:00,31089,2016-04-05 15:44:43,2016,2016,March,March,22,11
2016-03-12 15:48:07,Ford_Ka_Benziner_1.3l_TÜV_ist_Neu,privat,Offer,1650,control,kleinwagen,2005,manuell,69,ka,125000,May,Gasoline,ford,No,2016-03-12 00:00:00,28207,2016-03-15 01:46:25,2016,2016,March,March,11,7
2016-03-29 10:56:30,Ford_Fiesta_Diesel,privat,Offer,4800,control,kleinwagen,2010,manuell,90,fiesta,150000,Jan,Diesel,ford,No,2016-03-29 00:00:00,72511,2016-04-01 22:44:37,2016,2016,March,March,6,11
2016-03-08 13:52:11,Ford_KA_mit_Klima_und_Winterraedern,privat,Offer,1150,control,kleinwagen,2003,manuell,51,ka,100000,May,Gasoline,ford,No,2016-03-08 00:00:00,39179,2016-03-17 06:17:49,2016,2016,March,March,13,7
2016-03-24 15:48:17,Ford_Ka_TÜV_neu_mit_Servo,privat,Offer,780,test,kleinwagen,1998,manuell,60,ka,100000,Nov,Gasoline,ford,No,2016-03-24 00:00:00,44628,2016-03-27 12:45:22,2016,2016,March,March,18,1
2016-03-22 11:49:04,Ford_Ka_Collection_Karibik_Blau,privat,Offer,700,control,kleinwagen,2000,manuell,60,ka,125000,Jan,Gasoline,ford,No,2016-03-22 00:00:00,10829,2016-04-06 00:15:58,2016,2016,March,March,16,11
2016-03-23 08:56:37,Ford_Fiesta,privat,Offer,599,control,kleinwagen,1997,manuell,60,fiesta,125000,Dec,Gasoline,ford,No,2016-03-23 00:00:00,17429,2016-03-30 17:46:16,2016,2016,March,March,19,0
2016-03-23 20:54:41,Ford_Ka__gepflegt_mit_TÜV_und_Klima._Voll_fahrbereit,privat,Offer,649,test,kleinwagen,1999,manuell,60,ka,150000,Sep,Gasoline,ford,No,2016-03-23 00:00:00,58089,2016-03-29 17:16:39,2016,2016,March,March,17,3
2016-03-12 10:40:40,Ford_Ka_Scheckheftgepflegt_TÜV_11/2016_Servolenkung,privat,Offer,950,control,kleinwagen,2006,manuell,60,ka,150000,Feb,Gasoline,ford,No,2016-03-12 00:00:00,30625,2016-03-13 01:17:13,2016,2016,March,March,10,10
2016-03-14 08:52:53,Ford_Fiesta_1.4_Trend,privat,Offer,1950,test,kleinwagen,2003,manuell,80,fiesta,80000,Aug,Gasoline,ford,No,2016-03-14 00:00:00,1279,2016-03-14 09:47:25,2016,2016,March,March,13,4
2016-03-15 21:44:43,Ford_Fiesta_1.3_Style,privat,Offer,2800,control,kleinwagen,2008,manuell,60,fiesta,125000,Apr,Gasoline,ford,No,2016-03-15 00:00:00,42389,2016-03-15 21:44:43,2016,2016,March,March,8,8
2016-03-16 00:59:09,Ford_Ka_Kleinwagen,privat,Offer,3100,test,kleinwagen,2008,manuell,0,ka,60000,Aug,Gasoline,ford,No,2016-03-15 00:00:00,79115,2016-04-06 00:47:04,2016,2016,March,March,8,4
2016-03-15 23:41:34,Ford_Ka,privat,Offer,2750,control,kleinwagen,2008,manuell,60,ka,80000,May,Gasoline,ford,No,2016-03-15 00:00:00,26802,2016-03-23 10:17:09,2016,2016,March,March,8,7
2016-03-11 15:47:26,Ford_Fiesta_1.3_SEHR_GEFLEGT_mit_SOUNDSYSTEM_1000W,privat,Offer,1200,test,kleinwagen,2003,manuell,69,fiesta,150000,Aug,Gasoline,ford,No,2016-03-11 00:00:00,22159,2016-03-11 15:47:26,2016,2016,March,March,13,4
2016-03-08 03:55:38,Ford_Fiesta_Klima_Checkheft_1_Hand,privat,Offer,1399,control,kleinwagen,2001,manuell,75,fiesta,125000,Nov,Gasoline,ford,No,2016-03-08 00:00:00,46325,2016-03-29 14:15:31,2016,2016,March,March,15,1
2016-04-02 11:56:22,Ford_Fiesta_1.4_Connection,privat,Offer,3299,test,kleinwagen,2006,manuell,80,fiesta,150000,Jun,Gasoline,ford,No,2016-04-02 00:00:00,63454,2016-04-06 09:46:14,2016,2016,April,April,10,6
2016-03-25 22:51:55,Ford_KA_zu_verschenken_***Reserviert***,privat,Offer,0,control,kleinwagen,1999,manuell,60,ka,150000,Jun,Gasoline,ford,Other,2016-03-25 00:00:00,34355,2016-03-25 22:51:55,2016,2016,March,March,17,6
2016-03-06 16:38:57,Ford_ka_8_fach_Bereift,privat,Offer,550,test,kleinwagen,1997,manuell,52,ka,50000,Jan,Gasoline,ford,Other,2016-03-06 00:00:00,27804,2016-03-10 10:47:18,2016,2016,March,March,19,11
2016-04-04 21:48:38,Ford_Fusion_1.4,privat,Offer,4200,test,kleinwagen,2010,manuell,80,fusion,60000,Nov,Gasoline,ford,No,2016-04-04 00:00:00,38458,2016-04-07 00:44:53,2016,2016,April,April,6,1
2016-03-27 10:53:47,***Ford_Fiesta!***_Muss_heute_weg!!!,privat,Offer,50,control,kleinwagen,1998,manuell,75,Other,150000,Nov,,ford,Other,2016-03-27 00:00:00,95473,2016-03-27 11:42:09,2016,2016,March,March,18,1
2016-03-21 17:44:06,Ford_Ka_leichter_Unfall,privat,Offer,200,control,kleinwagen,2002,manuell,60,ka,150000,Mar,Gasoline,ford,Yes,2016-03-21 00:00:00,55597,2016-03-22 22:18:52,2016,2016,March,March,14,9
2016-03-11 20:50:00,Ford_Focus_top_Zustand_mit_TÜV,privat,Offer,1100,control,kleinwagen,2001,manuell,95,focus,150000,Jan,Gasoline,ford,No,2016-03-11 00:00:00,42369,2016-03-13 02:45:13,2016,2016,March,March,15,11
2016-03-07 13:44:51,Ford_Fiesta_1.6_TDCI_ST_tuev_neu,privat,Offer,4000,control,kleinwagen,2007,manuell,90,fiesta,150000,Nov,Diesel,ford,No,2016-03-07 00:00:00,64289,2016-03-11 21:17:28,2016,2016,March,March,9,1
2016-03-29 20:25:23,Ford_Fiesta_IV_Unfallschaden/Ausschlachten,privat,Offer,1,control,kleinwagen,1999,manuell,62,fiesta,150000,Sep,Gasoline,ford,Yes,2016-03-29 00:00:00,35638,2016-04-06 10:45:42,2016,2016,March,March,17,3
2016-03-27 14:38:56,Bastlerfahrzeug,privat,Offer,200,control,kleinwagen,1997,manuell,60,fiesta,125000,Nov,Gasoline,ford,Yes,2016-03-27 00:00:00,66333,2016-03-27 14:38:56,2016,2016,March,March,19,1
2016-03-27 15:43:22,Ford_Fiesta_2.0_ST,privat,Offer,5750,control,kleinwagen,2006,manuell,150,fiesta,90000,Nov,Gasoline,ford,No,2016-03-27 00:00:00,73660,2016-04-07 12:44:25,2016,2016,March,March,10,1
2016-03-21 18:55:28,Ford_Fusion_1.4_TDCI,privat,Offer,2599,test,kleinwagen,2003,manuell,68,fusion,150000,Jan,Diesel,ford,No,2016-03-21 00:00:00,96369,2016-03-24 08:44:41,2016,2016,March,March,13,11
2016-03-16 14:51:20,FORD_FIESTA,privat,Offer,450,test,kleinwagen,1996,manuell,50,fiesta,150000,Apr,Gasoline,ford,No,2016-03-16 00:00:00,59427,2016-03-16 14:51:20,2016,2016,March,March,20,8
2016-03-12 18:39:37,Ford_Fiesta__TÜV___Zahnriehmen_neu_Scheckheft_nur_bei_Ford_!!!!,privat,Offer,2790,test,kleinwagen,2005,manuell,80,fiesta,80000,Aug,Gasoline,ford,Other,2016-03-12 00:00:00,71067,2016-03-17 21:44:30,2016,2016,March,March,11,4
2016-03-21 19:53:46,Ford_Fiesta__TUV__4_2017__alu_felge___somm_reifen__euro_4.,privat,Offer,700,test,kleinwagen,2001,manuell,60,fiesta,150000,Dec,Gasoline,ford,No,2016-03-21 00:00:00,94060,2016-03-21 19:53:46,2016,2016,March,March,15,0
2016-03-19 01:53:21,Ford_Fiesta_1.4,privat,Offer,3350,control,kleinwagen,2004,manuell,80,fiesta,80000,Jul,Gasoline,ford,Other,2016-03-19 00:00:00,9661,2016-04-02 07:48:18,2016,2016,March,March,12,5
2016-03-14 19:45:51,Ford_Fiesta_1_4_Ltr,privat,Offer,2100,control,kleinwagen,2002,manuell,80,fiesta,150000,Jan,Gasoline,ford,No,2016-03-14 00:00:00,91522,2016-04-06 05:15:45,2016,2016,March,March,14,11
2016-03-26 11:50:57,Ford_Ka_zu_verkaufen_mit_Tuev_bis_9/2017,privat,Offer,600,control,kleinwagen,1999,manuell,60,ka,90000,Jan,Gasoline,ford,Other,2016-03-26 00:00:00,49744,2016-03-29 13:47:37,2016,2016,March,March,17,11
2016-03-05 19:55:19,Ford_Ka,privat,Offer,1999,test,kleinwagen,2007,manuell,69,ka,90000,Mar,Gasoline,ford,No,2016-03-05 00:00:00,52525,2016-03-10 07:16:18,2016,2016,March,March,9,9
2016-04-04 20:47:57,Fahrzeug_Ford_Ka,privat,Offer,450,control,kleinwagen,2000,manuell,60,ka,150000,Oct,Gasoline,ford,No,2016-04-04 00:00:00,66557,2016-04-04 20:47:57,2016,2016,April,April,16,2
2016-03-19 18:45:20,Fiesta_TDI_1_4,privat,Offer,1550,test,kleinwagen,2004,manuell,0,fiesta,150000,Dec,Diesel,ford,No,2016-03-19 00:00:00,25566,2016-03-19 18:45:20,2016,2016,March,March,12,0
2016-04-02 08:57:52,Ford_Fiesta_Style,privat,Offer,249,control,kleinwagen,1999,manuell,75,fiesta,150000,Jan,Gasoline,ford,Yes,2016-04-02 00:00:00,33165,2016-04-06 07:44:41,2016,2016,April,April,17,11
2016-03-29 15:55:51,Super__Schoener_Ford_Ka,privat,Offer,1650,control,kleinwagen,2005,Unspecified,0,ka,80000,Jun,,ford,Other,2016-03-29 00:00:00,63477,2016-03-29 15:55:51,2016,2016,March,March,11,6
2016-03-12 18:48:18,FORD_FIESTA_Ghia,privat,Offer,850,test,kleinwagen,1996,manuell,90,fiesta,150000,Jul,Gasoline,ford,No,2016-03-12 00:00:00,29308,2016-03-22 04:46:55,2016,2016,March,March,20,5
2016-03-12 19:00:33,Ford_Fiesta_1.6,privat,Offer,2199,test,kleinwagen,2005,manuell,101,fiesta,150000,Jun,Gasoline,ford,No,2016-03-12 00:00:00,51105,2016-04-07 12:47:11,2016,2016,March,March,11,6
2016-03-29 21:40:31,Ford_Fiesta_1.4,privat,Offer,4360,test,kleinwagen,2008,manuell,80,fiesta,150000,Jul,Gasoline,ford,No,2016-03-29 00:00:00,32584,2016-03-31 15:17:02,2016,2016,March,March,8,5
2016-03-31 07:36:44,toller_Kleinwagen_sparsam_im_Verbrauch_mit_tuev,privat,Offer,300,test,kleinwagen,2002,manuell,50,ka,125000,Nov,Gasoline,ford,No,2016-03-31 00:00:00,34576,2016-04-04 01:17:14,2016,2016,March,March,14,1
2016-04-02 21:52:10,Ford_Fiesta,privat,Offer,3450,test,kleinwagen,2005,manuell,60,fiesta,125000,Dec,Gasoline,ford,Other,2016-04-02 00:00:00,49477,2016-04-06 23:44:48,2016,2016,April,April,11,0
2016-03-07 10:56:38,Preiswerter_Kleinwagen,privat,Offer,990,test,kleinwagen,1998,manuell,60,ka,125000,Jul,,ford,No,2016-03-07 00:00:00,6686,2016-04-07 07:45:21,2016,2016,March,March,18,5
2016-03-23 19:36:45,Ford_Ka_Fun__TÜV_NEU__erst_82TKM__Klima__eFH__ZV...,privat,Offer,1990,control,kleinwagen,2006,manuell,69,ka,90000,May,Gasoline,ford,No,2016-03-23 00:00:00,44866,2016-03-25 04:46:20,2016,2016,March,March,10,7
2016-03-30 15:56:07,Ford_Focus_1999_16V,privat,Offer,880,test,kleinwagen,1999,manuell,118,focus,150000,Mar,,ford,Other,2016-03-30 00:00:00,50735,2016-04-07 06:44:51,2016,2016,March,March,17,9
2016-03-31 13:53:56,"Ford_Focus_2_2006__DA3__18""_TÜV_NEU",privat,Offer,5150,control,kleinwagen,2006,manuell,80,focus,90000,Dec,Gasoline,ford,Other,2016-03-31 00:00:00,47179,2016-04-06 07:16:01,2016,2016,March,March,10,0
2016-03-21 22:38:12,Ford_KA_EZ_05/2006_89500km,privat,Offer,750,control,kleinwagen,2006,manuell,60,ka,90000,May,Gasoline,ford,No,2016-03-21 00:00:00,75245,2016-03-25 21:45:45,2016,2016,March,March,10,7
2016-03-20 14:49:20,Ford_fiesta_mit_tuev_servo_klima,privat,Offer,299,test,kleinwagen,1996,manuell,0,fiesta,150000,Dec,Gasoline,ford,Yes,2016-03-20 00:00:00,10823,2016-03-20 14:49:20,2016,2016,March,March,20,0
2016-04-01 23:38:18,Verkaufe_Ford_KA,privat,Offer,1500,control,kleinwagen,1998,manuell,60,ka,150000,Jun,Gasoline,ford,Other,2016-04-01 00:00:00,44227,2016-04-06 03:17:14,2016,2016,April,April,18,6
2016-04-01 16:49:47,Ford_Ka_Fun,privat,Offer,2200,control,kleinwagen,2006,manuell,69,ka,100000,Jun,Gasoline,ford,No,2016-04-01 00:00:00,24808,2016-04-05 12:17:03,2016,2016,April,April,10,6
2016-03-30 15:39:30,Ford_Ka_mit_Tuev,privat,Offer,650,test,kleinwagen,2002,manuell,60,ka,70000,Sep,,ford,Yes,2016-03-30 00:00:00,40721,2016-04-07 06:15:38,2016,2016,March,March,14,3
2016-03-23 16:49:51,Ford_Fiesta,privat,Offer,500,test,kleinwagen,1997,manuell,60,fiesta,90000,Oct,Gasoline,ford,No,2016-03-23 00:00:00,97478,2016-03-31 04:15:21,2016,2016,March,March,19,2
2016-03-22 13:48:05,Ford_Fiesta_1.25_Ambiente,privat,Offer,5199,control,kleinwagen,2009,manuell,60,fiesta,125000,Apr,Gasoline,ford,No,2016-03-22 00:00:00,54338,2016-04-06 02:44:36,2016,2016,March,March,7,8
2016-03-17 10:49:27,Ford_Fiesta_1996_85000_km,privat,Offer,590,test,kleinwagen,1996,manuell,50,fiesta,90000,May,,ford,No,2016-03-17 00:00:00,84547,2016-04-02 11:18:12,2016,2016,March,March,20,7
2016-03-28 10:48:07,Ford_Fiesta_Ghia_Edition,privat,Offer,400,control,kleinwagen,1996,manuell,75,fiesta,150000,Jun,Gasoline,ford,Yes,2016-03-28 00:00:00,32107,2016-03-31 18:46:40,2016,2016,March,March,20,6
2016-03-07 15:55:36,fort_KA_??????,privat,Offer,850,control,kleinwagen,2003,manuell,0,ka,5000,Nov,,ford,Other,2016-03-07 00:00:00,64521,2016-04-05 12:16:07,2016,2016,March,March,13,1
2016-03-05 14:27:48,Ford_Fiesta_tuev_neu,privat,Offer,1400,test,kleinwagen,2000,manuell,60,fiesta,125000,Dec,Gasoline,ford,No,2016-03-05 00:00:00,35683,2016-03-08 15:49:29,2016,2016,March,March,16,0
2016-03-14 12:58:33,FORD_FIESTA_JD3__BJ._2004__103000_km__TÜV_08/17,privat,Offer,1900,test,kleinwagen,2004,manuell,60,fiesta,125000,May,Gasoline,ford,No,2016-03-14 00:00:00,42117,2016-04-05 13:15:32,2016,2016,March,March,12,7
2016-04-02 06:03:24,Fiesta_Bj2006_51_KW_Tuev_ss4/2018_1.Hd.Klima_Scheckheft_2950__,privat,Offer,2950,control,kleinwagen,2006,manuell,69,fiesta,100000,Apr,Gasoline,ford,No,2016-04-02 00:00:00,50858,2016-04-02 09:42:11,2016,2016,April,April,10,8
2016-03-18 22:49:21,Ford_focus_Zustand_gebraucht!,privat,Offer,680,test,kleinwagen,2000,manuell,75,focus,150000,Jan,,ford,No,2016-03-18 00:00:00,75223,2016-04-06 02:17:31,2016,2016,March,March,16,11
2016-03-20 01:00:05,Verkauf_wegen_Neuanschaffung,privat,Offer,450,control,kleinwagen,1991,manuell,60,fiesta,150000,Jun,,ford,Other,2016-03-20 00:00:00,27578,2016-04-02 04:17:27,2016,2016,March,March,25,6
2016-03-30 13:55:25,Ford_Fiesta_TÜV_sofort_fahrbereit,privat,Offer,850,test,kleinwagen,1999,manuell,50,fiesta,150000,Nov,Gasoline,ford,No,2016-03-30 00:00:00,56564,2016-04-07 06:46:11,2016,2016,March,March,17,1
2016-04-04 01:36:56,Ford_Fiesta,privat,Offer,800,control,kleinwagen,1999,manuell,75,fiesta,150000,Oct,Gasoline,ford,No,2016-04-04 00:00:00,32756,2016-04-06 09:16:58,2016,2016,April,April,17,2
2016-03-12 11:52:27,?_Ford_Fiesta_nur_heut_VB:1111_?,privat,Offer,1111,test,kleinwagen,1999,manuell,0,fiesta,150000,Dec,Gasoline,ford,No,2016-03-12 00:00:00,12439,2016-03-12 11:52:27,2016,2016,March,March,17,0
2016-03-25 09:55:26,Ford__Ka__Klima_ZV__Scheckheft_mit_leichten_Unfall,privat,Offer,140,test,kleinwagen,2002,manuell,60,ka,150000,Mar,Gasoline,ford,Yes,2016-03-25 00:00:00,55597,2016-03-26 10:41:14,2016,2016,March,March,14,9
2016-04-02 19:42:31,Ford_ka_bj_2001_mit_TÜV_2017,privat,Offer,800,control,kleinwagen,2001,manuell,60,ka,80000,Jan,,ford,No,2016-04-02 00:00:00,47166,2016-04-06 19:45:00,2016,2016,April,April,15,11
2016-03-11 22:49:19,Zu_Verkauven_ein_Ford_Ka,privat,Offer,250,control,kleinwagen,1999,manuell,60,ka,150000,Feb,Gasoline,ford,Yes,2016-03-11 00:00:00,35274,2016-04-06 23:16:06,2016,2016,March,March,17,10
2016-03-23 19:41:35,Ford_Ka_Futura,privat,Offer,1650,control,kleinwagen,2002,manuell,60,ka,80000,Apr,Gasoline,ford,No,2016-03-23 00:00:00,86871,2016-04-03 23:17:21,2016,2016,March,March,14,8
2016-03-19 19:50:54,Ford_Focus_1_6_FLH,privat,Offer,1800,control,kleinwagen,2002,manuell,100,focus,150000,Jul,Gasoline,ford,No,2016-03-19 00:00:00,74321,2016-04-07 08:44:46,2016,2016,March,March,14,5
2016-03-10 18:45:59,Ford_Ka_Futura_Servo_CD_Klima_Euro4_Scheckh.TÜV_Neu_!,privat,Offer,1150,test,kleinwagen,2001,manuell,60,ka,150000,Feb,Gasoline,ford,No,2016-03-10 00:00:00,63814,2016-03-31 06:45:42,2016,2016,March,March,15,10
2016-03-23 17:25:19,Treuer_Ford_Ka_zu_verkaufen_fuer_200,privat,Offer,200,test,kleinwagen,1999,manuell,49,ka,150000,Mar,Gasoline,ford,No,2016-03-23 00:00:00,65627,2016-04-04 15:46:20,2016,2016,March,March,17,9
2016-03-18 02:36:23,Ford_Fiesta_1.6_TDCi_Ambiente,privat,Offer,3600,control,kleinwagen,2009,manuell,75,fiesta,100000,Aug,Diesel,ford,No,2016-03-18 00:00:00,22119,2016-03-18 08:39:12,2016,2016,March,March,7,4
2016-04-03 17:57:07,Ford_Ka__Benziner,privat,Offer,950,test,kleinwagen,2002,manuell,0,ka,150000,Jan,Gasoline,ford,Other,2016-04-03 00:00:00,26810,2016-04-05 18:17:53,2016,2016,April,April,14,11
2016-03-19 10:54:33,Ford_Fiesta_Style_mit_Klima_und_elektrische_Fenster_4_Tuerer,privat,Offer,250,test,kleinwagen,1998,manuell,0,fiesta,150000,Nov,Gasoline,ford,Other,2016-03-19 00:00:00,25569,2016-03-20 13:15:37,2016,2016,March,March,18,1
2016-03-15 21:47:26,FORD_KA_1.3_TOP!_TÜV_NEU_*Anfaengerauto*_*Winterauto*,privat,Offer,1099,control,kleinwagen,1997,manuell,0,ka,150000,Jun,Gasoline,ford,No,2016-03-15 00:00:00,58511,2016-04-07 06:16:04,2016,2016,March,March,19,6
2016-03-26 16:53:15,Ford_Fiesta,privat,Offer,100,control,kleinwagen,1994,manuell,50,fiesta,90000,Jan,Gasoline,ford,Yes,2016-03-26 00:00:00,49377,2016-03-28 05:45:52,2016,2016,March,March,22,11
2016-04-01 21:56:42,Ford_Fiesta_Style_Sport_TÜV_NEU_RECARO_75_PS,privat,Offer,1200,test,kleinwagen,1999,manuell,75,fiesta,90000,Feb,Gasoline,ford,No,2016-04-01 00:00:00,3046,2016-04-05 20:44:52,2016,2016,April,April,17,10
2016-03-16 21:48:41,Ford_Fiesta_Unfall,privat,Offer,1850,control,kleinwagen,2009,manuell,69,fiesta,80000,Apr,Gasoline,ford,Yes,2016-03-16 00:00:00,91177,2016-04-01 13:17:31,2016,2016,March,March,7,8
2016-03-22 10:49:02,Ford_Fusion,privat,Offer,4375,control,kleinwagen,2008,manuell,80,fusion,150000,May,Gasoline,ford,No,2016-03-22 00:00:00,22547,2016-04-05 22:44:45,2016,2016,March,March,8,7
2016-04-04 17:54:25,Ford_Fusion_1.4_Ambiente_Automatik_Getriebe_Klima,privat,Offer,2100,test,kleinwagen,2003,automatik,80,fusion,150000,Apr,Gasoline,ford,No,2016-04-04 00:00:00,52078,2016-04-06 19:48:29,2016,2016,April,April,13,8
2016-03-07 20:46:09,Ford_Fiesta_1.25_Titanium,privat,Offer,5300,test,kleinwagen,2009,manuell,82,fiesta,70000,Jun,Gasoline,ford,No,2016-03-07 00:00:00,53844,2016-03-11 04:17:33,2016,2016,March,March,7,6
2016-03-09 09:37:20,Ford_Ka_zum_schlachten,privat,Offer,350,test,kleinwagen,2000,manuell,60,ka,150000,Jan,Gasoline,ford,Other,2016-03-09 00:00:00,47805,2016-03-09 19:15:12,2016,2016,March,March,16,11
2016-03-08 17:38:02,FORD_FIESTA,privat,Offer,450,control,kleinwagen,1994,manuell,60,fiesta,5000,Dec,Gasoline,ford,No,2016-03-08 00:00:00,21107,2016-03-15 21:47:27,2016,2016,March,March,22,0
2016-03-20 22:40:37,Ford_Fiesta_1.1i_CLK__Orginal_54466_kM.2.Hand.TÜV_06.2016,privat,Offer,390,test,kleinwagen,1991,manuell,50,fiesta,60000,May,Gasoline,ford,Yes,2016-03-20 00:00:00,52349,2016-04-07 07:46:28,2016,2016,March,March,25,7
2016-03-29 14:58:55,Ford_Fiesta_1.6__TÜV_2018__Unfallauto,privat,Offer,1000,test,kleinwagen,2005,manuell,90,fiesta,150000,Mar,Diesel,ford,Other,2016-03-29 00:00:00,30827,2016-03-29 15:43:05,2016,2016,March,March,11,9
2016-03-09 20:55:30,Ford_Focus_1_4_l,privat,Offer,2499,test,kleinwagen,2002,manuell,0,focus,150000,Mar,Gasoline,ford,No,2016-03-09 00:00:00,26446,2016-04-05 19:16:36,2016,2016,March,March,14,9
2016-03-05 18:56:08,Ford_Fiesta_Trend_TÜV/AU_neu_90304km,privat,Offer,990,test,kleinwagen,1999,manuell,50,fiesta,100000,Nov,Gasoline,ford,No,2016-03-05 00:00:00,87700,2016-03-06 03:17:28,2016,2016,March,March,17,1
2016-03-31 18:37:59,Ford_Ka,privat,Offer,4500,control,kleinwagen,2009,manuell,94,ka,150000,Jun,Gasoline,ford,No,2016-03-31 00:00:00,26131,2016-04-06 12:16:12,2016,2016,March,March,7,6
2016-03-11 15:38:39,Kleiner_Ford_Ka_1_3i_Tuev_07/2017__Klima__Euro4_Hat___Sv__Zv__ABS,privat,Offer,1299,test,kleinwagen,2006,manuell,72,ka,150000,Mar,Gasoline,ford,No,2016-03-11 00:00:00,4654,2016-04-05 11:48:04,2016,2016,March,March,10,9
2016-03-22 01:51:44,Ford_Fiesta_1.4_White_Magic,privat,Offer,4400,test,kleinwagen,2008,manuell,80,fiesta,90000,May,Gasoline,ford,Other,2016-03-21 00:00:00,87787,2016-04-05 14:17:55,2016,2016,March,March,8,7
2016-04-04 12:39:52,Ford_Fiesta_an_Bastler,privat,Offer,100,control,kleinwagen,1995,manuell,45,fiesta,150000,Jan,Gasoline,ford,Yes,2016-04-04 00:00:00,49324,2016-04-06 13:44:23,2016,2016,April,April,21,11
2016-03-19 11:38:20,Ford_Ka_mit_Radio,privat,Offer,150,test,kleinwagen,1998,manuell,65,ka,80000,Apr,Gasoline,ford,Yes,2016-03-19 00:00:00,59174,2016-03-26 21:46:28,2016,2016,March,March,18,8
2016-03-05 20:55:01,Ford_Fiesta_1_4_Ghia,privat,Offer,2750,control,kleinwagen,2004,manuell,80,fiesta,125000,Mar,Gasoline,ford,Other,2016-03-05 00:00:00,44627,2016-03-12 17:17:42,2016,2016,March,March,12,9
2016-03-20 18:51:04,Ford_Fiesta_We_will_Rock_you_Sondermodell__Klima__5_tuerig,privat,Offer,2590,test,kleinwagen,2005,manuell,69,fiesta,125000,Sep,Gasoline,ford,No,2016-03-20 00:00:00,53567,2016-03-26 13:16:28,2016,2016,March,March,11,3
2016-03-09 20:54:10,zuverkaufen,privat,Offer,1300,test,kleinwagen,2003,Unspecified,0,fiesta,150000,Nov,,ford,Other,2016-03-09 00:00:00,59192,2016-03-09 20:54:10,2016,2016,March,March,13,1
2016-03-14 18:48:17,Ford_Fiesta__60PS__blau__als_Bastlerfahrzeug,privat,Offer,200,test,kleinwagen,1997,manuell,60,fiesta,150000,Sep,Gasoline,ford,Yes,2016-03-14 00:00:00,73271,2016-03-15 14:16:09,2016,2016,March,March,19,3
2016-04-05 10:46:39,Ford_KA_**Euro_4_**_Klima**sehr_gepflegt***_TÜV_12/2016***2._Hand,privat,Offer,750,control,kleinwagen,2003,manuell,60,ka,125000,Dec,Gasoline,ford,No,2016-04-05 00:00:00,73485,2016-04-07 13:17:37,2016,2016,April,April,13,0
2016-03-22 16:51:03,Ford_Ka_!!TÜV_Neu_!!,privat,Offer,1000,test,kleinwagen,2001,manuell,0,ka,90000,Jan,,ford,Other,2016-03-22 00:00:00,4109,2016-03-24 00:46:48,2016,2016,March,March,15,11
2016-03-14 15:56:24,Ford_ka_2002,privat,Offer,400,control,kleinwagen,2002,manuell,0,Other,5000,Jan,,ford,No,2016-03-14 00:00:00,29323,2016-04-03 19:15:45,2016,2016,March,March,14,11
2016-03-23 15:58:24,Ford_KA,privat,Offer,1700,test,kleinwagen,2002,manuell,0,ka,150000,Jul,Gasoline,ford,Other,2016-03-23 00:00:00,47249,2016-04-05 19:17:41,2016,2016,March,March,14,5
2016-03-07 18:39:59,Ford_Fiesta,privat,Offer,890,control,kleinwagen,2002,manuell,50,fiesta,150000,Jan,Gasoline,ford,No,2016-03-07 00:00:00,41836,2016-03-08 23:45:58,2016,2016,March,March,14,11
2016-04-04 11:47:00,Ford_ka_ausschlachten,privat,Offer,100,control,kleinwagen,1999,manuell,50,Other,125000,Jul,Gasoline,ford,Yes,2016-04-04 00:00:00,33378,2016-04-06 12:46:12,2016,2016,April,April,17,5
2016-03-11 17:37:22,SUCHE_EINEN_FIESTA_SILBER_MAGIC,privat,Offer,1,control,kleinwagen,2008,Unspecified,70,fiesta,60000,Aug,Gasoline,ford,No,2016-03-11 00:00:00,42111,2016-03-26 07:47:17,2016,2016,March,March,8,4
2016-04-02 21:54:13,Ford_fiesta_mk3,privat,Offer,600,test,kleinwagen,1995,manuell,60,fiesta,150000,Dec,,ford,No,2016-04-02 00:00:00,94491,2016-04-06 23:44:54,2016,2016,April,April,21,0
2016-03-16 17:53:18,Ford_Fiesta_1.25,privat,Offer,2899,control,kleinwagen,2003,manuell,69,fiesta,90000,Sep,Gasoline,ford,No,2016-03-16 00:00:00,72574,2016-04-07 00:45:30,2016,2016,March,March,13,3
2016-03-11 12:51:15,Ford_Fiesta_Flair,privat,Offer,1100,test,kleinwagen,1997,manuell,60,fiesta,150000,May,Gasoline,ford,No,2016-03-11 00:00:00,33397,2016-04-07 08:17:38,2016,2016,March,March,19,7
2016-03-20 23:43:48,Ford_Fiesta_1.3_Futura,privat,Offer,2800,control,kleinwagen,2006,manuell,60,fiesta,70000,Feb,Gasoline,ford,No,2016-03-20 00:00:00,10247,2016-03-22 03:17:02,2016,2016,March,March,10,10
2016-04-02 15:42:27,Ford_Fiesta_1.25_Trend_82_PS_Unfallfrei,privat,Offer,4900,control,kleinwagen,2009,manuell,82,fiesta,90000,Apr,Gasoline,ford,No,2016-04-02 00:00:00,93093,2016-04-06 14:16:44,2016,2016,April,April,7,8
2016-04-05 13:36:35,Ford_Fiesta,privat,Offer,999,test,kleinwagen,2002,manuell,75,fiesta,150000,Sep,Gasoline,ford,No,2016-04-05 00:00:00,44328,2016-04-05 13:36:35,2016,2016,April,April,14,3
2016-04-02 12:46:48,verkaufe_ford_puma,privat,Offer,1600,test,kleinwagen,2001,manuell,103,andere,50000,Mar,Gasoline,ford,No,2016-04-02 00:00:00,66333,2016-04-02 12:46:48,2016,2016,April,April,15,9
2016-03-09 12:46:40,Ford_Ka_1.2_Start_Stopp_System,privat,Offer,5250,control,kleinwagen,2015,manuell,69,ka,5000,May,Gasoline,ford,Yes,2016-03-09 00:00:00,45731,2016-03-10 08:15:34,2016,2016,March,March,1,7
2016-03-06 08:53:12,Ford_fiesta_bj_2001_TÜV_07/2017_*servo/klima/elektr._Fenster,privat,Offer,850,test,kleinwagen,2001,Unspecified,60,fiesta,150000,Jan,,ford,No,2016-03-06 00:00:00,45657,2016-03-08 14:46:24,2016,2016,March,March,15,11
2016-04-03 13:55:48,Ford_Fiesta_JD3_schwarz,privat,Offer,2300,control,kleinwagen,2003,manuell,61,fiesta,100000,Sep,Gasoline,ford,Other,2016-04-03 00:00:00,45143,2016-04-05 12:46:49,2016,2016,April,April,13,3
2016-03-30 21:39:58,Ford_Ka_1.2_Titanium,privat,Offer,5300,test,kleinwagen,2010,manuell,69,ka,90000,Jun,Gasoline,ford,No,2016-03-30 00:00:00,59889,2016-04-05 11:45:46,2016,2016,March,March,6,6
2016-03-07 09:54:31,Ford_Fiesta__8_x_Bereift,privat,Offer,5100,control,kleinwagen,2009,manuell,82,fiesta,125000,May,Gasoline,ford,No,2016-03-07 00:00:00,64753,2016-03-10 11:16:07,2016,2016,March,March,7,7
2016-03-17 10:50:19,Verkaufe_mein_Auto,privat,Offer,550,test,kleinwagen,1991,manuell,50,fiesta,150000,Apr,Gasoline,ford,Other,2016-03-17 00:00:00,3116,2016-03-19 10:15:53,2016,2016,March,March,25,8
2016-03-24 22:49:59,Ford_Capri/Fiat_500/Vw_Kaefer,privat,Offer,1000,control,kleinwagen,1970,Unspecified,0,andere,100000,Jan,,ford,Other,2016-03-24 00:00:00,74172,2016-04-05 20:19:29,2016,2016,March,March,46,11
2016-03-24 09:46:16,Ford_ka_von_2009_zu_verkaufen,privat,Offer,3000,control,kleinwagen,2009,manuell,0,Other,150000,Jun,Gasoline,ford,Other,2016-03-24 00:00:00,48565,2016-03-24 09:46:16,2016,2016,March,March,7,6
2016-03-28 21:56:08,Ford_Fiesta_1_4_TDCI,privat,Offer,3099,control,kleinwagen,2008,manuell,68,fiesta,150000,Aug,Diesel,ford,No,2016-03-28 00:00:00,19372,2016-04-07 05:16:53,2016,2016,March,March,8,4
2016-03-05 18:51:02,Ford_Fiesta_1.3_Liter,privat,Offer,120,test,kleinwagen,1996,manuell,0,fiesta,150000,Jan,,ford,Other,2016-03-05 00:00:00,32278,2016-04-03 09:02:38,2016,2016,March,March,20,11
2016-03-22 12:49:01,Ford_Fiesta_1.25_Trend,privat,Offer,4900,control,kleinwagen,2009,manuell,60,fiesta,80000,Jan,Gasoline,ford,No,2016-03-22 00:00:00,47229,2016-03-25 04:45:01,2016,2016,March,March,7,11
2016-03-26 21:50:13,LUXUS_EDITION_VOLLAUSSTATTUNG_BJ_2004_TÜV_INNEN_NEUZUSTAND+KLIMA,privat,Offer,1499,control,kleinwagen,2004,Unspecified,69,ka,150000,Mar,Gasoline,ford,No,2016-03-26 00:00:00,80939,2016-03-30 02:15:31,2016,2016,March,March,12,9
2016-03-10 20:49:11,Ford_Fiesta_1.3,privat,Offer,1200,test,kleinwagen,2003,manuell,60,fiesta,150000,Jun,Gasoline,ford,No,2016-03-10 00:00:00,66111,2016-03-21 13:18:27,2016,2016,March,March,13,6
2016-03-21 18:49:58,Ford_ka_ohne_TÜV_fuer_Bastler,privat,Offer,100,test,kleinwagen,2002,Unspecified,0,Other,150000,Jan,,ford,Other,2016-03-21 00:00:00,26676,2016-03-21 18:49:58,2016,2016,March,March,14,11
2016-03-19 09:38:31,Ford_Fusion_1.25_Ambiente_2.Hand__Zahnriemen_&_Inspektion_neu,privat,Offer,2700,test,kleinwagen,2006,manuell,75,fusion,150000,Mar,Gasoline,ford,No,2016-03-19 00:00:00,28777,2016-03-20 10:48:38,2016,2016,March,March,10,9
2016-04-01 21:43:02,Ford_fiesta,privat,Offer,850,test,kleinwagen,1998,manuell,75,fiesta,90000,May,Gasoline,ford,Other,2016-04-01 00:00:00,14612,2016-04-01 21:43:02,2016,2016,April,April,18,7
2016-04-05 00:37:43,Fiesta_TÜV:04.2017_1.Hand_44000km._Sehr_gepflegt,privat,Offer,1299,control,kleinwagen,2000,manuell,50,Other,50000,Mar,Gasoline,ford,No,2016-04-04 00:00:00,28790,2016-04-05 06:46:58,2016,2016,April,April,16,9
2016-03-23 12:52:01,Ford_Fiesta_Tuev_bis_07.2017...FAHRBEREIT,privat,Offer,500,control,kleinwagen,1994,manuell,60,fiesta,60000,Mar,,ford,Yes,2016-03-23 00:00:00,27637,2016-03-26 05:44:38,2016,2016,March,March,22,9
2016-03-23 19:00:15,FORD_Fiesta_TÜV/AU_3_/2018_1.3i__60PS_Euro_4_Servo,privat,Offer,990,test,kleinwagen,2002,manuell,60,fiesta,150000,Feb,Gasoline,ford,No,2016-03-23 00:00:00,37191,2016-03-25 03:16:22,2016,2016,March,March,14,10
2016-04-02 20:38:34,Ford_Fiesta_Viva__Klima__zentral__cd__Silber_tiefer__alu,privat,Offer,2690,test,kleinwagen,2004,manuell,56,fiesta,80000,Dec,Gasoline,ford,No,2016-04-02 00:00:00,41812,2016-04-02 20:38:34,2016,2016,April,April,12,0
2016-03-06 18:47:08,Verkaufe_Ford_Fiesta,privat,Offer,2500,control,kleinwagen,2004,manuell,70,fiesta,150000,Aug,Gasoline,ford,No,2016-03-06 00:00:00,14513,2016-03-12 14:17:17,2016,2016,March,March,12,4
2016-03-12 22:53:57,Ford_Fiesta,privat,Offer,800,control,kleinwagen,2002,manuell,58,fiesta,150000,Mar,Gasoline,ford,No,2016-03-12 00:00:00,47906,2016-03-29 23:45:51,2016,2016,March,March,14,9
2016-03-28 14:58:01,Ford_KA_2002_*26.03.16_Neuer_TÜV_gemacht*,privat,Offer,980,test,kleinwagen,2002,manuell,60,ka,70000,Mar,Gasoline,ford,Other,2016-03-28 00:00:00,55543,2016-03-28 14:58:01,2016,2016,March,March,14,9
2016-03-25 10:50:27,Ford_Fiesta_1.3,privat,Offer,2250,control,kleinwagen,2006,manuell,69,fiesta,150000,Aug,Gasoline,ford,No,2016-03-25 00:00:00,65201,2016-03-25 15:30:28,2016,2016,March,March,10,4
2016-03-19 15:58:23,Ford_Fusion_1.4,privat,Offer,2990,control,kleinwagen,2005,manuell,80,fusion,150000,Oct,Gasoline,ford,No,2016-03-19 00:00:00,24229,2016-04-07 01:15:33,2016,2016,March,March,11,2
2016-03-21 18:40:56,Ford_Fiesta_1.4_TDCI,privat,Offer,2800,test,kleinwagen,2004,manuell,68,fiesta,150000,May,Diesel,ford,No,2016-03-21 00:00:00,22115,2016-04-06 19:47:45,2016,2016,March,March,12,7
2016-03-10 19:51:14,Ford_Ka_Servo__Klima,privat,Offer,2500,control,kleinwagen,2008,manuell,70,ka,100000,Apr,Gasoline,ford,No,2016-03-10 00:00:00,87484,2016-03-14 19:16:44,2016,2016,March,March,8,8
2016-03-28 20:43:04,Ford_Fiesta_1.3,privat,Offer,1799,control,kleinwagen,2005,manuell,60,fiesta,150000,Aug,Gasoline,ford,No,2016-03-28 00:00:00,39128,2016-04-01 06:15:38,2016,2016,March,March,11,4
2016-03-31 21:43:27,Ford_Fiesta_Zum_Auschlachten_oder_Herrichten,privat,Offer,399,test,kleinwagen,1996,manuell,50,fiesta,125000,Oct,Gasoline,ford,No,2016-03-31 00:00:00,66115,2016-04-04 15:17:07,2016,2016,March,March,20,2
2016-04-01 19:57:16,Ford_Fiesta_1.3,privat,Offer,3250,control,kleinwagen,2006,manuell,0,fiesta,125000,Jun,Gasoline,ford,No,2016-04-01 00:00:00,18119,2016-04-01 20:42:58,2016,2016,April,April,10,6
2016-03-08 18:39:35,Ford_Fiesta_1.25_Ambiente,privat,Offer,5450,test,kleinwagen,2009,manuell,60,fiesta,80000,Mar,Gasoline,ford,No,2016-03-08 00:00:00,78595,2016-03-16 22:18:23,2016,2016,March,March,7,9
2016-03-14 16:38:17,Ford_ka_mit_klima_und_rest_tuev,privat,Offer,550,test,kleinwagen,2001,manuell,0,ka,100000,Jan,Gasoline,ford,Other,2016-03-14 00:00:00,47166,2016-03-15 11:17:00,2016,2016,March,March,15,11
2016-03-27 13:58:43,Ford_Ka,privat,Offer,1200,test,kleinwagen,2001,manuell,60,ka,100000,Jan,Gasoline,ford,No,2016-03-27 00:00:00,51580,2016-03-30 18:46:53,2016,2016,March,March,15,11
2016-03-17 18:56:41,Ford_KA_TÜV_02/18,privat,Offer,1000,control,kleinwagen,2000,manuell,60,ka,80000,Aug,Gasoline,ford,Other,2016-03-17 00:00:00,72072,2016-03-17 19:42:13,2016,2016,March,March,16,4
2016-03-30 17:44:24,Ford_Fiesta_1.4_TDCi_SPORT___Scheckheft_gepflegt,privat,Offer,5450,control,kleinwagen,2009,manuell,68,fiesta,150000,Oct,Diesel,ford,No,2016-03-30 00:00:00,83024,2016-04-07 08:16:52,2016,2016,March,March,7,2
2016-03-23 19:45:49,Ford_Focus_Facelift,privat,Offer,2500,control,kleinwagen,2002,manuell,0,focus,150000,Jan,,ford,No,2016-03-23 00:00:00,49504,2016-03-31 07:47:05,2016,2016,March,March,14,11
2016-03-26 09:55:28,Spritziges_Anfaengerauto_Ford_fiesta_style,privat,Offer,700,control,kleinwagen,1999,manuell,0,fiesta,125000,Jan,,ford,Other,2016-03-26 00:00:00,88525,2016-03-26 09:55:28,2016,2016,March,March,17,11
2016-03-15 12:47:39,Ford_Fiesta_1.25_Ambiente,privat,Offer,4300,control,kleinwagen,2008,manuell,82,fiesta,125000,Nov,Gasoline,ford,No,2016-03-15 00:00:00,66839,2016-04-06 01:15:57,2016,2016,March,March,8,1
2016-03-21 13:57:18,Ford_Ka_Futura,privat,Offer,800,test,kleinwagen,2003,manuell,69,ka,150000,Sep,Gasoline,ford,No,2016-03-21 00:00:00,35041,2016-03-28 21:45:20,2016,2016,March,March,13,3
2016-03-11 09:58:21,Ford_Fiesta_1_25i__55Kw__Klima__2_x_Airbag__D4Kat__Servo,privat,Offer,295,control,kleinwagen,1998,manuell,72,fiesta,125000,Aug,Gasoline,ford,Yes,2016-03-11 00:00:00,4655,2016-03-17 12:18:05,2016,2016,March,March,18,4
2016-03-26 16:45:04,Ford_Ka_an_Bastler_abzugeben,privat,Offer,250,control,kleinwagen,2002,manuell,60,ka,125000,Feb,Gasoline,ford,Yes,2016-03-26 00:00:00,28327,2016-04-06 04:46:25,2016,2016,March,March,14,10
2016-04-01 20:56:04,Ford_Fiesta_Tuev_Sommerreifen_Winterreifen_Anfaengerauto_winterauto,privat,Offer,333,test,kleinwagen,1997,manuell,75,fiesta,90000,Jan,Gasoline,ford,Other,2016-04-01 00:00:00,6636,2016-04-01 20:56:04,2016,2016,April,April,19,11
2016-03-20 10:43:46,Ford_Fiesta_Klima__Sitz__+_Frontscheibenh._1._Hand_nur_38tkm_PDC,privat,Offer,5500,control,kleinwagen,2009,manuell,60,fiesta,40000,Aug,Gasoline,ford,Other,2016-03-20 00:00:00,50389,2016-04-02 08:47:16,2016,2016,March,March,7,4
2016-03-18 09:47:24,Guenstig_und_Gut,privat,Offer,350,control,kleinwagen,2004,manuell,60,ka,90000,Aug,Gasoline,ford,Yes,2016-03-18 00:00:00,25551,2016-04-05 22:15:50,2016,2016,March,March,12,4
2016-03-29 12:48:28,Ford_focus_mit_Prins_gasanlage_zu_verkaufen,privat,Offer,2999,test,kleinwagen,2004,manuell,0,focus,150000,Jan,Lpg,ford,No,2016-03-29 00:00:00,51147,2016-04-05 22:16:19,2016,2016,March,March,12,11
2016-03-11 13:36:59,Ford_Fiesta,privat,Offer,200,test,kleinwagen,2000,manuell,60,fiesta,150000,Sep,Gasoline,ford,Other,2016-03-11 00:00:00,1159,2016-03-29 03:45:55,2016,2016,March,March,16,3
2016-03-23 21:37:41,Ford_Ka_Verkauf,privat,Offer,0,test,kleinwagen,1998,Unspecified,0,ka,150000,Jan,,ford,Other,2016-03-23 00:00:00,4357,2016-04-06 03:46:41,2016,2016,March,March,18,11
2016-03-16 18:38:38,Ford_Fiesta_Style__erst_64tkm__Tuev_bis_10/_2017,privat,Offer,650,control,kleinwagen,1999,manuell,50,fiesta,70000,Jan,Gasoline,ford,No,2016-03-16 00:00:00,12207,2016-03-17 16:47:35,2016,2016,March,March,17,11
2016-03-20 12:44:45,Ford_Fiesta_Automatik,privat,Offer,950,test,kleinwagen,1997,automatik,72,fiesta,125000,Jul,Gasoline,ford,No,2016-03-20 00:00:00,47059,2016-04-04 10:47:21,2016,2016,March,March,19,5
2016-03-21 15:43:36,Ford_ja_ohne_TÜV,privat,Offer,249,control,kleinwagen,2002,manuell,60,ka,150000,Mar,Gasoline,ford,No,2016-03-21 00:00:00,73054,2016-03-22 20:15:36,2016,2016,March,March,14,9
2016-03-08 11:48:20,Ford_Fiesta_TUV__4_2017_alu_felge__somm_reifen,privat,Offer,700,control,kleinwagen,2001,manuell,60,fiesta,150000,Dec,Gasoline,ford,No,2016-03-08 00:00:00,94060,2016-03-22 03:47:20,2016,2016,March,March,15,0
2016-03-17 19:45:40,Ford_Fiesta_Style,privat,Offer,1500,control,kleinwagen,1998,manuell,75,fiesta,150000,May,Gasoline,ford,No,2016-03-17 00:00:00,25548,2016-04-07 07:17:36,2016,2016,March,March,18,7
2016-03-10 22:37:31,Ford_Ka,privat,Offer,750,control,kleinwagen,2001,manuell,60,ka,100000,Oct,Gasoline,ford,No,2016-03-10 00:00:00,47119,2016-03-11 16:47:18,2016,2016,March,March,15,2
2016-03-17 17:49:41,Ford_Ka_1,privat,Offer,1349,control,kleinwagen,1999,manuell,60,ka,90000,Feb,Gasoline,ford,No,2016-03-17 00:00:00,66292,2016-04-01 07:48:29,2016,2016,March,March,17,10
2016-03-09 15:37:56,Ford_ka_an_bastler_tuev_03/2016,privat,Offer,222,control,kleinwagen,1999,manuell,60,ka,125000,Jan,,ford,Yes,2016-03-09 00:00:00,24222,2016-03-12 10:17:13,2016,2016,March,March,17,11
2016-03-23 18:59:55,Ford_Fiesta_1.4_Ambiente,privat,Offer,3200,test,kleinwagen,2005,manuell,80,fiesta,80000,Mar,Gasoline,ford,No,2016-03-23 00:00:00,87763,2016-03-29 14:17:42,2016,2016,March,March,11,9
2016-03-19 18:40:53,Ford_Fiesta_Ghia,privat,Offer,550,test,kleinwagen,1997,automatik,75,fiesta,150000,Sep,Gasoline,ford,No,2016-03-19 00:00:00,98701,2016-04-07 05:17:39,2016,2016,March,March,19,3
2016-04-04 21:43:49,Ford_Ka_Schwarz_Sportausfuehrung_ohne_Tuev,privat,Offer,150,test,kleinwagen,2000,manuell,45,ka,150000,Dec,Gasoline,ford,Other,2016-04-04 00:00:00,26133,2016-04-04 21:43:49,2016,2016,April,April,16,0
2016-03-19 22:58:58,Ford_Ka_Fahrbereit_Tuev_10.2017,privat,Offer,899,test,kleinwagen,1999,manuell,60,ka,125000,Jan,Gasoline,ford,No,2016-03-19 00:00:00,72250,2016-03-28 01:47:13,2016,2016,March,March,17,11
2016-04-03 11:56:33,Ford_Fiesta_Ghia,privat,Offer,888,control,kleinwagen,1998,manuell,75,fiesta,100000,May,Gasoline,ford,No,2016-04-03 00:00:00,73329,2016-04-03 11:56:33,2016,2016,April,April,18,7
2016-03-17 18:50:59,Ford_Fusion_1.6_mit_AHK/_Klima_und_8_fach_bereift,privat,Offer,3550,control,kleinwagen,2003,manuell,101,fusion,80000,Oct,Gasoline,ford,No,2016-03-17 00:00:00,50829,2016-03-27 11:17:22,2016,2016,March,March,13,2
2016-03-25 14:57:39,Ford_Fiesta_1.4_Trend,privat,Offer,1699,control,kleinwagen,2003,manuell,80,fiesta,150000,Jul,Gasoline,ford,No,2016-03-25 00:00:00,14163,2016-03-28 15:15:22,2016,2016,March,March,13,5
2016-03-10 19:39:35,Ford_Fiesta_1.4_Ambiente,privat,Offer,4700,control,kleinwagen,2008,manuell,80,fiesta,70000,Sep,Gasoline,ford,No,2016-03-10 00:00:00,35110,2016-04-06 02:17:35,2016,2016,March,March,8,3
2016-04-04 22:36:34,Verkaufe_ford_Fiesta_Mk3,privat,Offer,800,test,kleinwagen,1995,manuell,50,fiesta,90000,Nov,Gasoline,ford,No,2016-04-04 00:00:00,91626,2016-04-07 03:17:11,2016,2016,April,April,21,1
2016-04-03 19:44:44,Ford_Ka.,privat,Offer,250,test,kleinwagen,2000,manuell,0,ka,150000,Mar,Gasoline,ford,Other,2016-04-03 00:00:00,48599,2016-04-05 20:16:36,2016,2016,April,April,16,9
2016-03-16 21:58:12,Ford_Fiesta_V_1.25_16V_Finesse_100_/_TÜV_Neu,privat,Offer,1990,control,kleinwagen,2003,manuell,70,fiesta,150000,Aug,Gasoline,ford,Other,2016-03-16 00:00:00,66333,2016-04-01 15:45:45,2016,2016,March,March,13,4
2016-03-08 11:47:22,Ford_Ka_Bj._1/2006_..118.000_km.._1.Hand.._angemeldet.,privat,Offer,1200,control,kleinwagen,2006,manuell,60,ka,125000,Jan,Gasoline,ford,No,2016-03-08 00:00:00,12107,2016-03-08 18:18:36,2016,2016,March,March,10,11
2016-04-04 21:59:40,Ford_Fiesta,privat,Offer,1100,test,kleinwagen,1999,manuell,60,fiesta,100000,Mar,Gasoline,ford,No,2016-04-04 00:00:00,27607,2016-04-04 21:59:40,2016,2016,April,April,17,9
2016-03-24 21:48:37,Ford_Fiesta_mit_TÜV_*_Bj_97_silber__5_Tuerer__Bastlerfahrzeug,privat,Offer,200,test,kleinwagen,1997,manuell,60,fiesta,150000,Nov,Gasoline,ford,Other,2016-03-24 00:00:00,50735,2016-03-24 22:41:50,2016,2016,March,March,19,1
2016-03-16 12:31:59,Ford_Fiesta_Tuev_bis_2017__sehr_gute_zustand,privat,Offer,1200,test,kleinwagen,1998,automatik,75,fiesta,100000,Jul,Gasoline,ford,No,2016-03-16 00:00:00,65428,2016-04-05 11:48:17,2016,2016,March,March,18,5
2016-03-07 14:48:48,Ford_Fiesta,privat,Offer,1000,control,kleinwagen,1998,manuell,75,fiesta,100000,Nov,Gasoline,ford,No,2016-03-07 00:00:00,71636,2016-03-07 14:48:48,2016,2016,March,March,18,1
2016-03-06 21:43:27,Ford_Ka_mit_LPG_Gasanlage_zu_verkaufen,privat,Offer,1999,control,kleinwagen,2008,manuell,60,ka,150000,Apr,Lpg,ford,No,2016-03-06 00:00:00,49594,2016-03-21 22:18:37,2016,2016,March,March,8,8
2016-03-11 12:48:04,Ford_Fiesta,privat,Offer,4500,test,kleinwagen,2014,manuell,82,fiesta,30000,Jan,Gasoline,ford,Yes,2016-03-11 00:00:00,71546,2016-03-14 08:45:27,2016,2016,March,March,2,11
2016-03-05 18:44:43,Ford_Escort__sehr_zuverlaessig,privat,Offer,255,test,kleinwagen,1994,manuell,90,escort,150000,Aug,Gasoline,ford,Other,2016-03-05 00:00:00,28876,2016-03-06 03:44:52,2016,2016,March,March,22,4
2016-03-24 15:54:50,Ford_Fiesta_gepflegt.,privat,Offer,4990,test,kleinwagen,2010,manuell,68,fiesta,125000,Jun,Diesel,ford,Other,2016-03-24 00:00:00,41849,2016-04-07 08:45:07,2016,2016,March,March,6,6
2016-04-04 17:55:19,Ford_Fiesta,privat,Offer,799,test,kleinwagen,1999,manuell,60,fiesta,125000,Jul,Gasoline,ford,No,2016-04-04 00:00:00,7549,2016-04-04 17:55:19,2016,2016,April,April,17,5
2016-03-22 16:25:20,Ford_Fiesta_JAS_Baujahr_1998,privat,Offer,300,test,kleinwagen,1998,manuell,60,Other,150000,Sep,,ford,Yes,2016-03-22 00:00:00,65343,2016-03-30 15:18:16,2016,2016,March,March,18,3
2016-03-27 12:36:45,Ford_KA_mit_Klimaanlage,privat,Offer,550,test,kleinwagen,2001,manuell,60,ka,150000,May,Gasoline,ford,No,2016-03-27 00:00:00,91550,2016-04-07 09:16:15,2016,2016,March,March,15,7
2016-03-10 09:53:14,Ford_Focus_1_4_fuer_Export_oder_zum_Schlachten,privat,Offer,450,test,kleinwagen,1999,manuell,75,focus,150000,Feb,Gasoline,ford,Yes,2016-03-10 00:00:00,58453,2016-03-10 21:17:35,2016,2016,March,March,17,10
2016-04-03 18:56:19,Ford_Fiesta_Ersatzteilspender,privat,Offer,0,control,kleinwagen,1997,manuell,0,fiesta,100000,Oct,Gasoline,ford,Yes,2016-04-03 00:00:00,16816,2016-04-05 19:19:28,2016,2016,April,April,19,2
2016-03-31 13:38:37,Silberner_Ford_Ka,privat,Offer,150,control,kleinwagen,1998,manuell,60,ka,90000,Mar,Gasoline,ford,Other,2016-03-31 00:00:00,32257,2016-04-02 08:18:47,2016,2016,March,March,18,9
2016-03-11 14:56:06,Ford_Ka,privat,Offer,800,control,kleinwagen,2004,manuell,69,ka,125000,Apr,Gasoline,ford,Yes,2016-03-11 00:00:00,50769,2016-03-11 14:56:06,2016,2016,March,March,12,8
2016-03-31 20:39:01,Ford_Fusion_1.4_EURO_3__5L,privat,Offer,4000,test,kleinwagen,2004,automatik,67,fusion,150000,Jun,Diesel,ford,No,2016-03-31 00:00:00,13159,2016-04-06 15:15:55,2016,2016,March,March,12,6
2016-03-12 20:50:39,Ford_Fiesta_1.6_TDCI,privat,Offer,3950,control,kleinwagen,2008,manuell,90,fiesta,150000,Jun,Diesel,ford,No,2016-03-12 00:00:00,35606,2016-03-16 23:46:25,2016,2016,March,March,8,6
2016-03-13 20:38:54,Ford_K_Baujahr_2001_Blau_an_Bastler_gegen_hoehstgebot_abzugeben.,privat,Offer,190,control,kleinwagen,2001,manuell,44,ka,150000,Feb,Gasoline,ford,Other,2016-03-13 00:00:00,51515,2016-04-06 18:46:11,2016,2016,March,March,15,10
2016-03-17 23:40:49,Ford_fiasta_?,privat,Offer,620,control,kleinwagen,1998,automatik,0,fiesta,50000,Nov,Gasoline,ford,No,2016-03-17 00:00:00,20537,2016-03-29 06:17:27,2016,2016,March,March,18,1
2016-03-25 13:37:24,FORD_FIESTA,privat,Offer,2450,test,kleinwagen,2005,manuell,60,fiesta,125000,Jun,Gasoline,ford,No,2016-03-25 00:00:00,48159,2016-04-06 15:44:32,2016,2016,March,March,11,6
2016-03-12 19:52:01,Ford_Fiesta_1.4_TDCI,privat,Offer,2400,test,kleinwagen,2002,manuell,68,fiesta,150000,Oct,Diesel,ford,No,2016-03-12 00:00:00,90429,2016-03-16 02:16:25,2016,2016,March,March,14,2
2016-04-01 19:50:26,Ford_Fiesta_1_3l_60PS_EZ_11/2004_3trg._52.000km_TueV/AU_NEU,privat,Offer,2350,control,kleinwagen,2004,manuell,60,fiesta,60000,Nov,Gasoline,ford,Other,2016-04-01 00:00:00,31275,2016-04-05 16:45:32,2016,2016,April,April,12,1
2016-03-22 14:48:47,Ford_Fiesta_org.54.000_km__13_Jahre_im_Besitz_/_TÜV_neu,privat,Offer,1650,control,kleinwagen,2002,manuell,60,fiesta,60000,Dec,Gasoline,ford,No,2016-03-22 00:00:00,66123,2016-04-06 03:46:25,2016,2016,March,March,14,0
2016-03-20 23:37:04,Ford_Ka_Royal,privat,Offer,1380,control,kleinwagen,2006,manuell,69,ka,80000,Apr,Gasoline,ford,No,2016-03-20 00:00:00,76694,2016-03-22 11:16:06,2016,2016,March,March,10,8
2016-03-22 12:55:36,Ford_Fiesta_1_4TDCI_gruene_Plakette_Tuev_03/2018,privat,Offer,1800,control,kleinwagen,2004,manuell,68,fiesta,150000,Jul,Diesel,ford,No,2016-03-22 00:00:00,51147,2016-04-06 02:16:28,2016,2016,March,March,12,5
2016-04-02 18:50:43,Ford_Fiesta_Ez:_2001_TÜV_06/17__4Tuerer_Servolenkung,privat,Offer,695,control,kleinwagen,2001,manuell,60,fiesta,125000,Apr,Gasoline,ford,No,2016-04-02 00:00:00,51063,2016-04-02 18:50:43,2016,2016,April,April,15,8
2016-03-14 10:54:13,Ford_Fiesta_iv_in_blau_mit_TÜV_wenig_km,privat,Offer,450,control,kleinwagen,1996,manuell,0,fiesta,125000,Jan,Gasoline,ford,Other,2016-03-14 00:00:00,44623,2016-03-23 11:46:43,2016,2016,March,March,20,11
2016-04-01 14:49:57,Ford_Ka_an_Bastler_oder_zum_Ausschlachten,privat,Offer,60,test,kleinwagen,1998,manuell,60,ka,150000,Jul,Gasoline,ford,Yes,2016-04-01 00:00:00,63069,2016-04-02 15:36:31,2016,2016,April,April,18,5
2016-03-30 22:48:59,Ford_Fiesta_1.3_60_PS_JD3_Klimaanlage,privat,Offer,1500,control,kleinwagen,2004,manuell,60,fiesta,150000,Feb,Gasoline,ford,Other,2016-03-30 00:00:00,26892,2016-04-05 14:18:15,2016,2016,March,March,12,10
2016-04-02 19:57:07,Ford_Fiesta_1_3_TÜV_bis_01.11.2016_festpreis,privat,Offer,449,control,kleinwagen,1999,manuell,54,fiesta,150000,Feb,Gasoline,ford,No,2016-04-02 00:00:00,59067,2016-04-04 18:46:44,2016,2016,April,April,17,10
2016-03-05 19:48:45,Fiesta_gfj_50ps/_TÜV_NEU,privat,Offer,900,test,kleinwagen,1995,manuell,50,fiesta,150000,Jun,Gasoline,ford,No,2016-03-05 00:00:00,51570,2016-03-06 17:08:39,2016,2016,March,March,21,6
2016-03-10 20:44:50,Ford_Fiesta_1.4_TDCI_KIMA,privat,Offer,1790,test,kleinwagen,2007,manuell,50,fiesta,150000,Jul,Diesel,ford,No,2016-03-10 00:00:00,26789,2016-03-11 09:15:18,2016,2016,March,March,9,5
2016-03-20 16:42:08,Ford_Fiesta_ST_2.0,privat,Offer,3499,test,kleinwagen,2005,manuell,150,fiesta,150000,Mar,Gasoline,ford,No,2016-03-20 00:00:00,21644,2016-03-20 16:42:08,2016,2016,March,March,11,9
2016-03-26 14:07:14,Bastlerfahrzeug___reserviert,privat,Offer,350,test,kleinwagen,2000,manuell,0,fiesta,150000,Feb,Gasoline,ford,Yes,2016-03-26 00:00:00,65428,2016-03-26 16:48:07,2016,2016,March,March,16,10
2016-04-04 12:53:16,Ford_Fiesta_Automatik,privat,Offer,4000,control,kleinwagen,2005,automatik,80,fiesta,80000,Jan,Gasoline,ford,No,2016-04-04 00:00:00,14776,2016-04-06 14:45:16,2016,2016,April,April,11,11
2016-04-02 18:57:15,Kleiner__gelbe_Zitronen_Flitzer,privat,Offer,1100,control,kleinwagen,2000,manuell,0,ka,80000,Mar,Gasoline,ford,Yes,2016-04-02 00:00:00,79106,2016-04-06 18:47:59,2016,2016,April,April,16,9
2016-03-25 16:50:19,Ford_Fiesta,privat,Offer,550,control,kleinwagen,1996,manuell,75,fiesta,150000,May,Gasoline,ford,No,2016-03-25 00:00:00,66482,2016-04-06 21:17:58,2016,2016,March,March,20,7
2016-03-10 09:36:18,Biete_Ford_KA_mit_TÜV_fuer_350._,privat,Offer,350,test,kleinwagen,1996,manuell,60,ka,150000,Dec,Gasoline,ford,Other,2016-03-10 00:00:00,12355,2016-03-20 09:18:17,2016,2016,March,March,20,0
2016-03-26 14:55:34,Ford_ka_mein_guerkchen,privat,Offer,450,control,kleinwagen,2000,manuell,59,ka,150000,May,Gasoline,ford,No,2016-03-26 00:00:00,53842,2016-04-06 03:17:48,2016,2016,March,March,16,7
2016-03-23 11:51:18,Ford_Fiesta_1.3_Viva,privat,Offer,2800,test,kleinwagen,2004,manuell,60,fiesta,100000,Aug,Gasoline,ford,No,2016-03-23 00:00:00,90768,2016-04-05 11:18:21,2016,2016,March,March,12,4
2016-03-05 16:39:55,Ford_Fiesta_1_4,privat,Offer,2200,control,kleinwagen,2004,manuell,0,fiesta,150000,Dec,Gasoline,ford,No,2016-03-05 00:00:00,49082,2016-03-11 16:44:30,2016,2016,March,March,12,0
2016-03-29 14:47:22,Ford_Fiesta_4_tuerig_mit_79.000km_1._Hand,privat,Offer,790,test,kleinwagen,1996,manuell,0,fiesta,80000,May,Gasoline,ford,Other,2016-03-29 00:00:00,26607,2016-04-06 00:17:42,2016,2016,March,March,20,7
2016-04-02 10:48:02,Ford_Fiesta___Nur_noch_wenige_Tage__TÜV_neu,privat,Offer,4500,test,kleinwagen,2008,manuell,0,fiesta,100000,Jan,,ford,Other,2016-04-02 00:00:00,32602,2016-04-02 10:48:02,2016,2016,April,April,8,11
2016-03-16 16:38:17,Ford_ka_wenig_km_2_Jahre_Tuev,privat,Offer,1250,control,kleinwagen,2005,manuell,60,ka,125000,Jun,Gasoline,ford,Other,2016-03-16 00:00:00,51061,2016-03-27 03:18:00,2016,2016,March,March,11,6
2016-03-30 20:45:26,Ford_Fiesta_1.6_l_101_ps_Tuning__Bastlerfahrzeug,privat,Offer,900,control,kleinwagen,2003,manuell,101,fiesta,125000,Nov,Gasoline,ford,Yes,2016-03-30 00:00:00,48619,2016-04-07 12:47:15,2016,2016,March,March,13,1
2016-03-07 22:55:07,Ford_Fiesta___super_Anfaengerauto,privat,Offer,300,test,kleinwagen,1995,manuell,50,fiesta,150000,Mar,Gasoline,ford,Other,2016-03-07 00:00:00,57072,2016-03-20 04:18:18,2016,2016,March,March,21,9
2016-03-17 23:37:21,Ford_Ka,privat,Offer,950,control,kleinwagen,1999,Unspecified,60,ka,90000,Feb,Gasoline,ford,No,2016-03-17 00:00:00,34253,2016-03-22 09:47:48,2016,2016,March,March,17,10
2016-03-09 11:57:47,Ford_Ka_zu_verkaufen_!,privat,Offer,875,test,kleinwagen,2002,manuell,60,ka,100000,Aug,Gasoline,ford,Other,2016-03-09 00:00:00,44579,2016-04-05 23:44:30,2016,2016,March,March,14,4
2016-03-20 10:50:55,Ford_Fiesta,privat,Offer,950,control,kleinwagen,2000,manuell,50,fiesta,125000,Jun,Gasoline,ford,Yes,2016-03-20 00:00:00,71642,2016-04-06 07:45:48,2016,2016,March,March,16,6
2016-03-21 23:53:13,Ford_Fiesta_Flair,privat,Offer,1000,test,kleinwagen,1998,manuell,50,fiesta,80000,Mar,Gasoline,ford,No,2016-03-21 00:00:00,86874,2016-03-23 14:18:35,2016,2016,March,March,18,9
2016-03-14 12:46:05,Ford_Fiesta_1.4_Trend__Scheckheft__Klima__Winterraeder,privat,Offer,1950,test,kleinwagen,2003,manuell,80,fiesta,150000,Jul,Gasoline,ford,No,2016-03-14 00:00:00,51371,2016-03-14 12:46:05,2016,2016,March,March,13,5
2016-03-22 22:53:53,Ford_Fiesta_mit_Klimaanlage,privat,Offer,1500,control,kleinwagen,2003,manuell,44,fiesta,125000,Feb,Gasoline,ford,No,2016-03-22 00:00:00,78462,2016-03-23 06:41:26,2016,2016,March,March,13,10
2016-03-21 18:48:04,"Ford_Fiesta_1.25""_60PS""_KLIMA_5_Tuerig",privat,Offer,4500,test,kleinwagen,2009,manuell,60,fiesta,60000,Jul,Gasoline,ford,Other,2016-03-21 00:00:00,84543,2016-03-21 18:48:04,2016,2016,March,March,7,5
2016-03-23 22:49:55,Ford_Focus,privat,Offer,1050,test,kleinwagen,2002,manuell,115,focus,150000,Sep,Diesel,ford,Yes,2016-03-23 00:00:00,50827,2016-04-06 08:17:47,2016,2016,March,March,14,3
2016-03-14 19:48:48,FORD_KA_!!!___>_TÜV_NEU!_<__,privat,Offer,1700,control,kleinwagen,2000,manuell,0,ka,150000,Jan,Gasoline,ford,No,2016-03-14 00:00:00,44892,2016-04-06 05:45:59,2016,2016,March,March,16,11
2016-03-21 19:54:32,Ford_Fiesta,privat,Offer,500,test,kleinwagen,1994,manuell,60,fiesta,50000,Jun,Gasoline,ford,Yes,2016-03-21 00:00:00,73054,2016-03-28 17:18:35,2016,2016,March,March,22,6
2016-03-14 17:55:32,Ford_Fiesta_zu_verkaufen_wegen_neu_Anschaffung.,privat,Offer,400,test,kleinwagen,1997,manuell,74,fiesta,150000,Jun,Gasoline,ford,Other,2016-03-14 00:00:00,2763,2016-04-06 01:16:36,2016,2016,March,March,19,6
2016-03-31 13:56:21,Ford_ka_*105.000km*_TÜV_1_5_Jahre,privat,Offer,699,control,kleinwagen,2002,manuell,0,ka,125000,Jul,Gasoline,ford,No,2016-03-31 00:00:00,49497,2016-04-06 06:44:54,2016,2016,March,March,14,5
2016-04-01 22:57:51,Ford_zulassen_und_losfahren_/_mit_TÜV,privat,Offer,599,test,kleinwagen,2002,manuell,60,fiesta,150000,Jul,Gasoline,ford,No,2016-04-01 00:00:00,19055,2016-04-04 00:44:34,2016,2016,April,April,14,5
2016-03-11 21:55:49,Ford_Ka_1.2_Trend_NUR_56.000km__1._HAND,privat,Offer,4399,test,kleinwagen,2010,manuell,69,ka,60000,Apr,Gasoline,ford,No,2016-03-11 00:00:00,28213,2016-03-15 16:46:12,2016,2016,March,March,6,8
2016-03-11 23:40:11,Ford_Fiesta_1.3_Fun_X,privat,Offer,3100,test,kleinwagen,2007,manuell,60,fiesta,150000,May,Gasoline,ford,No,2016-03-11 00:00:00,22846,2016-04-06 22:17:28,2016,2016,March,March,9,7
2016-03-20 10:48:48,FORD_FIESTA__TÜV__AU_NEU_2JAHRE,privat,Offer,700,control,kleinwagen,1999,manuell,60,fiesta,150000,Jan,Gasoline,ford,No,2016-03-20 00:00:00,45478,2016-03-20 10:48:48,2016,2016,March,March,17,11
2016-03-12 08:54:16,Ford_Ka_Tuev_6/16,privat,Offer,220,control,kleinwagen,1997,manuell,50,ka,10000,May,Gasoline,ford,No,2016-03-12 00:00:00,31582,2016-03-17 09:47:43,2016,2016,March,March,19,7
2016-03-08 20:42:52,Ford_Fiesta_1.3_White_Magic,privat,Offer,3750,control,kleinwagen,2008,manuell,69,fiesta,125000,Jun,Gasoline,ford,No,2016-03-08 00:00:00,53840,2016-04-05 18:45:03,2016,2016,March,March,8,6
2016-04-03 20:30:41,Ford_Focus_1.6_mit_Motorschaden,privat,Offer,500,control,kleinwagen,2003,manuell,100,focus,150000,Mar,Gasoline,ford,Yes,2016-04-03 00:00:00,35102,2016-04-05 10:30:58,2016,2016,April,April,13,9
2016-04-03 22:53:22,Ford_Fiesta_1.6_Sport,privat,Offer,5555,control,kleinwagen,2007,manuell,101,fiesta,90000,Oct,Gasoline,ford,No,2016-04-03 00:00:00,74405,2016-04-06 00:45:20,2016,2016,April,April,9,2
2016-03-31 07:53:45,Ford_Fiesta_1_3_TÜV_11/17,privat,Offer,550,test,kleinwagen,1998,manuell,60,fiesta,150000,Jun,Gasoline,ford,No,2016-03-31 00:00:00,4603,2016-04-02 04:18:00,2016,2016,March,March,18,6
2016-03-28 22:00:14,Ford_Fiesta___TÜV_AU_NEU_!!!_KLIMA_!!!,privat,Offer,900,control,kleinwagen,1999,manuell,75,fiesta,150000,Jun,Gasoline,ford,No,2016-03-28 00:00:00,6712,2016-03-30 14:45:22,2016,2016,March,March,17,6
2016-03-14 14:58:47,Ford_Fiesta_mit_TÜV_12/16,privat,Offer,600,control,kleinwagen,2001,manuell,60,fiesta,150000,Aug,Gasoline,ford,Other,2016-03-14 00:00:00,13355,2016-03-26 08:46:17,2016,2016,March,March,15,4
2016-03-07 16:50:07,Ford_Fiesta_1.25_Trend,privat,Offer,5490,control,kleinwagen,2008,manuell,82,fiesta,50000,Sep,Gasoline,ford,Yes,2016-03-07 00:00:00,65205,2016-04-06 01:47:24,2016,2016,March,March,8,3
2016-03-05 21:50:21,TOP_FIESTA_1_3_Ltr_70_PS___Klima___Kupplung_neu_!!!,privat,Offer,3850,test,kleinwagen,2007,manuell,70,fiesta,125000,Sep,Gasoline,ford,Other,2016-03-05 00:00:00,58509,2016-03-12 08:46:08,2016,2016,March,March,9,3
2016-03-29 17:58:12,Ford_Fiesta_Style_Automatik,privat,Offer,1650,control,kleinwagen,1998,Unspecified,0,fiesta,60000,Jan,Gasoline,ford,Other,2016-03-29 00:00:00,66798,2016-04-06 04:16:34,2016,2016,March,March,18,11
2016-03-30 21:50:59,Ford_Ka,privat,Offer,1000,test,kleinwagen,2001,manuell,60,ka,150000,Aug,Gasoline,ford,No,2016-03-30 00:00:00,51597,2016-04-05 12:20:27,2016,2016,March,March,15,4
2016-03-07 15:53:56,Gebrauchtwagen,privat,Offer,850,control,kleinwagen,2000,manuell,60,ka,80000,Oct,Gasoline,ford,No,2016-03-07 00:00:00,37235,2016-03-11 03:16:06,2016,2016,March,March,16,2
2016-03-17 11:52:15,Ford_Fiesta,privat,Offer,850,control,kleinwagen,1999,manuell,75,fiesta,150000,Mar,Gasoline,ford,No,2016-03-17 00:00:00,53225,2016-03-20 13:17:40,2016,2016,March,March,17,9
2016-03-15 09:48:27,FORD_FUSION_1_4_TDCI_109.000km_UNFALL,privat,Offer,1499,control,kleinwagen,2009,manuell,68,fusion,125000,Sep,Diesel,ford,Yes,2016-03-15 00:00:00,90425,2016-03-24 23:16:31,2016,2016,March,March,7,3
2016-03-20 18:47:07,Ford_Fiesta_2003,privat,Offer,1290,test,kleinwagen,2003,manuell,60,fiesta,150000,Dec,,ford,No,2016-03-20 00:00:00,56170,2016-03-22 10:30:53,2016,2016,March,March,13,0
2016-03-27 09:57:27,Ford_Fiesta,privat,Offer,1550,test,kleinwagen,2003,manuell,0,fiesta,150000,Mar,Gasoline,ford,No,2016-03-27 00:00:00,71083,2016-04-07 05:45:26,2016,2016,March,March,13,9
2016-03-07 09:42:29,Ford_Ka_1.2_Trend_Bj_2009_Jump_Neon_gruen_TÜV_Neu,privat,Offer,3890,control,kleinwagen,2009,manuell,71,ka,100000,Jun,Gasoline,ford,No,2016-02-21 00:00:00,9514,2016-03-12 18:42:27,2016,2016,February,March,7,6
2016-03-10 18:38:20,Ford_Fiesta_1.4_TDCI,privat,Offer,3250,test,kleinwagen,2003,manuell,68,fiesta,100000,Jan,Diesel,ford,No,2016-03-10 00:00:00,48683,2016-03-17 05:17:46,2016,2016,March,March,13,11
2016-03-17 14:38:04,Ford_Ka_87.000km_TÜV_Neu_Top_Zustand!!!,privat,Offer,1500,control,kleinwagen,2003,manuell,0,ka,90000,May,Gasoline,ford,No,2016-03-17 00:00:00,41366,2016-03-17 14:38:04,2016,2016,March,March,13,7
2016-03-25 07:57:48,Ford_Fiesta_1.3_LPG_GASANLAGE_KLIMA_TÜV_NEU,privat,Offer,2490,test,kleinwagen,2004,manuell,60,fiesta,150000,Nov,Lpg,ford,No,2016-03-25 00:00:00,42327,2016-04-01 06:46:58,2016,2016,March,March,12,1
2016-03-07 23:36:58,Ford_Ka__Top_Zustand,privat,Offer,800,test,kleinwagen,2004,manuell,60,ka,125000,Mar,Gasoline,ford,No,2016-03-07 00:00:00,12687,2016-03-12 18:46:25,2016,2016,March,March,12,9
2016-03-28 15:37:15,Ford_Fiesta___klein__sparsam__fit_auf_den_Raedern!,privat,Offer,400,control,kleinwagen,1997,manuell,60,fiesta,150000,May,Gasoline,ford,No,2016-03-28 00:00:00,45475,2016-04-06 20:15:39,2016,2016,March,March,19,7
2016-04-05 11:48:21,Ford_Focus_Ghia_Ausstattung_Erstzulassung_2005,privat,Offer,3800,test,kleinwagen,2005,manuell,116,focus,125000,Jun,Gasoline,ford,Other,2016-04-05 00:00:00,86179,2016-04-05 11:48:21,2016,2016,April,April,11,6
2016-03-14 20:42:36,Schoener_Ford_Ka_mit_neuem_TÜV,privat,Offer,1249,control,kleinwagen,1999,manuell,60,ka,90000,Aug,Gasoline,ford,No,2016-03-14 00:00:00,7580,2016-03-19 09:44:55,2016,2016,March,March,17,4
2016-03-13 15:36:28,Ford_Focus,privat,Offer,650,test,kleinwagen,2000,manuell,101,focus,150000,May,Gasoline,ford,No,2016-03-13 00:00:00,61440,2016-03-13 18:43:17,2016,2016,March,March,16,7
2016-03-24 14:38:58,Ford_Fiesta_1_3_Viva__X_Silber_metal.,privat,Offer,2750,test,kleinwagen,2004,manuell,60,Other,80000,Dec,Gasoline,ford,No,2016-03-24 00:00:00,29313,2016-04-07 05:46:36,2016,2016,March,March,12,0
2016-03-22 11:48:04,Ford_ka_Bj_2000,privat,Offer,0,control,kleinwagen,2000,manuell,0,ka,10000,Jun,Gasoline,ford,Other,2016-03-22 00:00:00,51147,2016-03-23 19:18:17,2016,2016,March,March,16,6
2016-03-16 19:55:08,Ford_Focus_DI,privat,Offer,3000,test,kleinwagen,2001,manuell,75,focus,125000,Nov,Diesel,ford,No,2016-03-16 00:00:00,52223,2016-03-19 18:45:37,2016,2016,March,March,15,1
2016-03-21 15:51:26,Verkaufe_ford,privat,Offer,100,control,kleinwagen,1991,manuell,50,fiesta,80000,Jun,Gasoline,ford,Other,2016-03-21 00:00:00,17489,2016-03-30 02:17:52,2016,2016,March,March,25,6
2016-04-04 22:43:05,Ford_Ka_Fun,privat,Offer,1999,test,kleinwagen,2006,manuell,69,ka,100000,Nov,Gasoline,ford,No,2016-04-04 00:00:00,69168,2016-04-07 01:16:40,2016,2016,April,April,10,1
2016-03-14 18:56:47,Gepflegter_Ford_Fiesta_Ambiente_1_3_L,privat,Offer,1900,test,kleinwagen,2006,manuell,60,fiesta,150000,Jan,Gasoline,ford,No,2016-03-14 00:00:00,17033,2016-04-02 05:18:23,2016,2016,March,March,10,11
2016-03-08 14:55:28,Ford_Ka,privat,Offer,1350,test,kleinwagen,2000,manuell,60,ka,125000,Jul,Gasoline,ford,No,2016-03-08 00:00:00,28195,2016-03-23 22:16:26,2016,2016,March,March,16,5
2016-03-07 22:49:59,Ford_fiesta_44_Kw_60_PS_TÜV_bis_09.2016,privat,Offer,350,test,kleinwagen,2001,manuell,60,fiesta,150000,Sep,Gasoline,ford,No,2016-03-07 00:00:00,44869,2016-03-10 13:46:09,2016,2016,March,March,15,3
2016-03-08 19:57:47,FORD_KA_2007_KLIMA_TÜV_3.2018,privat,Offer,1149,test,kleinwagen,2007,manuell,65,ka,80000,Jun,Gasoline,ford,No,2016-03-08 00:00:00,14513,2016-03-09 12:16:39,2016,2016,March,March,9,6
2016-03-26 18:58:27,ford_fiesta_tuev_09.2017,privat,Offer,900,test,kleinwagen,2001,manuell,60,fiesta,150000,May,Gasoline,ford,No,2016-03-26 00:00:00,53937,2016-03-31 15:45:12,2016,2016,March,March,15,7
2016-03-15 21:44:59,Ford_Fiesta_1.4_Diesel_mit_Parkhilfe_2_Jahre_TÜV_!!,privat,Offer,2100,control,kleinwagen,2002,manuell,1399,fiesta,150000,Oct,Diesel,ford,No,2016-03-15 00:00:00,90429,2016-03-15 21:44:59,2016,2016,March,March,14,2
2016-04-03 15:46:06,Ford_Ka_zugel.Scheckheft_gewartet_auf_Wunsch_Tuev_Neu,privat,Offer,3590,test,kleinwagen,2009,manuell,69,ka,125000,May,Gasoline,ford,No,2016-04-03 00:00:00,37520,2016-04-05 14:46:58,2016,2016,April,April,7,7
2016-03-12 21:56:43,Ford_Fiesta_1.3_Viva_X,privat,Offer,3200,test,kleinwagen,2004,manuell,69,fiesta,90000,Nov,Gasoline,ford,No,2016-03-12 00:00:00,21720,2016-04-05 18:44:46,2016,2016,March,March,12,1
2016-03-28 21:48:18,Ford_Fiesta,privat,Offer,650,control,kleinwagen,1995,manuell,50,fiesta,100000,Feb,Gasoline,ford,Yes,2016-03-28 00:00:00,91325,2016-04-07 04:45:06,2016,2016,March,March,21,10
2016-03-15 19:52:52,Ford_Fiesta_1_3__60_PS__2._Besitz__8_x_bereift,privat,Offer,3100,control,kleinwagen,2007,manuell,60,fiesta,100000,Jan,Gasoline,ford,No,2016-03-15 00:00:00,8134,2016-04-02 12:47:08,2016,2016,March,March,9,11
2016-03-19 16:25:22,Ford_Fiesta_1.3_TÜV_NEU,privat,Offer,2690,test,kleinwagen,2006,manuell,60,fiesta,125000,Dec,Gasoline,ford,Other,2016-03-19 00:00:00,65201,2016-03-23 17:16:42,2016,2016,March,March,10,0
2016-03-12 00:57:34,Gepflegter...schoen_zurecht_gemachter_Ford_KA_fuer_Bastler,privat,Offer,0,test,kleinwagen,1999,manuell,60,ka,150000,Apr,Gasoline,ford,Yes,2016-03-11 00:00:00,21079,2016-03-18 03:17:18,2016,2016,March,March,17,8
2016-03-12 22:50:01,Ford_Focus__1.8_TDCI,privat,Offer,1750,control,kleinwagen,2002,manuell,118,Other,150000,Jan,,ford,Other,2016-03-12 00:00:00,10555,2016-04-01 22:44:58,2016,2016,March,March,14,11
2016-03-29 16:45:10,Ford_Fiesta,privat,Offer,2400,control,kleinwagen,2005,manuell,68,fiesta,150000,Sep,Gasoline,ford,No,2016-03-29 00:00:00,47589,2016-03-31 09:44:39,2016,2016,March,March,11,3
2016-03-13 18:06:17,Ford_Fiesta,privat,Offer,1100,test,kleinwagen,2000,manuell,75,fiesta,150000,Sep,Gasoline,ford,No,2016-03-13 00:00:00,65189,2016-03-14 16:38:02,2016,2016,March,March,16,3
2016-03-08 06:02:43,Ford_Ka_TÜV_7/2017_Volllederausstattung_Klima_u.s.w_!auch_Tausch!,privat,Offer,1000,test,kleinwagen,2000,manuell,0,ka,150000,Jan,Gasoline,ford,No,2016-03-08 00:00:00,97084,2016-03-10 09:46:28,2016,2016,March,March,16,11
2016-03-22 01:57:49,Ford_Fiesta_zu_verkaufen,privat,Offer,1500,test,kleinwagen,2007,manuell,68,Other,150000,Jan,Diesel,ford,Other,2016-03-22 00:00:00,49477,2016-03-23 15:19:21,2016,2016,March,March,9,11
2016-03-06 17:06:18,Ford_Ka____TÜV_01/2018___8fach_bereift,privat,Offer,1299,control,kleinwagen,2004,manuell,69,ka,150000,Jan,Gasoline,ford,No,2016-03-06 00:00:00,56332,2016-03-12 07:15:50,2016,2016,March,March,12,11
2016-04-04 11:56:37,Ford_Fiesta_an_Bastler,privat,Offer,100,control,kleinwagen,1994,manuell,50,fiesta,150000,Jan,,ford,Yes,2016-04-04 00:00:00,25845,2016-04-06 13:15:23,2016,2016,April,April,22,11
2016-04-02 11:48:21,Sparsames_Anfaengerauto,privat,Offer,1649,test,kleinwagen,2003,manuell,69,ka,70000,Aug,Gasoline,ford,No,2016-04-02 00:00:00,48599,2016-04-06 09:45:58,2016,2016,April,April,13,4
2016-04-04 14:41:26,Ford_Fiesta_1.3_Fun_X,privat,Offer,3699,test,kleinwagen,2006,manuell,60,fiesta,150000,Dec,Gasoline,ford,No,2016-04-04 00:00:00,71069,2016-04-06 15:46:11,2016,2016,April,April,10,0
2016-03-08 16:37:57,Ford_Fiesta_1.3_EFH_KLIMAANLAGE_RADIO/CD_MFL,privat,Offer,2450,test,kleinwagen,2007,manuell,69,fiesta,125000,Feb,Gasoline,ford,No,2016-03-08 00:00:00,47179,2016-03-28 18:18:06,2016,2016,March,March,9,10
2016-03-29 12:50:44,Ford__KA__Tuev_03.2018_mit_Sommer_u._Winterreifen,privat,Offer,1450,test,kleinwagen,2003,manuell,0,ka,125000,May,Gasoline,ford,No,2016-03-29 00:00:00,51491,2016-03-29 12:50:44,2016,2016,March,March,13,7
2016-04-01 11:57:43,Ford_Fiesta_1.4_Ghia_44300_km_neue_Reifen_Zahnriemen,privat,Offer,3600,test,kleinwagen,2004,manuell,80,fiesta,50000,Jan,Gasoline,ford,No,2016-04-01 00:00:00,30171,2016-04-03 07:51:23,2016,2016,April,April,12,11
2016-04-04 12:49:37,Ford_Fiesta_Classic,privat,Offer,780,control,kleinwagen,1996,manuell,60,fiesta,125000,Jan,Gasoline,ford,No,2016-04-04 00:00:00,77799,2016-04-06 14:16:07,2016,2016,April,April,20,11
2016-04-04 14:57:46,8fach_bereifter_Ford_Fiesta_1.6_TDCI_Ghia_zu_verkaufen,privat,Offer,3999,test,kleinwagen,2006,manuell,90,fiesta,125000,Nov,Diesel,ford,No,2016-04-04 00:00:00,32052,2016-04-06 16:17:52,2016,2016,April,April,10,1
2016-03-29 21:41:50,Ford_Fiesta_Klima_erste_Hand_Top_Zustand,privat,Offer,2299,test,kleinwagen,2004,manuell,0,fiesta,90000,Aug,Gasoline,ford,Other,2016-03-29 00:00:00,59423,2016-03-29 21:41:50,2016,2016,March,March,12,4
2016-03-25 21:37:25,Zu_verkaufen_oder_gegen_handY__iPhone_s_6,privat,Offer,750,test,kleinwagen,1999,manuell,122,andere,150000,Aug,Gasoline,ford,Other,2016-03-25 00:00:00,30419,2016-03-28 23:45:33,2016,2016,March,March,17,4
2016-03-17 12:57:14,Ford_Fiesta_mit_TÜV__Klimaanlage,privat,Offer,1499,test,kleinwagen,2003,manuell,80,fiesta,150000,Feb,Gasoline,ford,Other,2016-03-17 00:00:00,44339,2016-04-02 16:18:25,2016,2016,March,March,13,10
2016-03-06 14:38:58,Ford_ka_PRO_7__Edition__TÜV_bis_07.2017,privat,Offer,880,control,kleinwagen,1997,manuell,0,ka,150000,Aug,,ford,Other,2016-03-06 00:00:00,75172,2016-03-06 14:38:58,2016,2016,March,March,19,4
2016-04-03 13:25:27,Ford_Ka_1_2_Euro_4_weiss_2.Hand,privat,Offer,3800,test,kleinwagen,2009,manuell,69,ka,90000,May,Gasoline,ford,No,2016-04-03 00:00:00,63073,2016-04-06 20:19:42,2016,2016,April,April,7,7
2016-03-30 11:36:40,Ford_Focus_ST,privat,Offer,4900,test,kleinwagen,2002,manuell,173,focus,90000,Oct,Gasoline,ford,No,2016-03-30 00:00:00,12359,2016-04-07 03:16:09,2016,2016,March,March,14,2
2016-03-08 23:46:07,Ford_Fiesta_Automatik,privat,Offer,4599,control,kleinwagen,2004,automatik,80,fiesta,40000,Jan,Gasoline,ford,No,2016-03-08 00:00:00,22846,2016-04-07 09:17:36,2016,2016,March,March,12,11
2016-03-10 17:39:14,ford_fiesta,privat,Offer,1333,control,kleinwagen,2003,manuell,80,fiesta,150000,Feb,Gasoline,ford,No,2016-03-10 00:00:00,21031,2016-03-23 15:19:42,2016,2016,March,March,13,10
2016-03-17 22:54:37,Ford_Fusion_1.4_Elegance_klima,privat,Offer,2850,test,kleinwagen,2004,manuell,80,fusion,80000,Dec,Gasoline,ford,No,2016-03-17 00:00:00,10555,2016-03-22 10:18:33,2016,2016,March,March,12,0
2016-03-16 17:52:14,Fiesta_1_3_69_PS_83_tkm_8_Fach_bereift,privat,Offer,2650,control,kleinwagen,2004,manuell,69,fiesta,90000,May,Gasoline,ford,No,2016-03-16 00:00:00,25860,2016-03-17 16:17:25,2016,2016,March,March,12,7
2016-03-17 00:39:37,Ford_Ka_Royal,privat,Offer,800,test,kleinwagen,2005,manuell,60,ka,90000,Jul,Gasoline,ford,No,2016-03-16 00:00:00,85757,2016-04-01 23:18:14,2016,2016,March,March,11,5
2016-03-12 15:51:23,Ford_Fiesta_mit_Automatikgetriebe,privat,Offer,349,control,kleinwagen,1993,automatik,60,fiesta,70000,Oct,Gasoline,ford,Other,2016-03-12 00:00:00,8371,2016-04-07 04:17:09,2016,2016,March,March,23,2
2016-03-28 15:44:59,ford_focus_tuev_*neu*,privat,Offer,1250,control,kleinwagen,2000,manuell,116,focus,150000,Jan,Gasoline,ford,No,2016-03-28 00:00:00,33334,2016-03-31 23:47:18,2016,2016,March,March,16,11
2016-03-27 14:06:25,Ford_Fiesta_1.3,privat,Offer,2400,test,kleinwagen,2005,manuell,60,fiesta,80000,Mar,Gasoline,ford,No,2016-03-27 00:00:00,60316,2016-03-28 17:38:36,2016,2016,March,March,11,9
2016-03-31 23:51:51,Fiesta_mit_TÜV_und_Au_bis_10/2017_Servolenkung_D4_kat,privat,Offer,600,control,kleinwagen,1998,manuell,75,fiesta,125000,Oct,Gasoline,ford,No,2016-03-31 00:00:00,33649,2016-04-01 06:43:05,2016,2016,March,March,18,2
2016-03-06 17:41:18,Ford_Ka,privat,Offer,760,control,kleinwagen,2005,manuell,60,ka,125000,Oct,Gasoline,ford,No,2016-03-06 00:00:00,73776,2016-03-06 17:41:18,2016,2016,March,March,11,2
2016-04-04 11:52:36,Ford_Fiesta,privat,Offer,600,control,kleinwagen,1998,manuell,50,fiesta,150000,Dec,Gasoline,ford,No,2016-04-04 00:00:00,91301,2016-04-04 11:52:36,2016,2016,April,April,18,0
2016-03-25 13:40:51,Gut_erhaltener_Fiesta_BJ_2004_Ideal_fuer_Fuehrerscheinanfaenger,privat,Offer,2500,test,kleinwagen,2004,manuell,60,fiesta,40000,Dec,Gasoline,ford,Yes,2016-03-25 00:00:00,91550,2016-04-04 14:17:15,2016,2016,March,March,12,0
2016-03-07 07:58:21,Ford_Fiesta_TÜV_bis_07.2016,privat,Offer,150,test,kleinwagen,2001,manuell,50,fiesta,150000,Aug,Gasoline,ford,Yes,2016-03-07 00:00:00,19230,2016-03-18 00:47:30,2016,2016,March,March,15,4
2016-03-15 10:49:40,FORD..KA.1.3.KLIMA.,privat,Offer,350,control,kleinwagen,2002,manuell,0,Other,150000,Jun,Gasoline,ford,No,2016-03-15 00:00:00,79114,2016-04-05 19:47:28,2016,2016,March,March,14,6
2016-03-26 20:51:14,Ford_Fiesta_1.6,privat,Offer,1800,control,kleinwagen,2002,manuell,101,fiesta,150000,Jun,Gasoline,ford,No,2016-03-26 00:00:00,57319,2016-03-30 00:16:36,2016,2016,March,March,14,6
2016-04-05 13:36:23,Ford_Ka_Color_Edition_in_gutem_Zustand_mit_Faltdach,privat,Offer,1500,test,kleinwagen,2003,manuell,70,ka,150000,Jun,Gasoline,ford,No,2016-04-05 00:00:00,18435,2016-04-05 13:36:23,2016,2016,April,April,13,6
2016-03-16 18:55:13,Ford_Fiesta_1.4_TDCI,privat,Offer,700,control,kleinwagen,2004,manuell,68,fiesta,150000,Apr,Diesel,ford,Yes,2016-03-16 00:00:00,66540,2016-03-17 17:44:28,2016,2016,March,March,12,8
2016-03-26 20:38:50,Ford_Fiesta,privat,Offer,500,control,kleinwagen,1999,manuell,50,fiesta,125000,May,Gasoline,ford,Other,2016-03-26 00:00:00,33790,2016-04-05 03:47:25,2016,2016,March,March,17,7
2016-03-19 18:53:52,Ford_Fiesta_1.6_TDCi_Titanium,privat,Offer,4900,test,kleinwagen,2009,manuell,90,fiesta,100000,Sep,Diesel,ford,No,2016-03-19 00:00:00,50674,2016-04-05 03:46:41,2016,2016,March,March,7,3
2016-03-20 12:38:55,Ford_Fiesta,privat,Offer,2150,test,kleinwagen,2005,manuell,70,fiesta,150000,Jan,Gasoline,ford,No,2016-03-20 00:00:00,16321,2016-04-06 11:17:41,2016,2016,March,March,11,11
2016-03-07 15:56:49,Ford_Ka_wenig_km,privat,Offer,999,control,kleinwagen,2003,manuell,60,ka,125000,Aug,Gasoline,ford,Yes,2016-03-07 00:00:00,56291,2016-04-05 19:44:40,2016,2016,March,March,13,4
2016-03-24 19:57:12,Ford_Fiesta_1.3,privat,Offer,1750,control,kleinwagen,2003,manuell,69,fiesta,150000,Aug,Gasoline,ford,No,2016-03-24 00:00:00,87656,2016-03-24 20:41:26,2016,2016,March,March,13,4
2016-03-07 20:40:06,Ford_Ka,privat,Offer,500,test,kleinwagen,1999,manuell,60,ka,150000,Nov,Gasoline,ford,No,2016-03-07 00:00:00,26810,2016-03-08 13:15:10,2016,2016,March,March,17,1
2016-03-15 07:55:00,Ford_fiesta,privat,Offer,700,test,kleinwagen,1998,manuell,60,fiesta,100000,Jan,Gasoline,ford,Other,2016-03-15 00:00:00,26826,2016-03-29 09:17:42,2016,2016,March,March,18,11
2016-04-02 09:36:17,Ford_Fiesta_1.4,privat,Offer,1699,control,kleinwagen,2004,manuell,80,fiesta,150000,Jul,Gasoline,ford,Yes,2016-04-02 00:00:00,51491,2016-04-02 10:46:48,2016,2016,April,April,12,5
2016-03-31 15:37:44,Ford_Fiesta_1.4_80PS_Scheckheftgepflegt,privat,Offer,3600,control,kleinwagen,2006,manuell,80,fiesta,150000,Feb,Gasoline,ford,No,2016-03-31 00:00:00,31135,2016-04-06 09:44:23,2016,2016,March,March,10,10
2016-03-21 22:48:04,Ford_Ka,privat,Offer,1350,control,kleinwagen,2002,manuell,60,ka,125000,Jun,Gasoline,ford,No,2016-03-21 00:00:00,51371,2016-04-07 04:17:33,2016,2016,March,March,14,6
2016-03-25 12:57:53,Ford_Ka,privat,Offer,1250,test,kleinwagen,2004,manuell,69,ka,150000,Mar,Gasoline,ford,No,2016-03-25 00:00:00,76761,2016-03-26 23:18:00,2016,2016,March,March,12,9
2016-03-21 16:59:49,Ford_Ka_Capri,privat,Offer,850,control,kleinwagen,2001,manuell,60,ka,125000,Nov,Gasoline,ford,No,2016-03-21 00:00:00,42899,2016-03-21 16:59:49,2016,2016,March,March,15,1
2016-03-26 18:57:52,Ford_Ka__Kein_Unfall_o.ae.___aufbereiten_waschen_&_los,privat,Offer,500,test,kleinwagen,2001,manuell,60,ka,150000,Mar,Gasoline,ford,No,2016-03-26 00:00:00,45768,2016-04-06 08:17:44,2016,2016,March,March,15,9
2016-03-29 17:58:26,Ford_Fiesta_Style_Kool,privat,Offer,1280,control,kleinwagen,1998,manuell,75,fiesta,125000,Nov,Gasoline,ford,No,2016-03-29 00:00:00,47166,2016-04-06 03:45:30,2016,2016,March,March,18,1
2016-03-30 17:38:18,SCHNÄPPCHEN_Fiesta_DIESEL_75ps,privat,Offer,299,control,kleinwagen,2001,manuell,0,fiesta,5000,Jan,Diesel,ford,No,2016-03-30 00:00:00,38228,2016-04-03 07:47:06,2016,2016,March,March,15,11
2016-03-18 01:57:04,Ford_fiesta,privat,Offer,2600,control,kleinwagen,2006,manuell,75,fiesta,150000,Dec,Diesel,ford,Other,2016-03-18 00:00:00,4229,2016-03-21 06:46:29,2016,2016,March,March,10,0
2016-04-03 23:52:59,Ford_Fiesta_1.3_Ghia,privat,Offer,1790,control,kleinwagen,2002,manuell,69,fiesta,150000,Sep,Gasoline,ford,No,2016-04-03 00:00:00,58119,2016-04-06 08:16:30,2016,2016,April,April,14,3
2016-03-14 14:51:16,Ford_Ka_Bj,privat,Offer,600,control,kleinwagen,2005,manuell,60,ka,125000,Jun,Gasoline,ford,No,2016-03-14 00:00:00,42349,2016-03-16 04:48:19,2016,2016,March,March,11,6
2016-03-30 19:58:04,Ford_Ka__schwarz__2001__89080_km__Klima__TÜV/AU_NEU__Euro_4,privat,Offer,1420,test,kleinwagen,2001,manuell,60,ka,90000,Jan,Gasoline,ford,No,2016-03-30 00:00:00,74585,2016-04-07 11:46:02,2016,2016,March,March,15,11
2016-03-07 16:36:23,Ford_Fiesta,privat,Offer,400,control,kleinwagen,2000,manuell,60,fiesta,150000,Sep,Gasoline,ford,Other,2016-03-07 00:00:00,38226,2016-03-14 14:44:11,2016,2016,March,March,16,3
2016-03-10 17:37:43,Ford_Ka_1.3__TÜV/AU_bis_April_2016__Optisch_guter_Zustand_,privat,Offer,599,control,kleinwagen,1999,manuell,60,ka,70000,Jan,Gasoline,ford,No,2016-03-10 00:00:00,52428,2016-03-12 22:18:26,2016,2016,March,March,17,11
2016-03-16 14:51:07,Ford_ka_zu_tauschen_gegen_combi,privat,Offer,1200,test,kleinwagen,2002,manuell,60,ka,125000,Apr,Gasoline,ford,No,2016-03-16 00:00:00,32108,2016-03-24 05:17:10,2016,2016,March,March,14,8
2016-03-28 20:46:24,Ford_Ka_60PS_an_Bastler__TÜV_bis_06.16_vorhanden_,privat,Offer,250,control,kleinwagen,2002,manuell,60,ka,150000,Jun,Gasoline,ford,No,2016-03-28 00:00:00,34376,2016-04-07 03:16:34,2016,2016,March,March,14,6
2016-03-25 01:57:43,Gut_erhaltener_ford_fiesta,privat,Offer,250,test,kleinwagen,2001,manuell,0,fiesta,150000,Jun,Gasoline,ford,Yes,2016-03-25 00:00:00,85757,2016-04-06 05:45:09,2016,2016,March,March,15,6
2016-03-14 22:40:59,Ford_Fiesta,privat,Offer,750,control,kleinwagen,1998,manuell,75,fiesta,125000,Jan,Gasoline,ford,No,2016-03-14 00:00:00,47533,2016-03-21 16:49:00,2016,2016,March,March,18,11
2016-03-14 19:53:59,Ford_Fiesta,privat,Offer,1900,control,kleinwagen,2007,manuell,60,fiesta,50000,Aug,Gasoline,ford,Yes,2016-03-14 00:00:00,21129,2016-03-15 15:18:17,2016,2016,March,March,9,4
2016-03-20 04:36:18,ford_ka_1.3_gepflegter_zustand_tuev_neu_02.2018_in_schwarz__KLIMA_,privat,Offer,1049,control,kleinwagen,2001,Unspecified,60,ka,125000,Jul,Gasoline,ford,Other,2016-03-20 00:00:00,31319,2016-03-25 06:44:58,2016,2016,March,March,15,5
2016-04-03 12:55:13,*_Super_Anfaengerauto_/_Stadtflitzer_*_Ford_Fiesta,privat,Offer,300,control,kleinwagen,2000,manuell,60,fiesta,125000,Oct,Gasoline,ford,Other,2016-04-03 00:00:00,9228,2016-04-05 11:46:45,2016,2016,April,April,16,2
2016-04-04 20:06:18,Ford_Fusion_1.4_TDCI,privat,Offer,3250,test,kleinwagen,2006,manuell,68,fusion,150000,Jun,Diesel,ford,No,2016-04-04 00:00:00,35614,2016-04-05 09:45:11,2016,2016,April,April,10,6
2016-03-26 15:39:34,Ford_ka_TÜV_Juni__2016_mit_Klimaanlage_.D4,privat,Offer,380,test,kleinwagen,2000,manuell,60,ka,80000,Mar,Gasoline,ford,Other,2016-03-26 00:00:00,32139,2016-04-06 13:17:53,2016,2016,March,March,16,9
2016-03-21 19:43:56,Ford_Ka,privat,Offer,2150,test,kleinwagen,1997,manuell,50,ka,40000,Apr,Gasoline,ford,No,2016-03-21 00:00:00,40789,2016-04-06 21:47:27,2016,2016,March,March,19,8
2016-03-26 11:45:49,Ford_Ka_Bauj.2004_TÜV_NEU_Klima_60_PS_138501_KM,privat,Offer,1199,control,kleinwagen,2004,manuell,60,ka,150000,Aug,Gasoline,ford,Other,2016-03-26 00:00:00,58453,2016-04-06 11:15:26,2016,2016,March,March,12,4
2016-04-04 11:53:50,Ford_Fiesta,privat,Offer,750,control,kleinwagen,1999,manuell,0,fiesta,150000,Oct,,ford,No,2016-04-04 00:00:00,24143,2016-04-04 12:40:15,2016,2016,April,April,17,2
2016-04-02 15:57:59,Ford_Fiesta,privat,Offer,749,control,kleinwagen,2001,manuell,50,fiesta,150000,Jan,Gasoline,ford,No,2016-04-02 00:00:00,68169,2016-04-06 14:46:16,2016,2016,April,April,15,11
2016-03-19 12:56:12,Ford_Fiesta,privat,Offer,999,test,kleinwagen,2002,manuell,75,fiesta,150000,Sep,Gasoline,ford,No,2016-03-19 00:00:00,44328,2016-04-04 16:16:49,2016,2016,March,March,14,3
2016-03-25 17:47:46,Ford_Fiesta_1_25_l__Ghia,privat,Offer,900,test,kleinwagen,1998,manuell,75,fiesta,150000,Feb,Gasoline,ford,No,2016-03-25 00:00:00,53919,2016-04-06 22:47:02,2016,2016,March,March,18,10
2016-03-09 10:40:06,Ford_Fiesta_Ambiente,privat,Offer,2999,control,kleinwagen,2007,manuell,60,fiesta,80000,Jul,Gasoline,ford,No,2016-03-09 00:00:00,30419,2016-03-19 23:16:29,2016,2016,March,March,9,5
2016-03-08 19:56:43,Ford_Fiesta_1.3,privat,Offer,2700,test,kleinwagen,2005,manuell,69,fiesta,125000,Jan,Gasoline,ford,Yes,2016-03-08 00:00:00,93049,2016-04-05 15:47:34,2016,2016,March,March,11,11
2016-03-12 22:49:18,Ford_Fiesta_1.3,privat,Offer,2599,control,kleinwagen,2003,manuell,69,fiesta,150000,Apr,Gasoline,ford,No,2016-03-12 00:00:00,46487,2016-03-22 09:44:54,2016,2016,March,March,13,8
2016-03-14 17:53:48,Ford_Ka_Futura,privat,Offer,1300,test,kleinwagen,2002,manuell,60,ka,150000,Sep,Gasoline,ford,No,2016-03-14 00:00:00,83052,2016-04-06 01:16:30,2016,2016,March,March,14,3
2016-03-08 18:41:48,Pkw_Ford_Fiesta_1_3___60PS__Nichtraucher__unfallfrei__Zweitwagen,privat,Offer,850,test,kleinwagen,2000,manuell,60,fiesta,150000,Jul,Gasoline,ford,No,2016-03-08 00:00:00,22959,2016-03-14 10:45:46,2016,2016,March,March,16,5
2016-03-14 19:44:48,Ford_Fiesta_Style,privat,Offer,690,control,kleinwagen,1999,manuell,50,fiesta,150000,Jul,Gasoline,ford,No,2016-03-14 00:00:00,72589,2016-03-17 09:16:42,2016,2016,March,March,17,5
2016-03-31 07:54:26,____Ford_Fiesta_Ghia____,privat,Offer,1999,test,kleinwagen,2003,Unspecified,80,fiesta,60000,Mar,Gasoline,ford,Other,2016-03-31 00:00:00,45327,2016-03-31 09:47:07,2016,2016,March,March,13,9
2016-03-28 15:57:26,Ford_ka...!,privat,Offer,600,control,kleinwagen,1999,Unspecified,0,Other,150000,Oct,,ford,No,2016-03-28 00:00:00,67549,2016-03-28 15:57:26,2016,2016,March,March,17,2
2016-03-07 14:50:41,Ford_Ka,privat,Offer,900,control,kleinwagen,2005,manuell,60,ka,150000,Aug,Gasoline,ford,No,2016-03-07 00:00:00,79730,2016-04-07 06:45:51,2016,2016,March,March,11,4
2016-03-20 21:50:24,Ford_Fiesta_voll_funktionsfaehig__8_fach_bereift,privat,Offer,199,test,kleinwagen,1996,manuell,50,fiesta,125000,Apr,Gasoline,ford,No,2016-03-20 00:00:00,73230,2016-03-30 16:45:01,2016,2016,March,March,20,8
2016-03-16 21:53:55,Ford_Fiesta_1_1_mit_TÜV,privat,Offer,650,control,kleinwagen,1991,manuell,50,fiesta,150000,May,Gasoline,ford,No,2016-03-16 00:00:00,59368,2016-04-07 13:16:07,2016,2016,March,March,25,7
2016-03-08 03:56:12,Ford_Ka_Tuev_05/2017_Servolenkung_Top_Zustand,privat,Offer,999,control,kleinwagen,1999,manuell,60,ka,150000,Feb,Gasoline,ford,No,2016-03-08 00:00:00,49324,2016-03-12 09:17:58,2016,2016,March,March,17,10
2016-03-06 14:48:16,Ford_Ka,privat,Offer,1450,control,kleinwagen,2004,manuell,69,ka,150000,May,Gasoline,ford,No,2016-03-06 00:00:00,30851,2016-03-26 21:16:30,2016,2016,March,March,12,7
2016-03-07 20:45:31,Biete_Ford_Fiesta_BJ_2001_voll_fahrbereit__TÜV_bis_07/2016,privat,Offer,400,test,kleinwagen,2001,manuell,50,fiesta,150000,May,Gasoline,ford,Other,2016-03-07 00:00:00,53424,2016-03-08 13:17:28,2016,2016,March,March,15,7
2016-03-24 12:55:58,Originaler_Xr2_MK2,privat,Offer,1000,test,kleinwagen,1986,manuell,96,fiesta,5000,Nov,Gasoline,ford,Other,2016-03-24 00:00:00,17098,2016-04-07 04:45:41,2016,2016,March,March,30,1
2016-04-01 01:58:39,Ford_Ka,privat,Offer,1099,control,kleinwagen,2001,manuell,60,ka,90000,Jul,Gasoline,ford,No,2016-04-01 00:00:00,45355,2016-04-07 05:15:51,2016,2016,April,April,15,5
2016-04-03 21:49:58,Verkaufe_Ford_Fiesta__zum_ausschlachten/fertig_machen_,privat,Offer,300,test,kleinwagen,1997,manuell,50,Other,125000,Apr,Gasoline,ford,Yes,2016-04-03 00:00:00,44625,2016-04-05 23:15:23,2016,2016,April,April,19,8
2016-04-03 18:37:12,Ford_Fiesta_zum_Herrichten_bzw._Ausschlachten!,privat,Offer,150,control,kleinwagen,1999,manuell,75,fiesta,150000,Apr,Gasoline,ford,Other,2016-04-03 00:00:00,84137,2016-04-05 18:46:12,2016,2016,April,April,17,8
2016-03-09 20:52:58,Ford_Ka_/_Klima_/_TÜV_neu,privat,Offer,1000,test,kleinwagen,1998,manuell,60,ka,80000,Sep,Gasoline,ford,No,2016-03-09 00:00:00,13053,2016-04-05 18:46:43,2016,2016,March,March,18,3
2016-03-09 08:56:04,?_Ford_Fiesta_mit_neuen_TÜV_?,privat,Offer,0,test,kleinwagen,1999,manuell,70,fiesta,150000,Dec,Gasoline,ford,No,2016-03-09 00:00:00,12439,2016-03-12 02:16:40,2016,2016,March,March,17,0
2016-03-25 00:38:00,Ford_fiesta,privat,Offer,999,control,kleinwagen,1994,manuell,55,Other,90000,Jun,,ford,Other,2016-03-24 00:00:00,63128,2016-04-06 04:46:29,2016,2016,March,March,22,6
2016-04-04 19:58:30,Ford_Focus_1_4_16_v,privat,Offer,399,test,kleinwagen,2000,manuell,55,focus,150000,May,Gasoline,ford,No,2016-04-04 00:00:00,79576,2016-04-06 22:17:18,2016,2016,April,April,16,7
2016-03-10 16:48:11,Ford_Ka_Collection_Karibik_Blau,privat,Offer,689,control,kleinwagen,2000,manuell,60,ka,150000,Jul,Gasoline,ford,No,2016-03-10 00:00:00,67071,2016-03-31 00:45:13,2016,2016,March,March,16,5
2016-03-28 21:50:53,Ford_KA_1_3_BJ_2007_2._Hand_8fach_Bereift,privat,Offer,550,control,kleinwagen,2007,manuell,68,ka,150000,Aug,,ford,No,2016-03-28 00:00:00,63739,2016-04-07 04:45:29,2016,2016,March,March,9,4
2016-03-22 13:50:15,Ford_Fiesta,privat,Offer,520,control,kleinwagen,1995,manuell,50,fiesta,80000,Jul,Gasoline,ford,Yes,2016-03-22 00:00:00,63571,2016-04-02 04:46:55,2016,2016,March,March,21,5
2016-03-15 16:57:44,Ford_Focus_Edition,privat,Offer,350,control,kleinwagen,2000,manuell,115,focus,150000,May,Gasoline,ford,No,2016-03-15 00:00:00,88499,2016-03-16 14:47:32,2016,2016,March,March,16,7
2016-03-17 00:59:20,Ford_Fiesta____Sehr_guter_Zustand,privat,Offer,1000,test,kleinwagen,2001,manuell,75,fiesta,125000,Aug,Gasoline,ford,No,2016-03-16 00:00:00,91054,2016-03-25 05:44:19,2016,2016,March,March,15,4
2016-03-23 10:51:08,Ford_Ka,privat,Offer,500,control,kleinwagen,2002,manuell,60,ka,150000,Feb,Gasoline,ford,No,2016-03-23 00:00:00,73547,2016-04-07 12:16:46,2016,2016,March,March,14,10
2016-03-31 13:42:24,Ford_KA___TÜV_01/17_Servolenkung__guter_zustand__,privat,Offer,650,control,kleinwagen,1998,manuell,50,ka,150000,Mar,Gasoline,ford,No,2016-03-31 00:00:00,30625,2016-03-31 13:42:24,2016,2016,March,March,18,9
2016-04-02 22:52:22,_>FORD_KA___KLIMA___TÜV_bis_NOVEMBER!,privat,Offer,999,test,kleinwagen,2001,manuell,60,ka,125000,Aug,Gasoline,ford,Other,2016-04-02 00:00:00,27753,2016-04-07 00:46:02,2016,2016,April,April,15,4
2016-03-31 14:38:35,Ford_Ka_1.2,privat,Offer,3650,control,kleinwagen,2009,manuell,69,ka,125000,Sep,Gasoline,ford,No,2016-03-31 00:00:00,50769,2016-03-31 14:38:35,2016,2016,March,March,7,3
2016-03-22 15:51:59,Ford_Fiesta,privat,Offer,850,control,kleinwagen,2000,manuell,60,fiesta,150000,Aug,Gasoline,ford,No,2016-03-22 00:00:00,80997,2016-03-28 06:15:37,2016,2016,March,March,16,4
2016-03-29 16:49:28,Sehr_gepflegter_Ford,privat,Offer,2500,control,kleinwagen,2002,manuell,70,fiesta,125000,Jan,,ford,No,2016-03-29 00:00:00,77963,2016-04-06 02:44:54,2016,2016,March,March,14,11
2016-03-19 11:58:38,Ford_Ka__Tuev_Neu!!!,privat,Offer,1600,test,kleinwagen,2005,manuell,60,ka,90000,Mar,Gasoline,ford,No,2016-03-19 00:00:00,70806,2016-03-19 12:43:30,2016,2016,March,March,11,9
2016-03-09 13:55:50,Ford_Fiesta_1.3_Klima_Silber_5Tuerig_BJ_2005_KM_134.000_Tuev_2/2017,privat,Offer,1770,control,kleinwagen,2005,manuell,60,fiesta,150000,May,Gasoline,ford,Yes,2016-03-09 00:00:00,97082,2016-03-09 13:55:50,2016,2016,March,March,11,7
2016-03-26 10:49:49,"Ford_KA_Modell_2009___top_Zustand""""",privat,Offer,3390,test,kleinwagen,2008,manuell,69,ka,125000,Nov,Gasoline,ford,No,2016-03-26 00:00:00,24159,2016-04-03 21:16:37,2016,2016,March,March,8,1
2016-03-23 18:52:14,Verkaufe_Ford_escord,privat,Offer,250,test,kleinwagen,1990,manuell,90,Other,150000,Jan,Gasoline,ford,Yes,2016-03-23 00:00:00,29525,2016-03-29 14:17:20,2016,2016,March,March,26,11
2016-04-01 00:54:17,Ford_Fiesta,privat,Offer,600,test,kleinwagen,1996,manuell,50,fiesta,100000,Jun,Gasoline,ford,No,2016-04-01 00:00:00,74172,2016-04-01 06:38:50,2016,2016,April,April,20,6
2016-04-04 02:02:18,Ford_fiesta_fuer_Bastler,privat,Offer,130,control,kleinwagen,1997,manuell,60,fiesta,150000,Apr,Gasoline,ford,Other,2016-04-04 00:00:00,41236,2016-04-04 08:39:00,2016,2016,April,April,19,8
2016-03-31 12:50:16,Ford_Ka_1.3,privat,Offer,350,test,kleinwagen,2004,manuell,60,ka,100000,Jan,Gasoline,ford,No,2016-03-31 00:00:00,31319,2016-04-06 05:17:53,2016,2016,March,March,12,11
2016-03-22 19:48:53,Ford_Fusion_1.4_gepflegter_Zustand_scheckheftgepflegt,privat,Offer,5200,test,kleinwagen,2010,manuell,80,fusion,80000,Mar,Gasoline,ford,No,2016-03-22 00:00:00,7907,2016-04-06 13:16:08,2016,2016,March,March,6,9
2016-03-14 12:37:22,Ford_Fiesta_Ghia__nur_43000_km__neue_Ganzjahresreifen,privat,Offer,3600,test,kleinwagen,2004,manuell,0,fiesta,50000,Jan,Gasoline,ford,Other,2016-03-14 00:00:00,30171,2016-03-15 06:45:51,2016,2016,March,March,12,11
2016-03-15 19:41:46,Ford_Ka_gruen_TÜV_06/16,privat,Offer,200,control,kleinwagen,2000,manuell,0,ka,100000,Jan,Gasoline,ford,Other,2016-03-15 00:00:00,44866,2016-04-01 02:16:04,2016,2016,March,March,16,11
2016-03-11 21:51:45,Ford_Ka_mit_Lederausstattung_und_Klimaanlage!!!!!!!!!!!!!!!,privat,Offer,890,test,kleinwagen,2003,manuell,69,ka,150000,Aug,Gasoline,ford,Other,2016-03-11 00:00:00,4205,2016-04-06 11:17:28,2016,2016,March,March,13,4
2016-03-23 11:57:21,Ford_Ka_2006,privat,Offer,700,test,kleinwagen,2006,Unspecified,0,ka,150000,Jan,Gasoline,ford,No,2016-03-23 00:00:00,40699,2016-03-23 12:41:55,2016,2016,March,March,10,11
2016-03-21 22:49:23,Ford_Fiesta,privat,Offer,175,control,kleinwagen,1997,manuell,0,fiesta,30000,Oct,Gasoline,ford,Yes,2016-03-21 00:00:00,26340,2016-03-30 13:46:53,2016,2016,March,March,19,2
2016-03-24 03:02:14,Ford_Fiesta_1.3,privat,Offer,2290,test,kleinwagen,2005,manuell,60,fiesta,150000,Sep,Gasoline,ford,No,2016-03-24 00:00:00,89518,2016-03-30 07:46:38,2016,2016,March,March,11,3
2016-03-14 16:50:44,Ford_Fiesta_1.3,privat,Offer,2500,test,kleinwagen,2003,manuell,69,fiesta,70000,Sep,Gasoline,ford,No,2016-03-14 00:00:00,65207,2016-04-06 04:15:31,2016,2016,March,March,13,3
2016-03-19 17:53:54,Ford_focus_tdi_diesel,privat,Offer,1800,control,kleinwagen,2002,manuell,115,focus,150000,Dec,Diesel,ford,Other,2016-03-19 00:00:00,32584,2016-03-19 17:53:54,2016,2016,March,March,14,0
2016-03-12 20:52:38,Sehr_gepflegter_Ford_Fiesta_Viva_1_3_l__TÜV_01/2018,privat,Offer,3200,test,kleinwagen,2004,manuell,70,fiesta,90000,Nov,,ford,No,2016-03-12 00:00:00,21720,2016-04-05 15:47:23,2016,2016,March,March,12,1
2016-03-08 20:47:51,Abzugeben_an_Bastler,privat,Offer,150,control,kleinwagen,1997,manuell,75,fiesta,150000,Apr,,ford,Other,2016-03-08 00:00:00,25337,2016-03-10 18:16:48,2016,2016,March,March,19,8
2016-03-12 01:00:12,Ford_Fiesta_1.3_mit_2_Jahre_TÜV,privat,Offer,2250,test,kleinwagen,2002,manuell,60,fiesta,150000,Dec,Gasoline,ford,Other,2016-03-11 00:00:00,52477,2016-03-18 03:16:01,2016,2016,March,March,14,0
2016-03-11 17:43:51,Ford_Fiesta_75_PS__TÜV_2018,privat,Offer,550,control,kleinwagen,1995,manuell,55,fiesta,150000,Jan,,ford,Yes,2016-03-11 00:00:00,58091,2016-04-05 17:25:50,2016,2016,March,March,21,11
2016-03-15 15:59:05,Ford_Fiesta_1.25_mit_19.500_Km_Schlachtfest_Ersatzteilspender,privat,Offer,99,control,kleinwagen,2012,manuell,0,fiesta,20000,Jul,Gasoline,ford,Yes,2016-03-15 00:00:00,45219,2016-04-06 08:16:33,2016,2016,March,March,4,5
2016-03-22 12:48:02,Ford_Fiesta_Unfallfahrzeug_mit_TÜV,privat,Offer,1950,control,kleinwagen,2005,manuell,60,fiesta,80000,Jan,Gasoline,ford,Yes,2016-03-22 00:00:00,51381,2016-03-22 12:48:02,2016,2016,March,March,11,11
2016-03-31 11:56:29,Ford_Fiesta_1.3_Ambiente,privat,Offer,3200,control,kleinwagen,2007,manuell,60,fiesta,100000,Jan,Gasoline,ford,No,2016-03-31 00:00:00,71067,2016-04-06 04:46:38,2016,2016,March,March,9,11
2016-03-07 14:53:22,Ford_Fiesta_TDCi_1.4__Kleinwagen,privat,Offer,2500,control,kleinwagen,2004,manuell,70,fiesta,150000,Jun,,ford,Other,2016-03-07 00:00:00,27442,2016-03-25 23:47:44,2016,2016,March,March,12,6
2016-03-16 21:49:57,Ford_Ka,privat,Offer,1999,control,kleinwagen,2008,manuell,60,ka,80000,May,Gasoline,ford,No,2016-03-16 00:00:00,46238,2016-03-20 23:46:08,2016,2016,March,March,8,7
2016-03-25 13:46:15,Ford_Ka_ohne_Tuev,privat,Offer,150,test,kleinwagen,1998,Unspecified,0,ka,150000,Jan,,ford,Yes,2016-03-25 00:00:00,26506,2016-03-30 03:44:22,2016,2016,March,March,18,11
2016-03-14 23:55:35,Ford_Fiesta_Rentnerfahrzeug_Top_gepflegt_12/2017_TÜV,privat,Offer,799,control,kleinwagen,1996,manuell,52,fiesta,80000,May,Gasoline,ford,No,2016-03-14 00:00:00,29358,2016-03-16 02:16:01,2016,2016,March,March,20,7
2016-03-31 18:45:30,Ford_ka_1.3_l_16v_baujahr_2005_mit_tuev_viele_extra,privat,Offer,499,control,kleinwagen,2005,manuell,0,ka,150000,Apr,Gasoline,ford,Yes,2016-03-31 00:00:00,42107,2016-04-02 14:16:48,2016,2016,March,March,11,8
2016-03-25 11:37:33,Ford_Ka_Royal_Leder_Klima_2._Hd._82tkm,privat,Offer,1850,test,kleinwagen,2004,manuell,60,ka,90000,Jun,Gasoline,ford,Other,2016-03-25 00:00:00,45277,2016-04-06 11:45:27,2016,2016,March,March,12,6
2016-04-04 19:30:42,Ford_Fiesta_1.4_Tdci_ERSTE_HAND_!!!,privat,Offer,2700,control,kleinwagen,2005,manuell,68,fiesta,150000,Sep,Diesel,ford,No,2016-04-04 00:00:00,56203,2016-04-05 12:22:20,2016,2016,April,April,11,3
2016-03-30 12:49:52,Ford_Ka,privat,Offer,600,control,kleinwagen,2001,manuell,60,ka,80000,Sep,Gasoline,ford,Yes,2016-03-30 00:00:00,22391,2016-03-30 12:49:52,2016,2016,March,March,15,3
2016-04-02 19:37:57,Ford_Fiesta_TÜV_NEU_/_Servo_/_2_Hand,privat,Offer,1250,control,kleinwagen,2002,manuell,50,fiesta,150000,Jan,Gasoline,ford,No,2016-04-02 00:00:00,59555,2016-04-06 19:44:36,2016,2016,April,April,14,11
2016-03-16 18:47:00,Ford_Fiesta_1.3,privat,Offer,300,control,kleinwagen,1999,manuell,50,fiesta,100000,Jan,Gasoline,ford,No,2016-03-16 00:00:00,96145,2016-04-07 02:44:39,2016,2016,March,March,17,11
2016-03-20 11:56:32,Ford_Fiesta_1.4_Trend,privat,Offer,2400,test,kleinwagen,2002,manuell,80,fiesta,125000,Jun,Gasoline,ford,No,2016-03-20 00:00:00,52457,2016-04-06 10:17:09,2016,2016,March,March,14,6
2016-03-20 17:56:46,Ford_ka__Tuev_und_gepflegt,privat,Offer,549,test,kleinwagen,2001,manuell,0,ka,125000,Jan,,ford,No,2016-03-20 00:00:00,52351,2016-03-25 19:15:51,2016,2016,March,March,15,11
2016-03-26 00:56:47,Ford_Ka____TÜV/HU_12/2017_Klima_EURO_4,privat,Offer,1690,test,kleinwagen,2005,manuell,60,ka,100000,Nov,Gasoline,ford,No,2016-03-26 00:00:00,71522,2016-04-05 18:46:54,2016,2016,March,March,11,1
2016-03-12 16:55:40,Ford_Fiesta_1.3_TOP_gepflegt_inkl._neuem_TÜV,privat,Offer,1699,control,kleinwagen,2005,manuell,60,fiesta,150000,Sep,Gasoline,ford,No,2016-03-12 00:00:00,38312,2016-03-17 19:46:19,2016,2016,March,March,11,3
2016-03-08 15:53:44,Ford_Focus,privat,Offer,650,test,kleinwagen,1999,manuell,0,focus,150000,Feb,Gasoline,ford,No,2016-03-08 00:00:00,70794,2016-03-12 13:45:50,2016,2016,March,March,17,10
2016-03-31 14:25:20,Ford_Fiesta_1.4,privat,Offer,2500,test,kleinwagen,2003,manuell,80,fiesta,150000,Nov,Gasoline,ford,No,2016-03-31 00:00:00,57635,2016-04-06 06:15:28,2016,2016,March,March,13,1
2016-03-12 09:50:59,Ford_Ka_mit_Unfallschaden,privat,Offer,320,control,kleinwagen,2002,manuell,0,ka,125000,Dec,Gasoline,ford,Yes,2016-03-12 00:00:00,22765,2016-03-21 09:17:22,2016,2016,March,March,14,0
2016-03-30 13:48:31,Verkaufe_Ford_Fiesta_Anzeige_bloss_bis_um_16_._00_Uhr_gueltig,privat,Offer,50,test,kleinwagen,1993,manuell,0,fiesta,125000,Apr,Gasoline,ford,Other,2016-03-30 00:00:00,4425,2016-03-30 13:48:31,2016,2016,March,March,23,8
2016-03-08 11:53:12,Ford_Feista_1.3._Bj_1999._4_Tuerig._Servo._TÜV._Voll_fahrbereit_!,privat,Offer,499,control,kleinwagen,1999,manuell,50,fiesta,150000,Sep,Gasoline,ford,No,2016-03-08 00:00:00,22049,2016-03-10 15:16:12,2016,2016,March,March,17,3
2016-04-02 20:42:17,Ford_Ka___Klima__Tuev,privat,Offer,500,test,kleinwagen,2000,manuell,60,ka,125000,Oct,Gasoline,ford,No,2016-04-02 00:00:00,71139,2016-04-06 20:47:39,2016,2016,April,April,16,2
2016-04-04 18:37:40,Ford_KA_zu_verschenken,privat,Offer,0,test,kleinwagen,2000,manuell,60,Other,150000,Jan,,ford,Other,2016-04-04 00:00:00,89075,2016-04-04 18:37:40,2016,2016,April,April,16,11
2016-03-11 11:57:40,Ford_fiesta,privat,Offer,1800,control,kleinwagen,2002,manuell,84,fiesta,100000,Aug,Gasoline,ford,No,2016-03-11 00:00:00,50827,2016-03-12 16:18:40,2016,2016,March,March,14,4
2016-03-20 13:41:07,Ford_Fiesta_Flair,privat,Offer,590,test,kleinwagen,1996,manuell,50,fiesta,90000,May,Gasoline,ford,No,2016-03-20 00:00:00,84489,2016-03-20 13:41:07,2016,2016,March,March,20,7
2016-03-27 00:52:26,Auto_verkaufen,privat,Offer,2000,test,kleinwagen,2005,manuell,60,ka,80000,Oct,Gasoline,ford,No,2016-03-26 00:00:00,70437,2016-04-07 02:46:49,2016,2016,March,March,11,2
2016-03-26 02:57:26,Ford_Fiesta,privat,Offer,500,test,kleinwagen,2001,manuell,60,fiesta,90000,Mar,Gasoline,ford,Yes,2016-03-26 00:00:00,10245,2016-04-03 19:17:53,2016,2016,March,March,15,9
2016-03-20 10:49:52,Ford_Fiesta___TÜV_bis_2017,privat,Offer,250,control,kleinwagen,1997,manuell,50,fiesta,150000,Jan,Gasoline,ford,No,2016-03-20 00:00:00,34626,2016-03-26 18:44:21,2016,2016,March,March,19,11
2016-03-16 14:55:47,Ford_Fiesta_/_5_Tuerer/_elekt.Fenster_vorn_Schiebedach/Zentral,privat,Offer,150,test,kleinwagen,1999,manuell,6,fiesta,150000,Aug,Gasoline,ford,Yes,2016-03-16 00:00:00,44225,2016-03-17 12:46:51,2016,2016,March,March,17,4
2016-03-08 13:55:54,"Ford_Fiesta_""_Tuev_Neu""_servo",privat,Offer,710,control,kleinwagen,1996,manuell,37,fiesta,150000,Oct,Gasoline,ford,No,2016-03-08 00:00:00,58452,2016-03-31 06:47:16,2016,2016,March,March,20,2
2016-03-17 20:49:08,Ford_fiesta_Klima,privat,Offer,522,control,kleinwagen,2000,manuell,75,fiesta,150000,Mar,Gasoline,ford,Other,2016-03-17 00:00:00,53123,2016-04-07 09:46:36,2016,2016,March,March,16,9
2016-03-07 12:57:04,Ford_Fiesta_tdi,privat,Offer,2120,test,kleinwagen,2003,manuell,68,fiesta,150000,Oct,Diesel,ford,Other,2016-03-07 00:00:00,34127,2016-03-07 16:46:28,2016,2016,March,March,13,2
2016-03-27 22:06:21,Ford_Ka_1.2_Gepflegt__Zahnriemen_Neu__TÜV_Neu,privat,Offer,3800,test,kleinwagen,2012,manuell,69,ka,125000,Jan,Gasoline,ford,No,2016-03-27 00:00:00,55218,2016-04-04 01:45:05,2016,2016,March,March,4,11
2016-03-25 17:55:12,Ford_Ka_TÜV_2018,privat,Offer,850,test,kleinwagen,2002,manuell,60,ka,125000,Mar,Gasoline,ford,No,2016-03-25 00:00:00,66822,2016-03-30 09:15:57,2016,2016,March,March,14,9
2016-03-22 00:36:24,Ford_Ka_Color_TÜV_neu,privat,Offer,995,control,kleinwagen,1999,manuell,60,ka,150000,Dec,Gasoline,ford,No,2016-03-22 00:00:00,51381,2016-04-01 20:46:23,2016,2016,March,March,17,0
2016-04-03 12:53:55,Ford_Fiesta_1.4_TDCI_Style,privat,Offer,3985,control,kleinwagen,2009,manuell,68,fiesta,20000,Mar,Diesel,ford,No,2016-04-03 00:00:00,34497,2016-04-05 11:45:47,2016,2016,April,April,7,9
2016-03-27 17:57:36,Ford_Fiesta_1_4_TDCI_4_Tuerig_mit_Klima,privat,Offer,3333,test,kleinwagen,2008,manuell,68,fiesta,150000,Jun,Diesel,ford,No,2016-03-27 00:00:00,24539,2016-03-27 18:43:46,2016,2016,March,March,8,6
2016-03-13 13:48:44,Ford_Ka_NEU_TÜV_3/18,privat,Offer,750,test,kleinwagen,1998,manuell,50,ka,90000,Jan,Gasoline,ford,No,2016-03-13 00:00:00,57520,2016-03-17 04:46:42,2016,2016,March,March,18,11
2016-03-16 13:47:02,Ford_Ka_Futura,privat,Offer,1500,control,kleinwagen,2000,manuell,60,ka,90000,Nov,Gasoline,ford,No,2016-03-16 00:00:00,59192,2016-03-29 23:45:35,2016,2016,March,March,16,1
2016-03-07 23:55:09,Ford_Fiesta_1.6_TDCI_Ambiente,privat,Offer,1520,test,kleinwagen,2005,manuell,90,fiesta,100000,Aug,Diesel,ford,No,2016-03-07 00:00:00,66793,2016-03-08 07:41:34,2016,2016,March,March,11,4
2016-03-12 14:39:16,Ford_Fiesta,privat,Offer,890,test,kleinwagen,2000,manuell,60,fiesta,125000,Jun,Gasoline,ford,No,2016-03-12 00:00:00,82256,2016-03-12 14:39:16,2016,2016,March,March,16,6
2016-03-24 21:49:10,Ford_focus,privat,Offer,3750,test,kleinwagen,2004,manuell,75,focus,100000,Jan,Gasoline,ford,No,2016-03-24 00:00:00,78628,2016-04-05 17:17:08,2016,2016,March,March,12,11
2016-03-10 21:51:51,Ford_KA_TÜV/AU_NEU,privat,Offer,1199,control,kleinwagen,2002,manuell,60,ka,150000,Nov,Gasoline,ford,Other,2016-03-10 00:00:00,51491,2016-03-15 00:44:23,2016,2016,March,March,14,1
2016-03-10 21:58:38,Ford_Styl_2j_Tuev_Klima_Motor_kein_Zahnriemen_m.Kette,privat,Offer,999,control,kleinwagen,1997,manuell,60,fiesta,90000,May,Gasoline,ford,No,2016-03-10 00:00:00,53842,2016-03-16 17:50:03,2016,2016,March,March,19,7
2016-03-05 18:47:45,zuverlaessiger_Ford_Fiesta_mit_frischem_Tuev,privat,Offer,2600,test,kleinwagen,2003,manuell,60,fiesta,70000,Mar,Gasoline,ford,Other,2016-03-05 00:00:00,49740,2016-03-16 07:17:42,2016,2016,March,March,13,9
2016-03-31 22:38:22,Ford_Fiesta_1_3_Modell_2002_/_TÜV_Neu!,privat,Offer,1050,test,kleinwagen,2002,manuell,61,fiesta,150000,Jun,Gasoline,ford,No,2016-03-31 00:00:00,79288,2016-04-06 19:45:33,2016,2016,March,March,14,6
2016-03-19 01:41:58,Ford__fiesta,privat,Offer,2500,control,kleinwagen,2004,manuell,60,fiesta,100000,Jun,Gasoline,ford,No,2016-03-18 00:00:00,88255,2016-04-06 02:15:33,2016,2016,March,March,12,6
2016-03-12 08:53:14,Ford_Fiesta_V_**1HAND***,privat,Offer,1990,control,kleinwagen,2004,manuell,69,fiesta,150000,Dec,Gasoline,ford,No,2016-03-12 00:00:00,49082,2016-03-12 08:53:14,2016,2016,March,March,12,0
2016-03-25 14:39:50,FORD_KA_zu_verkaufen!,privat,Offer,350,control,kleinwagen,2001,manuell,60,ka,150000,Apr,Gasoline,ford,Yes,2016-03-25 00:00:00,51465,2016-04-06 17:17:18,2016,2016,March,March,15,8
2016-04-04 21:26:16,Ford_Fiesta,privat,Offer,500,test,kleinwagen,1992,automatik,50,fiesta,70000,Jan,,ford,No,2016-04-04 00:00:00,53567,2016-04-05 11:44:22,2016,2016,April,April,24,11
2016-03-28 02:36:24,Stadtflitzer_Ford_KA_mit_TÜV_12/2017_Reifen_neu!_Anfaengerauto,privat,Offer,800,test,kleinwagen,2002,manuell,60,ka,125000,May,Gasoline,ford,No,2016-03-28 00:00:00,8062,2016-04-06 10:44:33,2016,2016,March,March,14,7
2016-03-20 11:44:47,Ford_Fiesta_1.4_TDCI_Ambiente,privat,Offer,1400,test,kleinwagen,2003,manuell,68,fiesta,150000,Apr,Diesel,ford,No,2016-03-20 00:00:00,41812,2016-03-20 11:44:47,2016,2016,March,March,13,8
2016-03-08 14:48:47,Ford_Fiesta_TÜV_11/2016,privat,Offer,490,test,kleinwagen,1999,manuell,0,fiesta,150000,Jan,,ford,Other,2016-03-08 00:00:00,25917,2016-03-20 08:47:35,2016,2016,March,March,17,11
2016-03-28 17:50:31,Ford_Escort_Ghia_1.4_Liter_Laeuft_einwandfrei,privat,Offer,250,test,kleinwagen,1996,manuell,75,escort,50000,May,Gasoline,ford,Other,2016-03-28 00:00:00,52385,2016-04-06 23:45:57,2016,2016,March,March,20,7
2016-03-31 14:53:18,Ford_Fiesta_1.4_TDCI_Durashift_EST_Ghia,privat,Offer,3699,control,kleinwagen,2006,manuell,68,fiesta,125000,Jul,Diesel,ford,No,2016-03-31 00:00:00,97422,2016-04-06 08:17:29,2016,2016,March,March,10,5
2016-03-25 15:44:46,Biete_ausgeschlachteten_Ford_KA_ohne_TÜV...Motor_springt_nicht_an,privat,Offer,60,test,kleinwagen,1998,manuell,50,ka,150000,Jan,Gasoline,ford,Yes,2016-03-25 00:00:00,63667,2016-04-06 19:16:47,2016,2016,March,March,18,11
2016-03-23 12:47:38,Ford_Ka_1.2_Titanium,privat,Offer,4850,control,kleinwagen,2009,manuell,69,ka,90000,Mar,Gasoline,ford,No,2016-03-23 00:00:00,41540,2016-04-05 12:20:03,2016,2016,March,March,7,9
2016-03-30 22:36:43,Ford_Ka_TÜV_3/2018,privat,Offer,1200,control,kleinwagen,1998,manuell,60,ka,70000,Mar,Gasoline,ford,No,2016-03-30 00:00:00,98617,2016-04-05 22:17:52,2016,2016,March,March,18,9
2016-03-24 19:59:16,Ford_Fiesta_Style_AUTOMATIK_KLIMA_TÜV_BIS_06/17,privat,Offer,800,control,kleinwagen,1998,automatik,75,fiesta,100000,May,Gasoline,ford,No,2016-03-24 00:00:00,28327,2016-04-05 13:45:11,2016,2016,March,March,18,7
2016-03-11 21:47:52,Ford_Fiesta_Focus,privat,Offer,550,test,kleinwagen,1998,manuell,60,fiesta,150000,Mar,Gasoline,ford,No,2016-03-11 00:00:00,63829,2016-03-20 11:18:20,2016,2016,March,March,18,9
2016-03-17 13:54:43,Ford_Ka,privat,Offer,1100,control,kleinwagen,1999,manuell,60,ka,150000,Sep,Gasoline,ford,No,2016-03-17 00:00:00,31848,2016-04-06 18:45:43,2016,2016,March,March,17,3
2016-03-19 19:56:20,Ford_fiesta_4_tuere,privat,Offer,800,control,kleinwagen,1998,manuell,0,fiesta,80000,May,Gasoline,ford,Other,2016-03-19 00:00:00,47166,2016-03-23 09:46:00,2016,2016,March,March,18,7
2016-04-03 11:57:58,Ford_Fiesta_Servo_TÜV_5.Tuerer,privat,Offer,379,control,kleinwagen,1998,manuell,50,fiesta,150000,Dec,Gasoline,ford,No,2016-04-03 00:00:00,32049,2016-04-07 13:16:54,2016,2016,April,April,18,0
2016-03-14 00:52:25,Ford_Fiesta,privat,Offer,1400,control,kleinwagen,2002,manuell,50,fiesta,125000,Apr,Gasoline,ford,No,2016-03-13 00:00:00,95448,2016-04-07 06:15:55,2016,2016,March,March,14,8
2016-03-14 21:55:21,Ford_Fiesta_1.3_Ghia,privat,Offer,1950,test,kleinwagen,2003,manuell,69,fiesta,125000,Jun,Gasoline,ford,No,2016-03-14 00:00:00,54518,2016-03-17 13:17:23,2016,2016,March,March,13,6
2016-03-28 14:39:09,Bastelfahrzeug,privat,Offer,300,test,kleinwagen,1998,manuell,60,fiesta,150000,Feb,Gasoline,ford,Yes,2016-03-28 00:00:00,6667,2016-04-06 18:19:16,2016,2016,March,March,18,10
2016-03-07 15:49:30,Ford_Ka,privat,Offer,1200,control,kleinwagen,1998,manuell,60,ka,50000,Aug,Gasoline,ford,No,2016-03-07 00:00:00,6862,2016-03-12 19:46:51,2016,2016,March,March,18,4
2016-03-12 15:52:18,Ford_Fiesta,privat,Offer,200,control,kleinwagen,1999,manuell,0,Other,150000,Nov,Gasoline,ford,No,2016-03-12 00:00:00,59075,2016-03-16 19:24:35,2016,2016,March,March,17,1
2016-03-30 00:50:00,gepflegter_Ford_Ka_mit_Tuev,privat,Offer,400,test,kleinwagen,1999,manuell,50,ka,70000,Jan,Gasoline,ford,Other,2016-03-29 00:00:00,51371,2016-04-02 19:48:10,2016,2016,March,March,17,11
2016-03-11 16:06:25,Ford_Fiesta_1.4_TDCI_Ambiente,privat,Offer,3950,test,kleinwagen,2008,manuell,68,fiesta,125000,Jun,Diesel,ford,No,2016-03-11 00:00:00,61276,2016-03-21 16:19:36,2016,2016,March,March,8,6
2016-03-20 16:47:58,Ford_Fiesta_Bj_89,privat,Offer,350,test,kleinwagen,1989,manuell,0,fiesta,40000,Apr,Gasoline,ford,Other,2016-03-20 00:00:00,81475,2016-04-06 22:17:32,2016,2016,March,March,27,8
2016-03-06 00:58:45,Ford_Fiesta_1.3,privat,Offer,1199,control,kleinwagen,2002,manuell,60,fiesta,150000,Nov,Gasoline,ford,No,2016-03-05 00:00:00,89520,2016-03-07 16:48:10,2016,2016,March,March,14,1
2016-03-13 20:42:21,ford_fiesta_1_3_ambiente,privat,Offer,3500,control,kleinwagen,2005,manuell,60,fiesta,70000,Nov,Gasoline,ford,No,2016-03-13 00:00:00,45139,2016-04-06 18:47:15,2016,2016,March,March,11,1
2016-03-28 22:50:39,!!Nur_heute!!Ford_Fiesta_1.Hand,privat,Offer,300,control,kleinwagen,1997,manuell,60,Other,150000,Apr,Gasoline,ford,No,2016-03-28 00:00:00,99631,2016-04-02 19:46:45,2016,2016,March,March,19,8
2016-04-04 20:49:52,Ford_Fiesta_1.3,privat,Offer,1450,control,kleinwagen,2004,manuell,60,fiesta,150000,Jun,Gasoline,ford,No,2016-04-04 00:00:00,24568,2016-04-06 23:17:50,2016,2016,April,April,12,6
2016-04-03 14:49:22,Ford_Fiesta_1.4_TDCI,privat,Offer,4200,test,kleinwagen,2008,manuell,68,fiesta,150000,Sep,Diesel,ford,No,2016-04-03 00:00:00,97337,2016-04-05 13:47:40,2016,2016,April,April,8,3
2016-03-08 01:49:41,Ford_Ka,privat,Offer,1200,control,kleinwagen,2003,manuell,60,ka,125000,Mar,Gasoline,ford,No,2016-03-07 00:00:00,75173,2016-03-21 10:46:29,2016,2016,March,March,13,9
2016-04-05 09:58:02,Ford_Fiesta_1.3_Ambiente,privat,Offer,3200,control,kleinwagen,2006,manuell,69,fiesta,80000,Jun,Gasoline,ford,No,2016-04-05 00:00:00,71364,2016-04-07 13:17:37,2016,2016,April,April,10,6
2016-03-15 14:44:56,Ford_Ka_fuer_Bastler,privat,Offer,200,control,kleinwagen,2002,manuell,60,ka,90000,Mar,Gasoline,ford,Yes,2016-03-15 00:00:00,18190,2016-03-21 11:15:53,2016,2016,March,March,14,9
2016-03-31 18:37:53,Schoener_Ford_Ka,privat,Offer,300,control,kleinwagen,1999,manuell,44,ka,150000,May,Gasoline,ford,No,2016-03-31 00:00:00,85049,2016-03-31 18:37:53,2016,2016,March,March,17,7
2016-03-15 23:46:42,Ford_Fiesta_1.3___UNFALLFAHRZEUG_NICHT_FAHRBEREIT_,privat,Offer,1199,control,kleinwagen,2005,manuell,69,fiesta,125000,Feb,Gasoline,ford,Yes,2016-03-15 00:00:00,55487,2016-03-16 02:40:17,2016,2016,March,March,11,10
2016-03-11 20:54:59,Ford_Fusion_1_4_Klima,privat,Offer,2400,control,kleinwagen,2006,manuell,80,fusion,125000,Mar,Gasoline,ford,Yes,2016-03-11 00:00:00,61350,2016-03-13 13:29:34,2016,2016,March,March,10,9
2016-03-22 14:48:19,Ford_Fiesta_1.4_White_Magic,privat,Offer,4099,control,kleinwagen,2008,manuell,80,fiesta,125000,May,Gasoline,ford,No,2016-03-22 00:00:00,88263,2016-04-04 02:46:47,2016,2016,March,March,8,7
2016-03-08 15:39:54,Ford_Focus_1.6,privat,Offer,850,test,kleinwagen,2001,manuell,101,focus,150000,May,Gasoline,ford,Yes,2016-03-08 00:00:00,99310,2016-03-16 12:45:45,2016,2016,March,March,15,7
2016-04-05 12:37:43,Ford_Fiesta_vivax,privat,Offer,1800,test,kleinwagen,2004,manuell,70,fiesta,100000,Dec,,ford,No,2016-04-05 00:00:00,17406,2016-04-05 12:37:43,2016,2016,April,April,12,0
2016-03-26 00:48:34,Auto_5_tuerig_Stadtwagen,privat,Offer,450,test,kleinwagen,1998,manuell,50,fiesta,80000,Jul,Gasoline,ford,Other,2016-03-25 00:00:00,29525,2016-04-05 14:15:51,2016,2016,March,March,18,5
2016-03-07 10:52:10,Ford_KA_1_3_l__Tuev_07.16___Top_Zustand___Viele_Extras,privat,Offer,650,test,kleinwagen,2002,manuell,50,ka,150000,Dec,Gasoline,ford,No,2016-03-07 00:00:00,10407,2016-03-09 07:44:18,2016,2016,March,March,14,0
2016-03-15 14:56:20,Ford_Fiesta_1.4_TDCI_GHIA_Klima_Euro_4___Gruene_Plak.,privat,Offer,1790,control,kleinwagen,2004,manuell,68,fiesta,150000,Mar,Diesel,ford,No,2016-03-15 00:00:00,22159,2016-03-15 14:56:20,2016,2016,March,March,12,9
2016-03-10 22:57:14,Ford_Fiesta__TÜV/AU_nagelneu__nur_116Tkm__2Hand_4tuer__zuverlaessig,privat,Offer,1250,control,kleinwagen,2001,manuell,60,fiesta,125000,Apr,,ford,No,2016-03-10 00:00:00,97346,2016-03-11 07:40:32,2016,2016,March,March,15,8
2016-03-05 20:58:53,Ford_Fiesta_1.3,privat,Offer,4200,control,kleinwagen,2007,manuell,60,fiesta,50000,Apr,Gasoline,ford,No,2016-03-05 00:00:00,42287,2016-03-12 19:47:32,2016,2016,March,March,9,8
2016-03-15 10:53:07,Ford_Fiesta,privat,Offer,350,control,kleinwagen,1998,Unspecified,75,fiesta,150000,May,Gasoline,ford,Other,2016-03-15 00:00:00,77933,2016-03-15 10:53:07,2016,2016,March,March,18,7
2016-03-08 03:59:10,Ford_Ka_sehr_gepflegter_zustand__klima_1_Hand,privat,Offer,5699,control,kleinwagen,2014,Unspecified,59,Other,70000,Jan,Gasoline,ford,No,2016-03-08 00:00:00,47443,2016-03-23 15:18:31,2016,2016,March,March,2,11
2016-03-26 12:57:10,Ford_Fiesta_Bj_1999_Unfallfahrzeug,privat,Offer,180,control,kleinwagen,1999,manuell,50,fiesta,90000,Sep,Gasoline,ford,Yes,2016-03-26 00:00:00,46149,2016-03-29 15:16:04,2016,2016,March,March,17,3
2016-03-25 02:01:55,Ford_Fiesta,privat,Offer,3300,test,kleinwagen,2007,manuell,60,fiesta,125000,Mar,Gasoline,ford,No,2016-03-25 00:00:00,33378,2016-04-06 04:46:17,2016,2016,March,March,9,9
2016-03-25 15:56:35,Ford_Fiesta_1.6_TDCi_Titanium,privat,Offer,4900,test,kleinwagen,2009,manuell,90,fiesta,150000,May,Diesel,ford,No,2016-03-25 00:00:00,93083,2016-04-02 19:48:20,2016,2016,March,March,7,7
2016-03-18 14:38:40,Ford_Fiesta_1.4_Ambiente,privat,Offer,3450,test,kleinwagen,2006,manuell,80,fiesta,70000,Mar,Gasoline,ford,No,2016-03-18 00:00:00,94469,2016-03-21 07:16:31,2016,2016,March,March,10,9
2016-03-17 13:47:15,Ford_Fiesta_1_4_TDCI_Ez_2006_Klima_Navigator_Tuev_neu_ATM_T,privat,Offer,2299,control,kleinwagen,2006,manuell,68,fiesta,125000,Mar,Diesel,ford,No,2016-03-17 00:00:00,35716,2016-03-29 00:17:39,2016,2016,March,March,10,9
2016-04-05 07:58:32,Ford_Fiesta,privat,Offer,100,test,kleinwagen,2001,manuell,0,fiesta,150000,Aug,Gasoline,ford,Yes,2016-04-05 00:00:00,19230,2016-04-05 08:51:31,2016,2016,April,April,15,4
2016-03-10 12:37:15,sclachte_ford_ka_meldet_euch_wenn_ihr_teile_braucht,privat,Offer,10,test,kleinwagen,1998,manuell,0,ka,90000,Apr,Gasoline,ford,No,2016-03-10 00:00:00,13437,2016-03-15 21:18:27,2016,2016,March,March,18,8
2016-03-11 22:57:38,Ford_Fiesta_1.3,privat,Offer,1550,control,kleinwagen,2003,manuell,60,fiesta,150000,Jul,Gasoline,ford,No,2016-03-11 00:00:00,47918,2016-03-12 21:15:26,2016,2016,March,March,13,5
2016-03-21 21:52:22,Ford_Fiesta_1.4_White_Magic,privat,Offer,4400,control,kleinwagen,2008,manuell,80,fiesta,90000,May,Gasoline,ford,No,2016-03-21 00:00:00,87787,2016-04-07 02:46:40,2016,2016,March,March,8,7
2016-03-30 22:55:10,Ford_Ka,privat,Offer,500,control,kleinwagen,2000,manuell,60,ka,150000,Jan,Gasoline,ford,No,2016-03-30 00:00:00,74740,2016-03-30 23:38:51,2016,2016,March,March,16,11
2016-03-21 21:52:21,Ford_Fiesta_1.25_5_Tuerer__Alu__Klima__Aux__Scheckheft,privat,Offer,4999,control,kleinwagen,2010,manuell,82,fiesta,125000,May,Gasoline,ford,No,2016-03-21 00:00:00,23714,2016-04-05 00:15:38,2016,2016,March,March,6,7
2016-03-30 10:37:59,Ford_Fiesta_1.3,privat,Offer,800,test,kleinwagen,1995,automatik,60,fiesta,5000,Feb,Gasoline,ford,Other,2016-03-30 00:00:00,90459,2016-04-07 02:15:54,2016,2016,March,March,21,10
2016-03-30 19:39:34,Ford_KA_1.3,privat,Offer,390,test,kleinwagen,1997,manuell,60,ka,80000,Sep,Gasoline,ford,No,2016-03-30 00:00:00,82256,2016-04-07 10:47:03,2016,2016,March,March,19,3
2016-03-16 18:40:15,KA_mit_TÜV_el._Fenster_ABS_CD_Player_Alu_Felgen_etc.,privat,Offer,780,control,kleinwagen,1999,manuell,60,ka,125000,Apr,Gasoline,ford,No,2016-03-16 00:00:00,26133,2016-03-28 19:46:39,2016,2016,March,March,17,8
2016-03-24 16:39:12,Ford_Ka_Finesse,privat,Offer,1999,control,kleinwagen,2003,manuell,60,ka,60000,Sep,Gasoline,ford,No,2016-03-24 00:00:00,21509,2016-04-07 08:45:01,2016,2016,March,March,13,3
2016-04-03 16:45:04,Ford_Fiesta,privat,Offer,1250,control,kleinwagen,1999,manuell,60,fiesta,80000,Mar,Gasoline,ford,Other,2016-04-03 00:00:00,46537,2016-04-05 15:47:12,2016,2016,April,April,17,9
2016-03-27 20:36:58,Ford_Ka,privat,Offer,1050,control,kleinwagen,2000,manuell,60,ka,125000,Sep,Gasoline,ford,No,2016-03-27 00:00:00,46399,2016-04-05 20:17:41,2016,2016,March,March,16,3
2016-03-16 17:48:58,Ford_Fiesta_TÜV_03/18_Klima,privat,Offer,850,control,kleinwagen,1998,manuell,60,fiesta,125000,Mar,Gasoline,ford,No,2016-03-16 00:00:00,6132,2016-04-02 23:15:59,2016,2016,March,March,18,9
2016-03-27 10:55:10,Ford_Fiesta_1.3,privat,Offer,2999,control,kleinwagen,2007,manuell,69,fiesta,150000,Dec,Gasoline,ford,No,2016-03-27 00:00:00,22049,2016-04-07 06:45:06,2016,2016,March,March,9,0
2016-03-30 21:41:49,Ausschlachten_/_Weiterfahren,privat,Offer,200,test,kleinwagen,2001,manuell,75,fiesta,150000,Dec,Gasoline,ford,No,2016-03-30 00:00:00,4420,2016-03-30 21:41:49,2016,2016,March,March,15,0
2016-03-15 19:55:15,Ford_Fiesta_1.3_Klima_Tuev,privat,Offer,2000,control,kleinwagen,2004,manuell,60,fiesta,125000,Aug,Gasoline,ford,No,2016-03-15 00:00:00,21614,2016-03-25 18:47:05,2016,2016,March,March,12,4
2016-03-27 11:39:54,Ford_Fiesta_Trend,privat,Offer,800,test,kleinwagen,2001,manuell,75,fiesta,150000,Mar,Gasoline,ford,No,2016-03-27 00:00:00,49439,2016-03-27 11:39:54,2016,2016,March,March,15,9
2016-03-15 19:41:18,Ford_Fusion,privat,Offer,1650,control,kleinwagen,2003,manuell,0,fusion,150000,May,Gasoline,ford,No,2016-03-15 00:00:00,24568,2016-03-24 09:45:29,2016,2016,March,March,13,7
2016-04-06 10:36:18,Ford_KA_+Motorrad,privat,Offer,800,test,kleinwagen,1999,manuell,75,ka,80000,Jun,Gasoline,ford,Yes,2016-04-06 00:00:00,16845,2016-04-06 10:36:18,2016,2016,April,April,17,6
2016-03-15 17:52:32,Ford_Ka_2003,privat,Offer,499,control,kleinwagen,2003,Unspecified,0,ka,150000,Oct,Gasoline,ford,Other,2016-03-15 00:00:00,13357,2016-03-16 15:44:32,2016,2016,March,March,13,2
2016-03-21 17:54:44,Ford_Fiesta_mit_TÜV,privat,Offer,200,control,kleinwagen,1999,manuell,75,fiesta,150000,Mar,Gasoline,ford,No,2016-03-21 00:00:00,6917,2016-03-21 17:54:44,2016,2016,March,March,17,9
2016-03-10 07:55:39,Fiesta_C_tuev_05/2017_reifen_neu,privat,Offer,300,control,kleinwagen,1990,manuell,40,fiesta,150000,May,,ford,Other,2016-03-10 00:00:00,84164,2016-03-29 18:47:08,2016,2016,March,March,26,7
2016-03-10 00:57:09,Ford_Ka__EZ_2002__60_PS__Silber__mit_Tuev__127.700_km,privat,Offer,400,control,kleinwagen,2002,manuell,60,ka,150000,Jun,Gasoline,ford,Other,2016-03-10 00:00:00,51674,2016-03-17 05:17:04,2016,2016,March,March,14,6
2016-03-20 07:56:55,Ford_Fiesta_Futura_75ps_77000km_ahk_abnehmbar_klimaanlage_5tfg,privat,Offer,999,control,kleinwagen,2000,manuell,75,fiesta,80000,Sep,Gasoline,ford,No,2016-03-20 00:00:00,13591,2016-03-21 11:17:44,2016,2016,March,March,16,3
2016-03-21 10:52:49,Ford_Fiesta_2.0_ST,privat,Offer,2399,test,kleinwagen,2005,manuell,150,fiesta,150000,Aug,Gasoline,ford,Yes,2016-03-21 00:00:00,33334,2016-03-31 11:45:33,2016,2016,March,March,11,4
2016-03-14 16:50:31,Sportlicher_ka_fuer_Bastler_und_Sammler.,privat,Offer,250,test,kleinwagen,1999,manuell,60,ka,5000,Nov,Gasoline,ford,Other,2016-03-14 00:00:00,66763,2016-04-03 20:45:17,2016,2016,March,March,17,1
2016-03-08 16:56:36,Ford_Fiesta_1.4_Ambiente,privat,Offer,2700,test,kleinwagen,2006,manuell,80,fiesta,150000,Oct,Gasoline,ford,No,2016-03-08 00:00:00,91448,2016-03-20 19:18:08,2016,2016,March,March,10,2
2016-04-04 18:51:17,Ford_Ka,privat,Offer,1100,test,kleinwagen,2001,manuell,60,ka,80000,Dec,Gasoline,ford,No,2016-04-04 00:00:00,78467,2016-04-06 21:16:00,2016,2016,April,April,15,0
2016-03-22 17:46:29,Ford_Fiesta_1.3_Ambiente_/_Klima_/_TÜV_/_5_Tuerer,privat,Offer,2390,control,kleinwagen,2005,manuell,60,fiesta,150000,Jan,Gasoline,ford,No,2016-03-22 00:00:00,52428,2016-03-22 17:46:29,2016,2016,March,March,11,11
2016-03-19 03:47:49,Ford_Fiesta_1.4,privat,Offer,3100,test,kleinwagen,2004,manuell,80,fiesta,80000,Jul,Gasoline,ford,No,2016-03-18 00:00:00,9661,2016-04-06 03:45:52,2016,2016,March,March,12,5
2016-04-04 16:44:15,Schnaeppchen_Ford_Ka_TÜV_neu_guter_Zustand,privat,Offer,999,test,kleinwagen,1998,manuell,60,ka,150000,Nov,Gasoline,ford,No,2016-04-04 00:00:00,51491,2016-04-06 18:17:12,2016,2016,April,April,18,1
2016-03-09 20:40:00,FORT_KA_TÜV_UND_AU_NEU_!,privat,Offer,850,test,kleinwagen,2000,manuell,0,ka,150000,Jan,Gasoline,ford,No,2016-03-09 00:00:00,12279,2016-03-12 07:16:54,2016,2016,March,March,16,11
2016-03-22 20:58:15,FOrd_FIesta_1.4_TDCI_BJ_2004,privat,Offer,2800,control,kleinwagen,2004,manuell,68,fiesta,150000,May,Diesel,ford,No,2016-03-22 00:00:00,20099,2016-04-06 16:16:54,2016,2016,March,March,12,7
2016-03-19 13:53:36,Ford_Gepflegter_Ford_KA_mit_2_Jahren_frischen_Tuev,privat,Offer,1450,test,kleinwagen,1999,manuell,60,ka,100000,Jun,Gasoline,ford,No,2016-03-19 00:00:00,48712,2016-04-06 20:18:42,2016,2016,March,March,17,6
2016-03-28 12:42:07,Fiesta_1_3l_mit_1jahr_tuev!_Servo+abs+airbag_!!,privat,Offer,1100,test,kleinwagen,2000,manuell,50,fiesta,150000,Mar,Gasoline,ford,No,2016-03-28 00:00:00,24649,2016-04-06 15:15:46,2016,2016,March,March,16,9
2016-03-06 12:43:34,Ford_Fiesta_Ghia,privat,Offer,650,test,kleinwagen,2001,manuell,60,fiesta,150000,Feb,Gasoline,ford,No,2016-03-06 00:00:00,22117,2016-03-13 03:16:14,2016,2016,March,March,15,10
2016-04-06 03:36:36,Ford_Fiesta_1_3l_bj.2000_148600_km,privat,Offer,220,test,kleinwagen,2000,manuell,50,fiesta,150000,Jul,Gasoline,ford,Other,2016-04-06 00:00:00,21037,2016-04-06 04:36:17,2016,2016,April,April,16,5
2016-03-30 14:38:34,Ford_Fiesta_1_3l___funX__3_tuerig__ocean_metallic__blau_,privat,Offer,3000,control,kleinwagen,2006,manuell,69,fiesta,150000,Dec,Gasoline,ford,Other,2016-03-30 00:00:00,82538,2016-04-07 05:15:24,2016,2016,March,March,10,0
2016-03-16 13:46:58,Ford_Ka_Futura,privat,Offer,1500,control,kleinwagen,2000,manuell,60,ka,90000,Nov,Gasoline,ford,No,2016-03-16 00:00:00,59192,2016-03-29 23:45:32,2016,2016,March,March,16,1
2016-03-09 15:39:40,Ford_nur_heute_bis_19_uhr,privat,Offer,2500,control,kleinwagen,2006,manuell,0,fiesta,150000,May,Diesel,ford,No,2016-03-09 00:00:00,71277,2016-03-09 15:39:40,2016,2016,March,March,10,7
2016-03-30 22:54:45,Ford_Fiesta_TÜV_bis_Juni_2017...TOP...,privat,Offer,700,control,kleinwagen,2002,manuell,60,fiesta,150000,Mar,Gasoline,ford,No,2016-03-30 00:00:00,18356,2016-04-05 06:45:57,2016,2016,March,March,14,9
2016-03-09 17:39:35,Verkaufe_hier_Ford_Fiesta,privat,Offer,280,test,kleinwagen,2000,manuell,75,fiesta,90000,Jan,Gasoline,ford,Other,2016-03-09 00:00:00,4720,2016-04-07 08:16:18,2016,2016,March,March,16,11
2016-03-21 21:38:13,Ford_ka_an_schrauber_oder_schlachten,privat,Offer,300,control,kleinwagen,1999,manuell,0,ka,90000,Feb,,ford,Yes,2016-03-21 00:00:00,47239,2016-03-21 21:38:13,2016,2016,March,March,17,10
2016-03-15 00:55:34,Ford___Ka___Baujahr_2000,privat,Offer,200,test,kleinwagen,2000,manuell,60,ka,5000,Mar,Gasoline,ford,Other,2016-03-14 00:00:00,24850,2016-03-26 05:47:16,2016,2016,March,March,16,9
2016-03-07 15:39:54,Ford_Ka_+_TÜV_NEU_+_KLIMA,privat,Offer,899,control,kleinwagen,2001,manuell,60,ka,125000,Apr,Gasoline,ford,No,2016-03-07 00:00:00,52078,2016-03-12 03:45:01,2016,2016,March,March,15,8
2016-04-02 13:47:02,Ford_Focus_zu_verkaufen,privat,Offer,0,test,kleinwagen,1999,manuell,75,focus,125000,Jan,Gasoline,ford,Other,2016-04-02 00:00:00,49170,2016-04-02 13:47:02,2016,2016,April,April,17,11
2016-03-14 15:06:19,Ford_Ka_an_Bastler_abzugeben,privat,Offer,150,test,kleinwagen,2004,manuell,69,Other,125000,Apr,Gasoline,ford,Yes,2016-03-14 00:00:00,55130,2016-03-25 04:45:48,2016,2016,March,March,12,8
2016-03-21 08:55:32,Ford_KA_1_2__Start___Stop_System__Ambiente___Jump__Gruen,privat,Offer,4400,control,kleinwagen,2011,manuell,69,ka,70000,Dec,Gasoline,ford,Other,2016-03-21 00:00:00,56626,2016-04-06 02:45:25,2016,2016,March,March,5,0
2016-03-16 19:55:59,Ford_Fiesta,privat,Offer,500,test,kleinwagen,1991,manuell,54,fiesta,150000,May,Gasoline,ford,No,2016-03-16 00:00:00,53474,2016-03-16 19:55:59,2016,2016,March,March,25,7
2016-03-17 09:43:24,Ford_Fiesta_1.25,privat,Offer,2100,test,kleinwagen,2003,manuell,69,fiesta,150000,Aug,Gasoline,ford,No,2016-03-17 00:00:00,66346,2016-03-19 08:18:06,2016,2016,March,March,13,4
2016-03-22 10:50:40,Ford_Ka_zu_verkaufen,privat,Offer,200,control,kleinwagen,1999,manuell,0,Other,150000,Jan,Gasoline,ford,Yes,2016-03-22 00:00:00,52388,2016-03-29 13:47:51,2016,2016,March,March,17,11
2016-03-25 10:57:21,FORD_FIESTA_1.4_TDCI,privat,Offer,3800,test,kleinwagen,2006,manuell,0,fiesta,150000,Sep,Diesel,ford,Other,2016-03-25 00:00:00,45881,2016-04-06 11:45:39,2016,2016,March,March,10,3
2016-04-04 23:37:11,Ford_Fiesta_1.4_Black_Magic,privat,Offer,3700,control,kleinwagen,2008,manuell,80,fiesta,150000,Mar,Gasoline,ford,No,2016-04-04 00:00:00,83088,2016-04-07 10:15:20,2016,2016,April,April,8,9
2016-03-10 22:55:40,Ford_Fiesta_1.3,privat,Offer,1000,control,kleinwagen,2002,manuell,0,fiesta,125000,Jul,Gasoline,ford,No,2016-03-10 00:00:00,41564,2016-03-12 09:16:23,2016,2016,March,March,14,5
2016-03-15 11:56:25,Ford_Fiesta_Ambiente_1_25,privat,Offer,4300,test,kleinwagen,2008,manuell,82,fiesta,125000,Nov,Gasoline,ford,Other,2016-03-15 00:00:00,66839,2016-04-06 00:16:37,2016,2016,March,March,8,1
2016-03-06 14:38:15,Ford_Ka_/_Zuverlaessiger_Kleinwagen,privat,Offer,750,control,kleinwagen,2000,manuell,60,Other,150000,Mar,Gasoline,ford,No,2016-03-06 00:00:00,28865,2016-03-17 11:45:27,2016,2016,March,March,16,9
2016-03-26 15:39:09,Ford_KA___blau__3_tuerer__60_PS__TÜV_bis_06/2017__PIONEER_Soundsys,privat,Offer,549,test,kleinwagen,1999,manuell,60,ka,125000,Apr,Gasoline,ford,No,2016-03-26 00:00:00,47226,2016-04-02 05:45:22,2016,2016,March,March,17,8
2016-03-23 15:37:38,Ford_Ka__Klima__TÜV_9/2017,privat,Offer,699,test,kleinwagen,1998,manuell,60,ka,125000,Jul,Gasoline,ford,Other,2016-03-23 00:00:00,84347,2016-03-23 15:37:38,2016,2016,March,March,18,5
2016-03-31 21:39:13,Ford_Fiesta_Style_1.3,privat,Offer,4500,test,kleinwagen,2008,manuell,60,fiesta,60000,Feb,Gasoline,ford,No,2016-03-31 00:00:00,81739,2016-04-06 16:45:29,2016,2016,March,March,8,10
2016-03-14 17:52:13,Ford_Fiesta,privat,Offer,650,test,kleinwagen,1999,manuell,60,fiesta,150000,Jan,Gasoline,ford,No,2016-03-14 00:00:00,46537,2016-03-15 12:47:28,2016,2016,March,March,17,11
2016-03-14 14:37:34,Ford_Fiesta_4_tg._JH1__Trendline_zu_verkaufen,privat,Offer,3800,control,kleinwagen,2005,manuell,80,fiesta,90000,Nov,Gasoline,ford,No,2016-03-14 00:00:00,76744,2016-03-20 01:47:14,2016,2016,March,March,11,1
2016-03-09 13:56:48,Ford_Fiesta,privat,Offer,350,control,kleinwagen,2001,manuell,75,fiesta,150000,Feb,Gasoline,ford,No,2016-03-09 00:00:00,19300,2016-04-06 08:44:17,2016,2016,March,March,15,10
2016-03-08 15:38:17,Ford_Fiesta,privat,Offer,780,test,kleinwagen,1999,manuell,75,fiesta,125000,Sep,Gasoline,ford,No,2016-03-08 00:00:00,12107,2016-03-10 09:46:38,2016,2016,March,March,17,3
2016-03-08 18:43:33,Ford_Fiesta_1.3_We_will_Rock_You,privat,Offer,3350,test,kleinwagen,2005,manuell,69,fiesta,80000,Sep,Gasoline,ford,No,2016-03-08 00:00:00,86807,2016-04-05 08:44:41,2016,2016,March,March,11,3
2016-03-17 21:37:40,Ford_Ka_1.3,privat,Offer,350,test,kleinwagen,1999,manuell,60,ka,90000,Feb,Gasoline,ford,Yes,2016-03-17 00:00:00,47839,2016-03-17 22:41:04,2016,2016,March,March,17,10
2016-03-26 21:49:01,Ford_Fiesta_TDCI,privat,Offer,2250,control,kleinwagen,2003,manuell,68,fiesta,150000,May,Diesel,ford,No,2016-03-26 00:00:00,86668,2016-04-02 14:46:46,2016,2016,March,March,13,7
2016-03-13 18:48:53,Ford_Fiesta_1.3,privat,Offer,1950,test,kleinwagen,2003,manuell,60,fiesta,150000,Apr,Gasoline,ford,No,2016-03-13 00:00:00,89518,2016-04-06 18:15:37,2016,2016,March,March,13,8
2016-03-12 17:55:59,Ford_SNJA1G,privat,Offer,5300,test,kleinwagen,2009,manuell,82,fiesta,80000,Feb,Gasoline,ford,No,2016-03-12 00:00:00,56154,2016-03-14 07:30:55,2016,2016,March,March,7,10
2016-03-25 17:38:52,Ford_Ka_zu_verkaufen,privat,Offer,1000,test,kleinwagen,2004,manuell,60,ka,125000,Apr,Gasoline,ford,No,2016-03-25 00:00:00,47178,2016-03-27 05:15:22,2016,2016,March,March,12,8
2016-03-05 15:44:54,Ford_Ka_Futura_2003__88.000_km__Klima__el._FH__Scheibenheizung,privat,Offer,999,control,kleinwagen,2003,manuell,60,ka,90000,Feb,Gasoline,ford,No,2016-03-05 00:00:00,51503,2016-03-05 16:46:30,2016,2016,March,March,13,10
2016-03-26 17:40:53,Ford_Ka_Klima_Tuev,privat,Offer,1150,control,kleinwagen,2005,manuell,60,ka,150000,Dec,Gasoline,ford,No,2016-03-26 00:00:00,45888,2016-03-28 06:17:14,2016,2016,March,March,11,0
2016-03-07 13:48:40,Ford_Ka,privat,Offer,500,control,kleinwagen,2003,manuell,60,ka,150000,Mar,Gasoline,ford,No,2016-03-07 00:00:00,71686,2016-03-15 16:46:49,2016,2016,March,March,13,9
2016-03-14 19:55:57,Ford_Fiesta,privat,Offer,290,control,kleinwagen,1995,manuell,50,fiesta,125000,Sep,Gasoline,ford,Other,2016-03-14 00:00:00,4205,2016-03-17 09:46:26,2016,2016,March,March,21,3
2016-03-08 19:57:12,Ford_Fiesta_mit_Anhaengerkupplung_ohne_TÜV,privat,Offer,170,test,kleinwagen,1997,Unspecified,45,fiesta,150000,Jan,Gasoline,ford,Other,2016-03-08 00:00:00,52531,2016-03-10 07:15:59,2016,2016,March,March,19,11
2016-04-03 21:37:39,Ford_Fiesta_75_Ps,privat,Offer,0,test,kleinwagen,1998,manuell,75,fiesta,90000,Dec,Gasoline,ford,No,2016-04-03 00:00:00,97653,2016-04-05 22:18:19,2016,2016,April,April,18,0
2016-03-17 20:41:11,Ford_Fiesta_Bj_96_Giha_am_besten_fuer_Bastler,privat,Offer,450,control,kleinwagen,1996,manuell,75,fiesta,150000,Jun,Gasoline,ford,Yes,2016-03-17 00:00:00,30966,2016-03-20 23:16:47,2016,2016,March,March,20,6
2016-03-06 18:42:46,Ford_Ka_1.2,privat,Offer,3700,control,kleinwagen,2009,manuell,69,ka,150000,Aug,Gasoline,ford,No,2016-03-06 00:00:00,26452,2016-04-06 22:18:05,2016,2016,March,March,7,4
2016-03-05 20:54:05,Ford_Fiesta_1.3_wenige_km,privat,Offer,3400,control,kleinwagen,2006,manuell,69,fiesta,40000,Sep,Gasoline,ford,Other,2016-03-05 00:00:00,88094,2016-03-12 05:17:44,2016,2016,March,March,10,3
2016-03-19 10:50:04,Ford_Fiesta_Tuev_2017,privat,Offer,1,test,kleinwagen,2004,manuell,69,fiesta,150000,Mar,,ford,Yes,2016-03-19 00:00:00,86179,2016-03-20 12:19:23,2016,2016,March,March,12,9
2016-03-14 17:44:46,Ford_fiesta_diesel_gruene_pllakette_onhe_tuev,privat,Offer,1200,test,kleinwagen,2002,manuell,68,fiesta,150000,Dec,Diesel,ford,Other,2016-03-14 00:00:00,47139,2016-03-26 12:45:53,2016,2016,March,March,14,0
2016-04-04 22:57:57,Ford_Fiesta_1.3_Futura_TÜV_bis_09/2017,privat,Offer,1550,test,kleinwagen,2004,manuell,69,fiesta,150000,Sep,Gasoline,ford,No,2016-04-04 00:00:00,41061,2016-04-07 02:17:07,2016,2016,April,April,12,3
2016-03-12 14:49:27,Ford_Fiesta_1.3_Fun,privat,Offer,3600,test,kleinwagen,2006,manuell,60,fiesta,70000,Oct,Gasoline,ford,No,2016-03-12 00:00:00,42329,2016-04-07 01:17:12,2016,2016,March,March,10,2
2016-03-07 18:55:51,Verkaufe_kleinen_roten_flitzer,privat,Offer,189,control,kleinwagen,1997,manuell,0,fiesta,150000,Jan,Gasoline,ford,Other,2016-03-07 00:00:00,4509,2016-04-07 05:46:08,2016,2016,March,March,19,11
2016-03-07 15:55:57,Ford_Fiesta,privat,Offer,550,control,kleinwagen,2000,manuell,50,fiesta,150000,Jul,Gasoline,ford,No,2016-03-07 00:00:00,78078,2016-03-12 05:17:30,2016,2016,March,March,16,5
2016-04-01 03:03:06,Ford_Fiesta,privat,Offer,999,control,kleinwagen,1997,manuell,60,Other,150000,Dec,,ford,No,2016-04-01 00:00:00,51105,2016-04-07 05:15:42,2016,2016,April,April,19,0
2016-03-29 13:52:35,Ford_Fiesta_1.3,privat,Offer,800,control,kleinwagen,2005,manuell,60,fiesta,150000,May,Gasoline,ford,Yes,2016-03-29 00:00:00,12435,2016-03-29 13:52:35,2016,2016,March,March,11,7
2016-04-04 18:47:06,Ford_Fiesta_1.25_Trend_1.Hand_Scheckheftgepflegt,privat,Offer,4650,test,kleinwagen,2010,manuell,82,fiesta,125000,Jan,Gasoline,ford,No,2016-04-04 00:00:00,42859,2016-04-04 18:47:06,2016,2016,April,April,6,11
2016-03-29 21:38:03,Ford_Ka_ohne_TÜV,privat,Offer,180,test,kleinwagen,2001,manuell,60,ka,150000,Feb,Gasoline,ford,Other,2016-03-29 00:00:00,27333,2016-04-04 07:16:35,2016,2016,March,March,15,10
2016-03-27 19:54:15,Ford_Fiesta_1.3_mit_Klima_TÜV_03/2018,privat,Offer,1850,control,kleinwagen,2006,manuell,60,fiesta,150000,May,Gasoline,ford,No,2016-03-27 00:00:00,41238,2016-03-31 01:45:59,2016,2016,March,March,10,7
2016-04-03 20:42:47,Bastlerauto_guenstig_abzugeben,privat,Offer,100,test,kleinwagen,1995,manuell,60,fiesta,150000,Jan,Gasoline,ford,Yes,2016-04-03 00:00:00,69181,2016-04-05 21:17:10,2016,2016,April,April,21,11
2016-03-16 11:55:11,Verkaufe_Ford_Festa,privat,Offer,150,test,kleinwagen,1999,manuell,60,fiesta,150000,Jan,Gasoline,ford,Other,2016-03-16 00:00:00,21769,2016-03-17 10:15:20,2016,2016,March,March,17,11
2016-03-08 12:51:07,Ford_Fiesta_CLX,privat,Offer,750,test,kleinwagen,1991,manuell,54,fiesta,125000,Jan,Gasoline,ford,No,2016-03-08 00:00:00,17033,2016-03-16 04:17:38,2016,2016,March,March,25,11
2016-04-01 09:37:33,Ford_Fusion____Klima_Ahk__elektr._Fenster_v.,privat,Offer,2150,test,kleinwagen,2004,manuell,80,fusion,125000,Jan,Gasoline,ford,No,2016-04-01 00:00:00,24159,2016-04-01 09:37:33,2016,2016,April,April,12,11
2016-03-12 12:57:21,Ford_Fiesta,privat,Offer,899,test,kleinwagen,1999,manuell,50,fiesta,150000,Oct,Gasoline,ford,No,2016-03-12 00:00:00,16227,2016-03-14 21:45:26,2016,2016,March,March,17,2
2016-03-05 22:36:19,Ford_Fiesta_Style__11_Monate_TÜV,privat,Offer,550,control,kleinwagen,2000,manuell,60,fiesta,150000,Apr,Gasoline,ford,No,2016-03-05 00:00:00,59229,2016-03-06 06:39:58,2016,2016,March,March,16,8
2016-03-10 12:51:59,Ford_KA_Klima_Leder_Voll,privat,Offer,799,test,kleinwagen,2001,manuell,50,ka,125000,Oct,Gasoline,ford,No,2016-03-10 00:00:00,4435,2016-03-16 04:47:35,2016,2016,March,March,15,2
2016-03-07 10:56:24,Ford_Focus_1_4_an_Bastler,privat,Offer,450,test,kleinwagen,1999,manuell,75,focus,150000,Feb,Gasoline,ford,Yes,2016-03-07 00:00:00,58453,2016-03-07 19:17:09,2016,2016,March,March,17,10
2016-03-20 16:40:28,Ford_Fiesta_1.25_Trend_Bluetooth/AUX/Klima,privat,Offer,5600,test,kleinwagen,2009,manuell,82,fiesta,80000,Jun,Gasoline,ford,No,2016-03-20 00:00:00,50939,2016-04-02 21:17:38,2016,2016,March,March,7,6
2016-04-01 11:50:19,Ford_Fiesta_1.4,privat,Offer,1999,test,kleinwagen,2004,manuell,80,fiesta,150000,Jul,Gasoline,ford,Yes,2016-04-01 00:00:00,51491,2016-04-01 11:50:19,2016,2016,April,April,12,5
2016-03-05 14:38:49,Ford_ka_bj_99,privat,Offer,50,control,kleinwagen,1999,manuell,50,Other,80000,Aug,Gasoline,ford,Other,2016-03-05 00:00:00,19055,2016-03-06 03:45:04,2016,2016,March,March,17,4
2016-03-25 10:51:10,Ford_Fiesta_1.4_TDCI_/_TÜV_bis_2017_/_EURO_4,privat,Offer,1900,test,kleinwagen,2006,manuell,68,fiesta,150000,Sep,Diesel,ford,No,2016-03-25 00:00:00,53881,2016-03-25 10:51:10,2016,2016,March,March,10,3
2016-04-02 11:46:02,Ford_Fiesta_Ghia_Vollausstattung_Klima_TÜV_09/16_Alufelgen,privat,Offer,449,test,kleinwagen,1997,manuell,75,fiesta,125000,Apr,Gasoline,ford,Other,2016-04-02 00:00:00,79594,2016-04-06 09:44:20,2016,2016,April,April,19,8
2016-03-20 10:38:17,Ford_Ka_1_3l_Benziner_TÜV_3.2018,privat,Offer,1450,control,kleinwagen,2005,manuell,69,ka,125000,May,Gasoline,ford,No,2016-03-20 00:00:00,28207,2016-03-24 00:16:45,2016,2016,March,March,11,7
2016-03-23 17:49:43,Ford_KA_ideal_fuer_Fahranfaenger,privat,Offer,820,control,kleinwagen,2001,manuell,60,ka,150000,Feb,Gasoline,ford,No,2016-03-23 00:00:00,55128,2016-04-06 17:16:58,2016,2016,March,March,15,10
2016-03-20 14:41:10,Ford_Fiesta_1.3_~Rentnerauto/wenig_KM_~_S_Heft~_Klima,privat,Offer,4480,test,kleinwagen,2007,manuell,60,fiesta,40000,Jun,Gasoline,ford,No,2016-03-20 00:00:00,52076,2016-03-31 21:46:16,2016,2016,March,March,9,6
2016-03-29 14:46:52,Ford_Fiesta_Style,privat,Offer,999,test,kleinwagen,1998,manuell,75,fiesta,150000,Sep,Gasoline,ford,No,2016-03-29 00:00:00,34127,2016-04-06 00:17:07,2016,2016,March,March,18,3
2016-03-31 08:53:17,Ford_Focus_101ps_tuev_10/2017,privat,Offer,1600,control,kleinwagen,2001,manuell,101,focus,150000,Jan,Gasoline,ford,Other,2016-03-31 00:00:00,66538,2016-04-04 02:15:31,2016,2016,March,March,15,11
2016-03-15 20:57:31,Ford_Fiesta_1.6_TDCI_Sport,privat,Offer,3950,test,kleinwagen,2007,manuell,90,fiesta,150000,Sep,Diesel,ford,No,2016-03-15 00:00:00,56337,2016-03-23 05:46:39,2016,2016,March,March,9,3
2016-03-14 23:54:53,Ford_Fiesta_1.4_Black_Magic,privat,Offer,1200,control,kleinwagen,2007,manuell,80,fiesta,125000,Dec,Gasoline,ford,Yes,2016-03-14 00:00:00,85111,2016-03-15 07:48:56,2016,2016,March,March,9,0
2016-04-04 15:58:12,Ford_KA_Royal,privat,Offer,1750,test,kleinwagen,2003,manuell,70,ka,125000,Feb,Gasoline,ford,No,2016-04-04 00:00:00,58285,2016-04-06 17:45:06,2016,2016,April,April,13,10
2016-03-17 01:32:37,Ford_Fiesta_1.4_TDCI_Ghia,privat,Offer,1990,test,kleinwagen,2005,manuell,68,fiesta,150000,Mar,Diesel,ford,No,2016-03-17 00:00:00,35390,2016-03-18 18:13:22,2016,2016,March,March,11,9
2016-04-05 10:54:45,FIESTA_AUTOMATIK_TÜV&ASU_07_2017_LÄUFT_SEHR_GUT,privat,Offer,490,control,kleinwagen,1996,automatik,75,fiesta,60000,Nov,Gasoline,ford,No,2016-04-05 00:00:00,55232,2016-04-05 10:54:45,2016,2016,April,April,20,1
2016-03-11 17:06:18,Gepflegte_Ford_Fiesta,privat,Offer,0,control,kleinwagen,2005,manuell,95,fiesta,150000,Apr,Gasoline,ford,No,2016-03-11 00:00:00,56566,2016-04-06 15:15:23,2016,2016,March,March,11,8
2016-03-17 21:46:29,Verkaufe_Ford_escord_fahrbereit,privat,Offer,500,test,kleinwagen,1990,manuell,90,Other,150000,Apr,Gasoline,ford,Yes,2016-03-17 00:00:00,29525,2016-03-19 22:17:02,2016,2016,March,March,26,8
2016-03-25 15:54:06,Fort_fiesta,privat,Offer,1200,test,kleinwagen,2001,manuell,75,fiesta,150000,Apr,,ford,No,2016-03-25 00:00:00,37120,2016-03-25 15:54:06,2016,2016,March,March,15,8
2016-03-14 20:39:01,Ford_Fiesta,privat,Offer,600,control,kleinwagen,2001,manuell,50,fiesta,150000,May,Gasoline,ford,Yes,2016-03-14 00:00:00,97070,2016-04-06 07:45:09,2016,2016,March,March,15,7
2016-04-03 00:39:32,Ford_Fiesta_1.3_TÜV_Nov_2017._Steuerkette,privat,Offer,2250,control,kleinwagen,2003,manuell,69,fiesta,150000,Apr,Gasoline,ford,No,2016-04-02 00:00:00,28197,2016-04-05 03:45:37,2016,2016,April,April,13,8
2016-03-14 00:37:12,Ford_ka_60ps,privat,Offer,600,control,kleinwagen,1997,manuell,60,ka,125000,Oct,Gasoline,ford,No,2016-03-14 00:00:00,66763,2016-03-17 19:17:05,2016,2016,March,March,19,2
2016-03-10 08:53:29,Ford_Ka_Tuev_neu,privat,Offer,700,test,kleinwagen,2006,manuell,59,ka,150000,Nov,Gasoline,ford,No,2016-03-10 00:00:00,24943,2016-03-12 13:16:56,2016,2016,March,March,10,1
2016-04-04 19:37:23,Verkaufe_meinen_Ford_Ka,privat,Offer,0,test,kleinwagen,2003,manuell,69,ka,125000,Sep,Gasoline,ford,Other,2016-04-04 00:00:00,24119,2016-04-04 19:37:23,2016,2016,April,April,13,3
2016-04-03 15:47:56,Ford_Fiesta_Style_mit_neuem_TÜV,privat,Offer,1499,test,kleinwagen,1999,Unspecified,75,fiesta,150000,Oct,Gasoline,ford,No,2016-04-03 00:00:00,88521,2016-04-05 15:16:04,2016,2016,April,April,17,2
2016-03-28 12:43:34,Ford_Fiesta,privat,Offer,650,test,kleinwagen,1996,manuell,50,fiesta,125000,Jul,Gasoline,ford,No,2016-03-28 00:00:00,83395,2016-04-06 15:16:10,2016,2016,March,March,20,5
2016-03-21 19:39:40,Ford_KA_Bj.2001_60PS,privat,Offer,200,test,kleinwagen,2001,manuell,60,ka,150000,May,Gasoline,ford,No,2016-03-21 00:00:00,79697,2016-03-24 09:15:40,2016,2016,March,March,15,7
2016-04-04 20:48:49,Ford_Ka_HCS_EFI_60PS_,privat,Offer,950,control,kleinwagen,2001,manuell,60,ka,150000,Feb,Gasoline,ford,No,2016-04-04 00:00:00,16225,2016-04-06 23:17:47,2016,2016,April,April,15,10
2016-04-01 13:49:58,Ford_Fiesta,privat,Offer,2250,test,kleinwagen,2003,manuell,60,fiesta,150000,Dec,Gasoline,ford,No,2016-04-01 00:00:00,46045,2016-04-07 10:45:53,2016,2016,April,April,13,0
2016-03-12 12:48:25,Ford_Fusion_1.4_+_TÜV_NEU_KLIMA_USW,privat,Offer,1790,test,kleinwagen,2004,manuell,80,fusion,150000,Aug,Gasoline,ford,No,2016-03-12 00:00:00,41379,2016-03-31 16:44:46,2016,2016,March,March,12,4
2016-03-23 16:38:07,Ford_Focus,privat,Offer,690,test,kleinwagen,1999,manuell,80,focus,125000,Nov,Gasoline,ford,Other,2016-03-23 00:00:00,95032,2016-03-29 11:16:40,2016,2016,March,March,17,1
2016-03-06 18:48:17,Ford_Fiesta_Tuev_09/2017,privat,Offer,1500,control,kleinwagen,1999,manuell,75,fiesta,150000,Jun,Gasoline,ford,No,2016-03-06 00:00:00,60439,2016-03-09 15:46:04,2016,2016,March,March,17,6
2016-03-15 23:55:54,Ford_Ka_mit_TÜV_09/2017,privat,Offer,680,control,kleinwagen,2011,manuell,155,ka,125000,Nov,Gasoline,ford,Other,2016-03-15 00:00:00,71101,2016-03-16 08:42:07,2016,2016,March,March,5,1
2016-04-04 21:49:17,Ford_Ka_1.2_Trend,privat,Offer,3450,test,kleinwagen,2009,manuell,69,ka,90000,Jul,Gasoline,ford,No,2016-04-04 00:00:00,87724,2016-04-07 00:44:55,2016,2016,April,April,7,5
2016-03-13 18:47:12,Ford_Fiesta_1.6_TDCI_Futura,privat,Offer,2750,test,kleinwagen,2005,manuell,90,fiesta,150000,Feb,Diesel,ford,No,2016-03-13 00:00:00,41366,2016-03-19 13:16:20,2016,2016,March,March,11,10
2016-04-01 13:54:10,Ford_KA_Basis_SERVO/Technisch_Tip_/Top_/Sommer+Winterreifen______,privat,Offer,985,test,kleinwagen,2005,manuell,60,ka,125000,Dec,Gasoline,ford,No,2016-04-01 00:00:00,45886,2016-04-03 10:17:12,2016,2016,April,April,11,0
2016-04-02 12:53:15,Ford_Fiesta_1.3_Ambiente,privat,Offer,2700,test,kleinwagen,2004,manuell,60,fiesta,150000,Dec,Gasoline,ford,No,2016-04-02 00:00:00,46459,2016-04-06 10:47:05,2016,2016,April,April,12,0
2016-03-21 19:49:17,Ford_Fiesta_1_3i_CLX,privat,Offer,50,test,kleinwagen,1996,manuell,0,fiesta,150000,Apr,Gasoline,ford,Yes,2016-03-21 00:00:00,15838,2016-03-28 17:17:41,2016,2016,March,March,20,8
2016-03-31 20:47:03,Zu_verkaufen_Ford_Fiesta_1.3_li_mit_neu_t?v,privat,Offer,800,test,kleinwagen,2000,manuell,60,fiesta,150000,Mar,Gasoline,ford,No,2016-03-31 00:00:00,89134,2016-04-06 15:45:25,2016,2016,March,March,16,9
2016-04-01 09:53:33,Biete__Kleinfahrzeug_in_Top_Zustand_an.,privat,Offer,800,test,kleinwagen,2003,manuell,0,fiesta,150000,Nov,Gasoline,ford,No,2016-04-01 00:00:00,84524,2016-04-01 10:47:09,2016,2016,April,April,13,1
2016-03-16 11:44:48,Ford_Ka_Tuev_Neu_Servo_1.Hand_,privat,Offer,1250,test,kleinwagen,2003,manuell,60,ka,100000,Jun,Gasoline,ford,No,2016-03-16 00:00:00,50933,2016-03-17 08:47:31,2016,2016,March,March,13,6
2016-04-04 17:53:41,Ford_Fiesta_1.4_TDCI,privat,Offer,3350,test,kleinwagen,2006,manuell,68,fiesta,150000,Nov,Diesel,ford,No,2016-04-04 00:00:00,69488,2016-04-06 19:48:24,2016,2016,April,April,10,1
2016-03-05 18:56:06,Ford_ka_sehr_zuverlaessig,privat,Offer,500,test,kleinwagen,2004,manuell,60,ka,100000,Jan,Gasoline,ford,No,2016-03-05 00:00:00,26316,2016-03-21 23:17:35,2016,2016,March,March,12,11
2016-04-02 01:55:45,Ford_Fiesta_1.4_TDCI_Style,privat,Offer,3900,test,kleinwagen,2008,manuell,68,fiesta,150000,Jul,Diesel,ford,No,2016-04-01 00:00:00,70499,2016-04-06 04:45:18,2016,2016,April,April,8,5
2016-04-02 08:56:39,Ford_Fiesta_1.3_Viva_Klima_TÜV_ZV,privat,Offer,1960,control,kleinwagen,2004,manuell,60,fiesta,150000,Jan,Gasoline,ford,No,2016-04-02 00:00:00,45663,2016-04-04 06:20:24,2016,2016,April,April,12,11
2016-03-11 11:59:00,Ford_Fiesta!_Automatik!,privat,Offer,2900,control,kleinwagen,2004,automatik,80,fiesta,150000,Feb,Gasoline,ford,Other,2016-03-11 00:00:00,72622,2016-04-07 06:17:09,2016,2016,March,March,12,10
2016-03-19 19:44:36,Ford_Fiesta_ST_OPTIK,privat,Offer,2999,control,kleinwagen,2003,manuell,69,fiesta,150000,Mar,Gasoline,ford,No,2016-03-19 00:00:00,56754,2016-04-01 10:45:14,2016,2016,March,March,13,9
2016-03-14 23:06:22,Ford_Fiesta_Style__Top_gepflegt_,privat,Offer,850,test,kleinwagen,1999,manuell,60,fiesta,150000,May,,ford,No,2016-03-14 00:00:00,65623,2016-03-16 16:28:59,2016,2016,March,March,17,7
2016-03-27 18:36:21,Ford_winterauto_Fiesta_D_Typ_JBS,privat,Offer,300,control,kleinwagen,1996,manuell,75,fiesta,150000,Aug,Gasoline,ford,Other,2016-03-27 00:00:00,51570,2016-04-02 01:45:18,2016,2016,March,March,20,4
2016-04-02 17:57:32,Ford_Ka,privat,Offer,800,control,kleinwagen,2004,manuell,60,ka,150000,Mar,Gasoline,ford,No,2016-04-02 00:00:00,89420,2016-04-06 17:18:09,2016,2016,April,April,12,9
2016-03-10 20:06:27,Ford_Ka_bj_2002,privat,Offer,1350,control,kleinwagen,2002,manuell,70,ka,90000,Nov,Gasoline,ford,No,2016-03-10 00:00:00,35576,2016-03-12 11:32:11,2016,2016,March,March,14,1
2016-03-08 15:25:22,Ford_Fiesta_CLX,privat,Offer,550,test,kleinwagen,1992,manuell,60,fiesta,100000,May,Gasoline,ford,No,2016-03-08 00:00:00,57080,2016-03-09 11:27:01,2016,2016,March,March,24,7
2016-03-28 16:58:33,Ford_Fiesta_1.3,privat,Offer,1250,test,kleinwagen,2003,manuell,60,fiesta,150000,Jan,Gasoline,ford,No,2016-03-28 00:00:00,56414,2016-03-29 15:40:51,2016,2016,March,March,13,11
2016-03-25 14:47:00,Ford_Fiesta_1.3_Ambiente,privat,Offer,2899,control,kleinwagen,2005,manuell,69,fiesta,100000,Sep,Gasoline,ford,No,2016-03-25 00:00:00,96149,2016-04-06 17:46:41,2016,2016,March,March,11,3
2016-03-23 13:44:36,Ford_Fiesta_als_Teilespender___fahrbereit___wenig_km,privat,Offer,80,test,kleinwagen,2001,manuell,45,Other,125000,Feb,Gasoline,ford,Other,2016-03-23 00:00:00,96199,2016-03-23 13:44:36,2016,2016,March,March,15,10
2016-03-24 10:54:09,Ford_Fiesta_GFJ,privat,Offer,300,test,kleinwagen,1996,manuell,50,fiesta,150000,Jun,Gasoline,ford,Yes,2016-03-24 00:00:00,44629,2016-03-24 11:46:05,2016,2016,March,March,20,6
2016-03-16 14:51:15,Ford_Fiesta_1.25,privat,Offer,4750,test,kleinwagen,2012,manuell,82,fiesta,150000,Apr,Gasoline,ford,No,2016-03-16 00:00:00,68169,2016-03-22 20:51:11,2016,2016,March,March,4,8
2016-03-22 21:37:35,Ford_Ka__+Faltdach__TÜV__etc._,privat,Offer,1799,control,kleinwagen,2006,manuell,60,ka,150000,Nov,Gasoline,ford,No,2016-03-22 00:00:00,44805,2016-04-06 16:16:45,2016,2016,March,March,10,1
2016-03-09 14:55:12,Ford_Fiesta_Bj._2001_44kw_600_VB,privat,Offer,550,test,kleinwagen,2001,manuell,59,fiesta,150000,Feb,Gasoline,ford,No,2016-03-09 00:00:00,29336,2016-04-06 23:16:07,2016,2016,March,March,15,10
2016-03-11 12:55:34,TÜV07/16_*_GÜNSTIG__*_FAHRBEREIT_*_MOTOT&GETRIEBE_gut,privat,Offer,450,test,kleinwagen,1997,manuell,60,Other,125000,Mar,Gasoline,ford,Other,2016-03-11 00:00:00,51107,2016-03-22 02:44:33,2016,2016,March,March,19,9
2016-03-28 16:45:26,Ford_fiesta_zu_verkaufen,privat,Offer,500,test,kleinwagen,2002,manuell,0,Other,150000,Mar,Gasoline,ford,No,2016-03-28 00:00:00,95030,2016-04-02 21:17:51,2016,2016,March,March,14,9
2016-03-10 00:49:34,Ford_Titanium_1.2_Rot_Metallic,privat,Offer,3500,control,kleinwagen,2009,manuell,70,ka,90000,Jan,Gasoline,ford,No,2016-03-09 00:00:00,66809,2016-03-10 16:50:12,2016,2016,March,March,7,11
2016-03-08 12:49:21,Ford_Fiesta_1_3,privat,Offer,1600,test,kleinwagen,2002,manuell,60,fiesta,150000,Aug,Gasoline,ford,No,2016-03-08 00:00:00,41539,2016-03-08 12:49:21,2016,2016,March,March,14,4
2016-03-22 12:57:55,Ford_Fiesta_1.4_Ghia_TÜV_04/2017_Beheiz._Frontscheibe,privat,Offer,1950,control,kleinwagen,2003,manuell,80,fiesta,150000,Apr,Gasoline,ford,No,2016-03-22 00:00:00,53894,2016-03-22 13:39:50,2016,2016,March,March,13,8
2016-03-19 14:55:59,FÜR_BASTLER...FORD_FIESTA,privat,Offer,250,test,kleinwagen,1999,manuell,0,fiesta,125000,Jan,Gasoline,ford,Yes,2016-03-19 00:00:00,93057,2016-03-23 01:16:21,2016,2016,March,March,17,11
2016-03-16 09:38:01,Ford_Fiesta_1.3_Viva_Klima_5_Tuerer_ZV_Frontsch_heiz,privat,Offer,3199,test,kleinwagen,2004,manuell,69,fiesta,50000,Jun,Gasoline,ford,No,2016-03-16 00:00:00,2763,2016-03-21 09:47:02,2016,2016,March,March,12,6
2016-04-02 16:06:58,!!!_Ford_Ka_!!!,privat,Offer,1050,control,kleinwagen,2004,manuell,60,ka,125000,Oct,Gasoline,ford,Other,2016-04-02 00:00:00,55494,2016-04-03 21:31:15,2016,2016,April,April,12,2
2016-03-07 15:53:55,Ford_Ka_Faltdach,privat,Offer,150,control,kleinwagen,2001,manuell,60,ka,150000,Apr,Gasoline,ford,No,2016-03-07 00:00:00,50189,2016-03-09 10:46:06,2016,2016,March,March,15,8
2016-03-22 08:55:19,Ford_Fiesta_an_Bastler,privat,Offer,120,control,kleinwagen,1995,manuell,45,fiesta,150000,Jan,Gasoline,ford,Yes,2016-03-22 00:00:00,49324,2016-03-24 23:45:21,2016,2016,March,March,21,11
2016-03-31 12:59:50,FORD_PUMA_1_4_mit_Klimaanlage_&_Alufelgen_TÜV_bis_06.2017,privat,Offer,1600,test,kleinwagen,1998,manuell,0,andere,5000,Jan,Gasoline,ford,No,2016-03-31 00:00:00,59065,2016-04-06 06:15:19,2016,2016,March,March,18,11
2016-03-07 13:44:47,Fahrbereiten_Ford_Fiesta_Mk4_GT_zum_ausschlachten_oder_Aufbau,privat,Offer,400,control,kleinwagen,1998,manuell,75,fiesta,150000,Jun,Gasoline,ford,No,2016-03-07 00:00:00,99734,2016-03-26 17:15:39,2016,2016,March,March,18,6
2016-03-12 13:36:23,Ford_Fiesta_1.3,privat,Offer,1600,control,kleinwagen,2003,manuell,60,fiesta,150000,Jun,Gasoline,ford,No,2016-03-12 00:00:00,79713,2016-03-22 19:46:58,2016,2016,March,March,13,6
2016-04-04 23:36:19,Ford_Ka_Futura,privat,Offer,1750,control,kleinwagen,2003,manuell,69,ka,80000,Mar,Gasoline,ford,No,2016-04-04 00:00:00,88433,2016-04-07 09:46:52,2016,2016,April,April,13,9
2016-03-28 18:55:05,Ford_Ka_1.2_Trend,privat,Offer,4200,control,kleinwagen,2009,manuell,69,ka,80000,Sep,Gasoline,ford,Yes,2016-03-28 00:00:00,66578,2016-04-07 01:16:07,2016,2016,March,March,7,3
2016-03-24 13:36:42,Ford_Fiesta,privat,Offer,2500,control,kleinwagen,2003,manuell,69,fiesta,90000,Nov,Gasoline,ford,Other,2016-03-24 00:00:00,37434,2016-03-24 14:43:08,2016,2016,March,March,13,1
2016-03-26 12:57:49,Verkaufe_Ford_escord,privat,Offer,450,control,kleinwagen,1997,manuell,75,escort,60000,Jan,Gasoline,ford,Yes,2016-03-26 00:00:00,6132,2016-04-06 00:45:28,2016,2016,March,March,19,11
2016-03-23 09:47:16,Ford_Fusion_1.25_Ambiente__Zahnriemen_&_Inspektion_neu,privat,Offer,2600,test,kleinwagen,2006,manuell,75,fusion,150000,Mar,Gasoline,ford,No,2016-03-23 00:00:00,28777,2016-03-23 09:47:16,2016,2016,March,March,10,9
2016-03-09 18:36:34,Ford_Fiesta_5_Tueren,privat,Offer,0,test,kleinwagen,1998,manuell,0,fiesta,150000,Jan,Gasoline,ford,Other,2016-03-09 00:00:00,51467,2016-03-10 04:16:47,2016,2016,March,March,18,11
2016-03-23 17:50:29,Ford_Fiesta_1.4_Style,privat,Offer,3999,control,kleinwagen,2007,manuell,80,fiesta,100000,Oct,Gasoline,ford,No,2016-03-23 00:00:00,27321,2016-04-05 22:17:26,2016,2016,March,March,9,2
2016-03-09 23:36:16,Ford_KA_blau,privat,Offer,550,test,kleinwagen,1999,manuell,60,ka,150000,Jun,Gasoline,ford,No,2016-03-09 00:00:00,76863,2016-03-28 00:46:23,2016,2016,March,March,17,6
2016-03-30 14:53:21,Ford_Fiesta_Flair/faehert_gut/5_tuerig/1.Hand/TÜV_neu,privat,Offer,700,control,kleinwagen,1996,manuell,50,fiesta,125000,Dec,Gasoline,ford,No,2016-03-30 00:00:00,86551,2016-04-07 05:44:52,2016,2016,March,March,20,0
2016-04-03 02:57:35,Ford_Fiesta,privat,Offer,100,control,kleinwagen,1998,manuell,75,Other,150000,Jun,,ford,Yes,2016-04-03 00:00:00,88260,2016-04-07 09:44:44,2016,2016,April,April,18,6
2016-03-24 10:55:30,Ford_fiesta_zu_verkaufen,privat,Offer,2500,test,kleinwagen,2001,manuell,50,Other,40000,Apr,Gasoline,ford,No,2016-03-24 00:00:00,25548,2016-04-07 01:15:51,2016,2016,March,March,15,8
2016-03-05 15:48:50,Ford_Fiesta_1.3_Viva_X,privat,Offer,2100,test,kleinwagen,2004,manuell,69,fiesta,100000,Sep,Gasoline,ford,No,2016-03-05 00:00:00,65510,2016-03-11 11:46:21,2016,2016,March,March,12,3
2016-03-29 21:53:14,Ford_Fiesta_1_8D_Bastlerfahzeug_zum_aufbauen_oder_Schlachten,privat,Offer,120,test,kleinwagen,1997,manuell,60,fiesta,150000,Nov,Diesel,ford,Yes,2016-03-29 00:00:00,54518,2016-04-06 23:44:19,2016,2016,March,March,19,1
2016-04-04 12:45:51,Ford_Fiesta_1.3_Ambiente,privat,Offer,2150,control,kleinwagen,2006,manuell,60,fiesta,100000,Nov,Gasoline,ford,No,2016-04-04 00:00:00,33175,2016-04-04 12:45:51,2016,2016,April,April,10,1
2016-03-22 11:46:29,FORD_FOCUS_1_4_BENZINER_SEHR_SPARSAM_TAUSCH_MÖGLICH,privat,Offer,1450,control,kleinwagen,1999,manuell,75,focus,150000,May,Gasoline,ford,Other,2016-03-22 00:00:00,35260,2016-03-22 11:46:29,2016,2016,March,March,17,7
2016-04-01 18:54:58,Ford_ka_editiert_pro7_schwarz_metallick,privat,Offer,690,control,kleinwagen,1998,manuell,60,ka,150000,Aug,,ford,No,2016-04-01 00:00:00,13589,2016-04-03 15:46:27,2016,2016,April,April,18,4
2016-04-01 11:57:59,Ford_Fiesta_1.3,privat,Offer,2890,test,kleinwagen,2005,manuell,60,fiesta,125000,Jan,Gasoline,ford,No,2016-04-01 00:00:00,22179,2016-04-07 08:17:28,2016,2016,April,April,11,11
2016-03-07 01:49:01,Ford_Ka__2001__Klima__Servo.,privat,Offer,599,control,kleinwagen,2001,manuell,60,ka,150000,Jun,Gasoline,ford,No,2016-03-06 00:00:00,42115,2016-03-27 11:47:39,2016,2016,March,March,15,6
2016-03-09 10:54:50,Ford_Fiesta_Ghia_tuev_9/17,privat,Offer,699,control,kleinwagen,1996,manuell,75,fiesta,150000,Dec,Gasoline,ford,No,2016-03-09 00:00:00,58089,2016-03-09 19:44:13,2016,2016,March,March,20,0
2016-03-05 15:59:01,Ford_Fiesta,privat,Offer,2100,control,kleinwagen,2005,manuell,70,fiesta,100000,Oct,Gasoline,ford,Yes,2016-03-05 00:00:00,78661,2016-03-06 04:45:01,2016,2016,March,March,11,2
2016-03-31 18:50:53,Ford_Fiesta_1.4_TDCI_Ghia_Klima_/_Umweltplakette_Gruen,privat,Offer,2990,control,kleinwagen,2004,manuell,68,fiesta,150000,Oct,Diesel,ford,No,2016-03-31 00:00:00,41515,2016-04-06 12:46:42,2016,2016,March,March,12,2
2016-03-15 13:37:42,FORD_KA_ZU_VERKAUFEN_FAHRBEREIT_UND__MIT_TÜV,privat,Offer,250,control,kleinwagen,1997,manuell,60,ka,100000,Jun,Gasoline,ford,No,2016-03-15 00:00:00,10965,2016-03-15 13:37:42,2016,2016,March,March,19,6
2016-03-25 13:39:57,Ford_Fiesta__Klima__AHK__Alu,privat,Offer,750,test,kleinwagen,2000,manuell,60,fiesta,100000,Apr,Gasoline,ford,No,2016-03-25 00:00:00,78576,2016-03-30 03:15:48,2016,2016,March,March,16,8
2016-03-09 16:58:43,Ford_Ka_1.3_TDCI_Diesel_71250_km_TÜV_NEU_FEHLERFREI_Klima_PDC_EZ.,privat,Offer,4000,test,kleinwagen,2010,manuell,75,ka,80000,May,Diesel,ford,No,2016-03-09 00:00:00,91795,2016-03-24 15:15:19,2016,2016,March,March,6,7
2016-03-31 22:50:40,Ford_Fiesta_1.4_Ambiente,privat,Offer,1900,test,kleinwagen,2006,manuell,80,fiesta,150000,Jan,Gasoline,ford,No,2016-03-31 00:00:00,68542,2016-04-06 19:45:39,2016,2016,March,March,10,11
2016-03-20 02:57:34,Ford_Ka,privat,Offer,1500,control,kleinwagen,2000,manuell,60,ka,80000,Aug,Gasoline,ford,No,2016-03-20 00:00:00,59457,2016-04-06 04:44:48,2016,2016,March,March,16,4
2016-03-24 18:55:59,Ford_Fiesta_1.3,privat,Offer,3990,test,kleinwagen,2008,manuell,69,fiesta,80000,May,Gasoline,ford,No,2016-03-24 00:00:00,66877,2016-04-07 13:15:58,2016,2016,March,March,8,7
2016-03-12 22:06:22,Ford_Fiesta_1.4_Sport___White_Magic___ST_Optik,privat,Offer,4850,control,kleinwagen,2008,manuell,80,fiesta,125000,Jun,Gasoline,ford,No,2016-03-12 00:00:00,65604,2016-03-20 00:18:02,2016,2016,March,March,8,6
2016-03-09 12:59:05,Verkaufe_Ford_fiesta_1.3.,privat,Offer,699,control,kleinwagen,1996,manuell,48,fiesta,150000,Mar,Gasoline,ford,No,2016-03-09 00:00:00,64823,2016-04-05 23:45:30,2016,2016,March,March,20,9
2016-03-10 08:56:26,Ford_Fusion,privat,Offer,3000,test,kleinwagen,2005,manuell,76,fusion,80000,Oct,,ford,No,2016-03-10 00:00:00,45739,2016-03-10 09:45:49,2016,2016,March,March,11,2
2016-03-19 14:44:53,Ford_Fiesta_1.25,privat,Offer,3400,test,kleinwagen,2009,manuell,60,fiesta,125000,Jul,Gasoline,ford,No,2016-03-19 00:00:00,14612,2016-04-01 00:47:24,2016,2016,March,March,7,5
2016-03-15 03:36:24,Ford_fiesta_mit_Klima_und_tuev_voll_Fahrbereit,privat,Offer,699,control,kleinwagen,1997,manuell,0,fiesta,90000,Oct,,ford,No,2016-03-15 00:00:00,16227,2016-04-05 15:17:58,2016,2016,March,March,19,2
2016-03-29 18:57:16,Verkaufe_einen_Ford_Ka,privat,Offer,1550,control,kleinwagen,2004,manuell,60,ka,70000,Sep,,ford,Other,2016-03-29 00:00:00,44141,2016-04-04 03:47:07,2016,2016,March,March,12,3
2016-03-23 11:47:29,Ford_Ka_Finesse_Bj.2003_116Tkm._TÜV:03.2018,privat,Offer,1049,test,kleinwagen,2003,manuell,60,Other,125000,Mar,Gasoline,ford,No,2016-03-23 00:00:00,28790,2016-03-24 18:47:48,2016,2016,March,March,13,9
2016-04-02 22:52:56,Ford_Focus_1.6l,privat,Offer,250,test,kleinwagen,2001,Unspecified,105,focus,125000,Jan,,ford,Yes,2016-04-02 00:00:00,30989,2016-04-07 01:46:22,2016,2016,April,April,15,11
2016-03-19 11:44:23,Ford_Fiesta_ST150,privat,Offer,5500,test,kleinwagen,2006,manuell,150,fiesta,80000,Jan,Gasoline,ford,Other,2016-03-19 00:00:00,2943,2016-04-06 13:17:06,2016,2016,March,March,10,11
2016-04-01 09:51:56,Ford_KA_TÜV_10.17,privat,Offer,450,test,kleinwagen,1999,manuell,60,ka,125000,Jan,,ford,No,2016-04-01 00:00:00,78628,2016-04-01 10:44:22,2016,2016,April,April,17,11
2016-03-31 09:49:58,Ford_Ka_fuer_Tueftler_zu_verkaufen,privat,Offer,350,control,kleinwagen,2005,manuell,60,ka,70000,Jan,Gasoline,ford,Other,2016-03-31 00:00:00,44651,2016-03-31 10:44:02,2016,2016,March,March,11,11
2016-03-30 15:57:32,Ford_Ka_Silber_1_3_60PS_Euro4_Alus_Pioneer_CD_USB_Radio_1Jahr_Tuev,privat,Offer,500,test,kleinwagen,2002,manuell,60,ka,150000,Jan,,ford,No,2016-03-30 00:00:00,67227,2016-03-30 16:39:36,2016,2016,March,March,14,11
2016-03-26 18:47:29,Ford_Ka,privat,Offer,1400,test,kleinwagen,2005,manuell,60,ka,90000,May,Gasoline,ford,Yes,2016-03-26 00:00:00,53721,2016-04-06 08:16:36,2016,2016,March,March,11,7
2016-03-29 13:47:42,Fiesta_ohne__Tuev_an_Bastler,privat,Offer,250,control,kleinwagen,2001,manuell,75,fiesta,150000,Nov,Gasoline,ford,Other,2016-03-29 00:00:00,44287,2016-03-29 13:47:42,2016,2016,March,March,15,1
2016-03-22 11:52:28,Verkaufe_Ford_Fiesta__Flair_,privat,Offer,800,control,kleinwagen,1997,manuell,50,fiesta,100000,Jan,Gasoline,ford,Other,2016-03-22 00:00:00,6188,2016-04-06 00:46:36,2016,2016,March,March,19,11
2016-03-16 15:45:42,Ford_Ka__K2_Snow_edition,privat,Offer,250,test,kleinwagen,1999,manuell,60,ka,150000,Feb,Gasoline,ford,Other,2016-03-16 00:00:00,16348,2016-04-06 17:16:29,2016,2016,March,March,17,10
2016-04-04 19:42:29,Bastler_Auto,privat,Offer,250,test,kleinwagen,1996,manuell,55,ka,150000,Nov,Gasoline,ford,Yes,2016-04-04 00:00:00,47574,2016-04-06 21:45:39,2016,2016,April,April,20,1
2016-03-14 17:49:25,Ford_Focus_1.4_**KLIMA**El._Fenster**EURO_4**TÜV,privat,Offer,799,test,kleinwagen,1999,manuell,75,focus,150000,Jul,Gasoline,ford,Other,2016-03-14 00:00:00,44579,2016-03-21 08:47:03,2016,2016,March,March,17,5
2016-03-14 13:38:15,Ford_Ka_Lufthansa_Edition,privat,Offer,0,test,kleinwagen,1997,manuell,0,ka,150000,Jan,Gasoline,ford,No,2016-03-14 00:00:00,41468,2016-03-16 03:15:38,2016,2016,March,March,19,11
2016-04-07 00:36:17,Auto_Ford_KA,privat,Offer,800,test,kleinwagen,2001,manuell,60,ka,150000,Mar,Gasoline,ford,No,2016-04-07 00:00:00,6295,2016-04-07 00:36:17,2016,2016,April,April,15,9
2016-03-12 16:40:51,Ford_Fiesta_4_tuerig,privat,Offer,599,control,kleinwagen,1996,manuell,50,fiesta,150000,Jul,,ford,No,2016-03-12 00:00:00,42653,2016-04-07 06:15:55,2016,2016,March,March,20,5
2016-03-31 12:58:04,Ford_Ka_2_Jahre_TueV,privat,Offer,999,test,kleinwagen,1998,manuell,60,ka,70000,Jan,Gasoline,ford,No,2016-03-31 00:00:00,27474,2016-04-06 05:44:28,2016,2016,March,March,18,11
2016-03-06 12:47:20,Ford_Fiesta_1.4_TDCI_1.Hand__Top_Zustand,privat,Offer,3500,test,kleinwagen,2005,manuell,68,fiesta,100000,Oct,Diesel,ford,No,2016-03-06 00:00:00,35037,2016-03-07 19:29:14,2016,2016,March,March,11,2
2016-03-25 17:38:21,Fiesta_ST_Look__Sommerfahrzeug__sehr_gepflegt,privat,Offer,3800,test,kleinwagen,2006,manuell,80,fiesta,125000,May,Gasoline,ford,Other,2016-03-25 00:00:00,84529,2016-03-27 05:15:21,2016,2016,March,March,10,7
2016-03-09 14:55:14,Ford_Fiesta_TÜV_neu__no_VW_Polo_Lupo_Opel_Corsa,privat,Offer,890,test,kleinwagen,1995,manuell,50,fiesta,100000,Jan,Gasoline,ford,No,2016-03-09 00:00:00,4910,2016-03-28 17:44:39,2016,2016,March,March,21,11
2016-04-03 17:39:12,Ford_Fiesta_1.3,privat,Offer,2250,test,kleinwagen,2004,manuell,70,fiesta,125000,Apr,Gasoline,ford,No,2016-04-03 00:00:00,39108,2016-04-05 17:26:33,2016,2016,April,April,12,8
2016-03-08 19:45:32,Ford_Ka,privat,Offer,1200,test,kleinwagen,2004,manuell,60,ka,100000,Jan,Gasoline,ford,No,2016-03-08 00:00:00,46119,2016-04-01 18:19:50,2016,2016,March,March,12,11
2016-03-17 17:48:51,Ford_fiesta_bj_96,privat,Offer,300,control,kleinwagen,1996,manuell,60,fiesta,125000,Jan,Gasoline,ford,No,2016-03-17 00:00:00,41836,2016-03-17 17:48:51,2016,2016,March,March,20,11
2016-03-15 16:37:36,Ford_Fiesta_1Hand_Neue_Modell_Tuev_Neu_Klima_5_Tuerer,privat,Offer,2690,control,kleinwagen,2005,manuell,75,fiesta,150000,Dec,Gasoline,ford,No,2016-03-15 00:00:00,66763,2016-04-06 10:15:30,2016,2016,March,March,11,0
2016-03-12 16:37:35,Ford__Ka__Tuev__Neu__03.2018_Klima_Servo_4x_Airbag_Fensterheber,privat,Offer,1350,control,kleinwagen,2002,manuell,60,ka,150000,Sep,Gasoline,ford,Other,2016-03-12 00:00:00,26842,2016-03-24 20:51:07,2016,2016,March,March,14,3
2016-03-31 23:54:35,hallo_biete_hier_ford_ka_schwarz_ez1999_fuer_650015775147637,privat,Offer,650,control,kleinwagen,1999,manuell,60,ka,150000,Oct,Gasoline,ford,No,2016-03-31 00:00:00,30539,2016-04-07 04:16:27,2016,2016,March,March,17,2
2016-03-23 19:55:57,Fiesta_1_25_Automatik_HU_NEU!,privat,Offer,999,control,kleinwagen,1996,automatik,60,fiesta,125000,Dec,Gasoline,ford,No,2016-03-23 00:00:00,49090,2016-03-23 19:55:57,2016,2016,March,March,20,0
2016-03-10 13:50:45,Ford_Ka_Futura_Mit_Neue_TÜV,privat,Offer,890,test,kleinwagen,2000,manuell,60,ka,125000,Sep,Gasoline,ford,No,2016-03-10 00:00:00,6712,2016-03-10 14:42:03,2016,2016,March,March,16,3
2016-03-15 13:41:09,Ford_Ka_Viva_X__TÜV_21_Monate__KLIMA__eFH_ZV...,privat,Offer,1499,control,kleinwagen,2005,manuell,60,ka,100000,Jun,Gasoline,ford,No,2016-03-15 00:00:00,44866,2016-03-15 13:41:09,2016,2016,March,March,11,6
2016-03-25 15:37:41,Ford_Fiesta_1.4_TDCI_Trend,privat,Offer,1100,test,kleinwagen,2003,manuell,68,fiesta,150000,Oct,Diesel,ford,Yes,2016-03-25 00:00:00,66802,2016-04-06 19:16:06,2016,2016,March,March,13,2
2016-03-25 16:00:06,Ford_Fiesta_mit_TÜV_11/2016_Fahrbereit..!!!,privat,Offer,250,test,kleinwagen,1997,manuell,60,fiesta,150000,Oct,Gasoline,ford,No,2016-03-25 00:00:00,44649,2016-03-31 23:47:24,2016,2016,March,March,19,2
2016-03-17 18:49:33,Ford_Fiesta_1.3_White_Magic,privat,Offer,5499,control,kleinwagen,2008,manuell,69,fiesta,70000,Jun,Gasoline,ford,No,2016-03-17 00:00:00,75382,2016-04-07 06:16:20,2016,2016,March,March,8,6
2016-03-06 19:46:31,Ford_Fiesta_1.4_TDCI_Klima,privat,Offer,999,control,kleinwagen,2003,manuell,68,fiesta,150000,Mar,Diesel,ford,No,2016-03-06 00:00:00,63110,2016-03-07 18:18:36,2016,2016,March,March,13,9
2016-04-04 15:58:58,Ford_Fusion_1.4,privat,Offer,999,test,kleinwagen,2003,automatik,80,fusion,150000,Feb,Gasoline,ford,Yes,2016-04-04 00:00:00,98617,2016-04-06 18:16:57,2016,2016,April,April,13,10
2016-04-04 18:45:46,Ford_Fiesta_TÜV_01/2018_viele_Verschleissteile_neu!,privat,Offer,900,test,kleinwagen,1996,manuell,60,fiesta,150000,Feb,Gasoline,ford,Other,2016-04-04 00:00:00,66809,2016-04-06 20:46:37,2016,2016,April,April,20,10
2016-03-14 22:57:58,Ford_Fiesta,privat,Offer,4650,control,kleinwagen,2009,manuell,85,fiesta,150000,Feb,Gasoline,ford,No,2016-03-14 00:00:00,86316,2016-03-15 02:40:19,2016,2016,March,March,7,10
2016-03-20 09:50:54,Ford_Fiesta_1.3__!!_TOP_GEBRAUCHTWAGEN_!!,privat,Offer,1999,control,kleinwagen,2005,manuell,60,fiesta,125000,Jul,Gasoline,ford,No,2016-03-20 00:00:00,57439,2016-03-20 09:50:54,2016,2016,March,March,11,5
2016-03-17 11:36:42,Ford_KA_TÜV_NEU__Top_Zustand,privat,Offer,1950,control,kleinwagen,2001,manuell,60,ka,125000,Jan,Gasoline,ford,No,2016-03-17 00:00:00,33428,2016-03-25 10:47:39,2016,2016,March,March,15,11
2016-03-19 20:47:45,Ford_Fiesta_1.25,privat,Offer,3850,control,kleinwagen,2009,manuell,82,fiesta,150000,Feb,Gasoline,ford,No,2016-03-19 00:00:00,72760,2016-03-26 01:46:28,2016,2016,March,March,7,10
2016-03-23 18:57:43,Ford_Fiesta_mit_Klima_und_Tuev,privat,Offer,599,test,kleinwagen,1999,manuell,0,fiesta,150000,May,Gasoline,ford,No,2016-03-23 00:00:00,32120,2016-03-26 12:17:47,2016,2016,March,March,17,7
2016-04-04 15:39:32,Ford_Fiesta_Style_04:2016_TÜV_Servo,privat,Offer,300,test,kleinwagen,1997,manuell,60,fiesta,90000,Jul,Gasoline,ford,Other,2016-04-04 00:00:00,45661,2016-04-04 15:39:32,2016,2016,April,April,19,5
2016-03-09 16:48:17,Ford_Fiesta_Ghia_1_25l_12V_Zetec_Automatik__Bastlerfahzeug_,privat,Offer,350,test,kleinwagen,1997,automatik,75,fiesta,150000,Dec,Gasoline,ford,Yes,2016-03-09 00:00:00,86660,2016-03-12 16:45:00,2016,2016,March,March,19,0
2016-03-31 18:38:39,Ford_Ka,privat,Offer,700,control,kleinwagen,2003,manuell,60,ka,150000,Sep,Gasoline,ford,No,2016-03-31 00:00:00,67592,2016-03-31 18:38:39,2016,2016,March,March,13,3
2016-03-15 16:37:26,Ford_Fiesta_Ghia,privat,Offer,650,control,kleinwagen,1999,manuell,75,fiesta,150000,Mar,Gasoline,ford,No,2016-03-15 00:00:00,68167,2016-03-15 16:37:26,2016,2016,March,March,17,9
2016-03-20 19:55:00,Verkaufe_Ford_KA,privat,Offer,600,test,kleinwagen,2006,manuell,60,ka,80000,Jun,Gasoline,ford,No,2016-03-20 00:00:00,7318,2016-03-24 13:16:50,2016,2016,March,March,10,6
2016-03-30 13:57:20,Ford_Fiesta_1.4,privat,Offer,800,test,kleinwagen,2004,manuell,80,fiesta,150000,May,Gasoline,ford,No,2016-03-30 00:00:00,41334,2016-04-01 08:18:00,2016,2016,March,March,12,7
2016-04-02 01:55:41,Ford_Ka__TÜV_NEU__KLIMA__ZV__E_Fenster__Alufelgen_etc,privat,Offer,1750,test,kleinwagen,2000,manuell,60,ka,125000,Dec,Gasoline,ford,No,2016-04-01 00:00:00,23843,2016-04-06 04:16:23,2016,2016,April,April,16,0
2016-03-10 11:54:59,Ford_Fiesta_1.25_Trend,privat,Offer,5500,test,kleinwagen,2010,manuell,60,fiesta,90000,Nov,Gasoline,ford,No,2016-03-10 00:00:00,45889,2016-03-14 07:16:25,2016,2016,March,March,6,1
2016-03-22 18:48:56,Ford_Fiesta_mit_Klimaanlage,privat,Offer,1200,control,kleinwagen,2002,manuell,0,fiesta,150000,Feb,Gasoline,ford,No,2016-03-22 00:00:00,40699,2016-04-06 11:16:19,2016,2016,March,March,14,10
2016-03-10 20:54:17,Ford_Focus_Auto_Sommerreifen_/_Winterreifen_85_KW,privat,Offer,450,test,kleinwagen,1999,manuell,0,focus,150000,Jan,Gasoline,ford,No,2016-03-10 00:00:00,1558,2016-04-06 09:17:45,2016,2016,March,March,17,11
2016-03-26 12:59:07,Ford_Fiesta_1.3,privat,Offer,1800,control,kleinwagen,2003,manuell,60,fiesta,150000,Nov,Gasoline,ford,No,2016-03-26 00:00:00,40764,2016-03-26 12:59:07,2016,2016,March,March,13,1
2016-03-31 22:50:44,Ford_Fiesta_1.3,privat,Offer,1050,test,kleinwagen,2002,manuell,69,fiesta,150000,Dec,Gasoline,ford,No,2016-03-31 00:00:00,79288,2016-04-06 19:47:35,2016,2016,March,March,14,0
2016-03-12 14:06:24,Ford_Fiesta_1.4,privat,Offer,2150,control,kleinwagen,2005,manuell,80,fiesta,150000,Oct,Gasoline,ford,No,2016-03-12 00:00:00,61440,2016-03-14 22:45:21,2016,2016,March,March,11,2
2016-03-12 13:37:39,Ford_Fusion_1.4_TDCI_Klima_EURO_4_AHK,privat,Offer,4250,control,kleinwagen,2006,manuell,75,fusion,150000,May,Diesel,ford,No,2016-03-12 00:00:00,29614,2016-04-06 12:45:35,2016,2016,March,March,10,7
2016-03-29 12:59:15,Ford_Fiesta_1.3_TÜV/AU_bis_03/17_Klima,privat,Offer,550,test,kleinwagen,1998,manuell,50,fiesta,60000,Aug,Gasoline,ford,No,2016-03-29 00:00:00,6886,2016-04-02 00:44:45,2016,2016,March,March,18,4
2016-03-16 12:47:32,Fiesta_Motor_Getriebe_gut,privat,Offer,199,test,kleinwagen,1997,manuell,50,fiesta,150000,Feb,Gasoline,ford,Other,2016-03-16 00:00:00,58119,2016-03-17 10:44:20,2016,2016,March,March,19,10
2016-03-18 17:41:57,Ford_fiesta_top_Zustand,privat,Offer,1100,test,kleinwagen,2000,manuell,75,fiesta,150000,Apr,,ford,No,2016-03-18 00:00:00,27628,2016-04-05 22:44:56,2016,2016,March,March,16,8
2016-03-26 22:47:22,Ford_Fiesta,privat,Offer,500,test,kleinwagen,2000,manuell,50,fiesta,125000,Jun,Gasoline,ford,No,2016-03-26 00:00:00,76185,2016-03-28 12:17:24,2016,2016,March,March,16,6
2016-03-12 23:37:15,Ford_Fiesta_1.3,privat,Offer,2200,control,kleinwagen,2002,manuell,69,fiesta,90000,Oct,Gasoline,ford,Yes,2016-03-12 00:00:00,49090,2016-03-13 06:38:53,2016,2016,March,March,14,2
2016-03-13 20:26:18,Ford_Ka_Grau,privat,Offer,2500,test,kleinwagen,2005,manuell,60,ka,70000,Apr,Gasoline,ford,No,2016-03-13 00:00:00,56598,2016-04-06 03:16:20,2016,2016,March,March,11,8
2016-03-20 10:38:49,Ford_Fiesta,privat,Offer,300,control,kleinwagen,1998,manuell,59,fiesta,150000,Jan,Gasoline,ford,Other,2016-03-20 00:00:00,15907,2016-04-06 06:17:38,2016,2016,March,March,18,11
2016-03-19 18:47:00,Ford_fiesta_zum_schlachten,privat,Offer,150,test,kleinwagen,1997,manuell,60,fiesta,150000,Jan,,ford,Yes,2016-03-19 00:00:00,26897,2016-03-20 21:16:40,2016,2016,March,March,19,11
2016-03-29 09:53:34,Ford_fiesta_style_kool,privat,Offer,399,test,kleinwagen,1999,Unspecified,60,fiesta,150000,Jul,Gasoline,ford,Other,2016-03-29 00:00:00,34123,2016-03-29 09:53:34,2016,2016,March,March,17,5
2016-03-11 13:55:03,Ford_Ka_BASTLERFAHRZEUG,privat,Offer,60,test,kleinwagen,2000,manuell,60,ka,150000,Oct,Gasoline,ford,No,2016-03-11 00:00:00,24321,2016-03-11 13:55:03,2016,2016,March,March,16,2
2016-03-31 19:46:09,FORD_KA__>_vieles_neu!_anschauen_lohnt_sich.,privat,Offer,750,control,kleinwagen,1997,manuell,60,ka,125000,Oct,Gasoline,ford,Other,2016-03-31 00:00:00,22117,2016-04-04 12:47:30,2016,2016,March,March,19,2
2016-04-02 15:38:37,Ford_Fiesta_klima_Tuev_2017,privat,Offer,750,control,kleinwagen,2001,manuell,75,fiesta,5000,Apr,,ford,No,2016-04-02 00:00:00,31683,2016-04-06 14:16:34,2016,2016,April,April,15,8
2016-03-14 16:59:15,Ford_Fiesta_1.4_TDCI,privat,Offer,1599,test,kleinwagen,2004,manuell,68,fiesta,150000,Apr,Diesel,ford,No,2016-03-14 00:00:00,89250,2016-03-22 11:18:12,2016,2016,March,March,12,8
2016-03-08 16:45:19,Ford_Fiesta_1_3_l___MK1,privat,Offer,1400,test,kleinwagen,1981,manuell,67,fiesta,125000,Jun,Gasoline,ford,Yes,2016-03-08 00:00:00,75438,2016-04-05 14:17:25,2016,2016,March,March,35,6
2016-03-20 04:36:20,Ford_Fiesta_1.2_mit_2_Jahren_TÜV_.,privat,Offer,1200,control,kleinwagen,2000,manuell,60,fiesta,150000,Apr,,ford,No,2016-03-20 00:00:00,41061,2016-03-20 08:48:54,2016,2016,March,March,16,8
2016-03-09 20:56:34,Ford_Fiesta_Bastlerfahrzeug,privat,Offer,300,test,kleinwagen,1995,manuell,60,fiesta,150000,Mar,,ford,Other,2016-03-09 00:00:00,93096,2016-04-05 19:16:37,2016,2016,March,March,21,9
2016-03-15 17:56:05,Ford_Fiesta_1.25_Trend,privat,Offer,5499,control,kleinwagen,2009,manuell,82,fiesta,125000,Jun,Gasoline,ford,Other,2016-03-15 00:00:00,97353,2016-03-21 17:16:03,2016,2016,March,March,7,6
2016-03-08 16:53:22,TÜV/AU_2018_Ford_ka_Snow_Edition,privat,Offer,1350,test,kleinwagen,2000,manuell,60,ka,50000,Nov,Gasoline,ford,Other,2016-03-08 00:00:00,12169,2016-04-07 03:16:13,2016,2016,March,March,16,1
2016-03-30 15:56:25,FORD_Fiesta_ST,privat,Offer,1500,test,kleinwagen,2005,manuell,150,Other,125000,Jan,Gasoline,ford,Yes,2016-03-30 00:00:00,86759,2016-03-30 15:56:25,2016,2016,March,March,11,11
2016-03-22 10:41:13,Ford_Ka__schwarz__2004__91080_km__Klima__TÜV/AU_NEU__Euro_4,privat,Offer,1780,control,kleinwagen,2004,manuell,60,ka,100000,Dec,Gasoline,ford,No,2016-03-22 00:00:00,74585,2016-04-05 21:48:14,2016,2016,March,March,12,0
2016-04-02 16:59:31,Ford_Fiesta_Style_Tuev_Neu_top_zustand,privat,Offer,799,control,kleinwagen,1998,manuell,75,fiesta,150000,Nov,Gasoline,ford,No,2016-04-02 00:00:00,63110,2016-04-06 16:16:12,2016,2016,April,April,18,1
2016-03-23 14:06:24,Ford_KA_an_Bastler__zum_Ausschlachten_,privat,Offer,200,control,kleinwagen,1998,manuell,60,ka,100000,Jan,Gasoline,ford,Other,2016-03-23 00:00:00,56305,2016-04-06 13:44:56,2016,2016,March,March,18,11
2016-04-02 03:36:20,Ford_Fiesta_83TKM_250,privat,Offer,250,test,kleinwagen,1997,manuell,45,fiesta,90000,Feb,Gasoline,ford,No,2016-04-02 00:00:00,71034,2016-04-06 04:45:22,2016,2016,April,April,19,10
2016-04-04 13:46:23,Ford_Fiesta_1.3,privat,Offer,800,control,kleinwagen,2005,manuell,60,fiesta,150000,Feb,Gasoline,ford,No,2016-04-04 00:00:00,24944,2016-04-06 14:47:04,2016,2016,April,April,11,10
2016-03-14 15:57:20,Ford_Fiesta_Style,privat,Offer,600,control,kleinwagen,1998,manuell,102,fiesta,150000,Nov,Gasoline,ford,No,2016-03-14 00:00:00,25761,2016-04-03 19:15:51,2016,2016,March,March,18,1
2016-03-16 07:01:25,Ford_Fiesta_Flair_1_3_i___erst_65800_km__div._Neuteile__top,privat,Offer,1599,control,kleinwagen,1996,manuell,60,fiesta,70000,Sep,Gasoline,ford,No,2016-03-16 00:00:00,31171,2016-04-06 01:17:47,2016,2016,March,March,20,3
2016-03-21 23:49:35,Ford_Ka_EZ_2008_Km_76400_TÜV_2018,privat,Offer,2750,test,kleinwagen,2008,manuell,60,ka,80000,May,Gasoline,ford,No,2016-03-21 00:00:00,26802,2016-03-23 12:18:51,2016,2016,March,March,8,7
2016-03-15 07:36:59,Ford_KA_mit_TÜV_/_Au_neu,privat,Offer,1199,test,kleinwagen,2002,manuell,60,ka,150000,Nov,Gasoline,ford,Other,2016-03-15 00:00:00,51491,2016-03-18 01:46:22,2016,2016,March,March,14,1
2016-03-22 12:46:08,FORD_Fiesta,privat,Offer,150,control,kleinwagen,1996,manuell,75,fiesta,125000,May,Gasoline,ford,Other,2016-03-22 00:00:00,8371,2016-03-25 04:19:58,2016,2016,March,March,20,7
2016-04-01 17:58:17,Ford_Fiesta_1.6_TDCI_Style,privat,Offer,4000,test,kleinwagen,2007,manuell,90,fiesta,150000,Nov,Diesel,ford,No,2016-04-01 00:00:00,45711,2016-04-05 14:17:00,2016,2016,April,April,9,1
2016-03-19 14:57:27,Ford_Fiesta,privat,Offer,500,test,kleinwagen,1995,manuell,60,fiesta,100000,Oct,Gasoline,ford,Other,2016-03-19 00:00:00,56073,2016-03-29 00:18:19,2016,2016,March,March,21,2
2016-03-17 18:55:03,Bastlerauto,privat,Offer,300,control,kleinwagen,1999,Unspecified,75,focus,100000,Mar,Gasoline,ford,Yes,2016-03-17 00:00:00,31020,2016-03-17 18:55:03,2016,2016,March,March,17,9
2016-03-10 15:38:38,Ford_C_Max,privat,Offer,4975,test,kleinwagen,2005,manuell,116,c_max,100000,Nov,Gasoline,ford,No,2016-03-10 00:00:00,33332,2016-04-05 11:49:21,2016,2016,March,March,11,1
2016-03-30 00:59:42,Ford_Ka_/_KLIMA_!!_TÜV_/_CD_/_KM_83.000_!,privat,Offer,1100,test,kleinwagen,1999,manuell,60,ka,90000,Aug,Gasoline,ford,No,2016-03-30 00:00:00,81671,2016-03-30 08:42:56,2016,2016,March,March,17,4
2016-03-19 02:37:37,Ford_Fiesta_1.3_Servo,privat,Offer,650,test,kleinwagen,2002,manuell,50,fiesta,125000,Dec,Gasoline,ford,No,2016-03-18 00:00:00,41540,2016-03-28 05:45:21,2016,2016,March,March,14,0
2016-03-24 18:53:29,Ford_Ka_1.2_Titanium,privat,Offer,3999,test,kleinwagen,2009,manuell,69,ka,125000,May,Gasoline,ford,No,2016-03-24 00:00:00,41334,2016-03-26 04:16:33,2016,2016,March,March,7,7
2016-03-07 17:50:49,Ford_Fiesta_mit_einwandfreiem_Austauschmotor,privat,Offer,400,test,kleinwagen,2000,manuell,57,fiesta,150000,Jan,Gasoline,ford,Yes,2016-03-07 00:00:00,35745,2016-03-17 14:18:11,2016,2016,March,March,16,11
2016-03-29 10:57:11,Ford_Fiesta,privat,Offer,600,control,kleinwagen,2001,manuell,0,fiesta,80000,Mar,Gasoline,ford,No,2016-03-29 00:00:00,19386,2016-03-29 10:57:11,2016,2016,March,March,15,9
2016-03-29 13:38:42,Ford_Ka_Viva_X,privat,Offer,800,control,kleinwagen,2006,manuell,69,ka,150000,Mar,Gasoline,ford,No,2016-03-29 00:00:00,59065,2016-03-29 13:38:42,2016,2016,March,March,10,9
2016-03-29 16:50:34,Ford_ka_titanium_1.2l,privat,Offer,3800,control,kleinwagen,2009,manuell,69,ka,100000,Nov,Gasoline,ford,Other,2016-03-29 00:00:00,17493,2016-04-06 02:44:58,2016,2016,March,March,7,1
2016-03-12 08:36:42,Ford_Fiesta_KLIMA_Tuev_bis_06/2017,privat,Offer,1200,control,kleinwagen,2001,manuell,0,fiesta,150000,Sep,Gasoline,ford,No,2016-03-12 00:00:00,52072,2016-04-06 00:18:02,2016,2016,March,March,15,3
2016-04-03 09:56:59,Fiesta_VI__Benzin__60_PS__ideal_fuer_Fahranfaenger__117000_km,privat,Offer,1950,control,kleinwagen,2006,manuell,60,fiesta,150000,May,Gasoline,ford,Yes,2016-04-03 00:00:00,78476,2016-04-07 10:45:50,2016,2016,April,April,10,7
2016-03-13 18:46:32,Ford_Ka,privat,Offer,600,test,kleinwagen,2000,manuell,60,ka,100000,Mar,Gasoline,ford,No,2016-03-13 00:00:00,90542,2016-03-31 22:19:57,2016,2016,March,March,16,9
2016-04-05 09:51:39,Ford_Ka,privat,Offer,1250,control,kleinwagen,2007,manuell,60,ka,125000,Apr,Gasoline,ford,No,2016-04-05 00:00:00,52428,2016-04-05 10:43:41,2016,2016,April,April,9,8
2016-03-30 12:56:51,Schnaeppchen_Ford_Ka,privat,Offer,399,control,kleinwagen,1997,manuell,50,ka,40000,Jul,Gasoline,ford,Yes,2016-03-30 00:00:00,53115,2016-04-07 04:15:47,2016,2016,March,March,19,5
2016-04-02 23:52:18,Ford_Fiesta_1.3_TÜV_Nov_2017,privat,Offer,2250,test,kleinwagen,2003,manuell,69,fiesta,150000,Apr,Gasoline,ford,No,2016-04-02 00:00:00,28197,2016-04-04 22:44:46,2016,2016,April,April,13,8
2016-03-19 12:57:09,Ford_Ka_zu_verkaufen,privat,Offer,450,test,kleinwagen,1999,manuell,60,ka,60000,Apr,Gasoline,ford,No,2016-03-19 00:00:00,24145,2016-03-22 22:48:01,2016,2016,March,March,17,8
2016-04-03 22:46:23,Ford_Fiesta_1.6,privat,Offer,5600,control,kleinwagen,2009,manuell,120,fiesta,150000,Nov,Gasoline,ford,No,2016-04-03 00:00:00,16225,2016-04-05 23:46:45,2016,2016,April,April,7,1
2016-03-19 11:54:36,Ford_KA___mit_Klima___blau,privat,Offer,299,test,kleinwagen,2001,manuell,60,ka,150000,Sep,Gasoline,ford,No,2016-03-19 00:00:00,15859,2016-03-19 11:54:36,2016,2016,March,March,15,3
2016-03-25 18:25:25,Ford_Fiesta_2004_1_4_Diesel_sehr_sparsam,privat,Offer,850,test,kleinwagen,2004,manuell,68,fiesta,150000,Jan,Diesel,ford,No,2016-03-25 00:00:00,65620,2016-03-30 22:45:30,2016,2016,March,March,12,11
2016-03-25 10:52:04,Ford_Fiesta_Sport_1.6_mit_TÜV_und_Alufelgen,privat,Offer,1800,test,kleinwagen,2001,manuell,103,fiesta,150000,Dec,Gasoline,ford,No,2016-03-25 00:00:00,14959,2016-04-06 10:45:10,2016,2016,March,March,15,0
2016-03-07 17:57:47,"Ford_Ka""_Tuev_Au_03/2018""Servo""Klima""Elek_Fenster""Alu""",privat,Offer,995,test,kleinwagen,2000,manuell,60,ka,125000,Dec,Gasoline,ford,No,2016-03-07 00:00:00,51067,2016-03-07 17:57:47,2016,2016,March,March,16,0
2016-04-04 19:42:03,Ford_Fiesta_Style,privat,Offer,500,test,kleinwagen,1999,manuell,60,fiesta,60000,May,Gasoline,ford,Yes,2016-04-04 00:00:00,74722,2016-04-06 21:45:38,2016,2016,April,April,17,7
2016-03-25 17:47:58,Ford_Fiesta_1.3,privat,Offer,4300,test,kleinwagen,2006,manuell,60,fiesta,50000,Apr,Gasoline,ford,No,2016-03-25 00:00:00,32825,2016-04-06 22:47:06,2016,2016,March,March,10,8
2016-03-11 10:56:46,Ford_Fiesta__Erstzulassung_1997__Tuev_04.16,privat,Offer,150,test,kleinwagen,1997,manuell,50,fiesta,150000,Mar,Gasoline,ford,No,2016-03-11 00:00:00,24537,2016-03-11 11:44:10,2016,2016,March,March,19,9
2016-03-09 21:47:38,Ford_Fiesta_Ambiente_1.3___TÜV/AU_NEU!,privat,Offer,1400,test,kleinwagen,2003,manuell,60,fiesta,150000,Jul,Gasoline,ford,No,2016-03-09 00:00:00,47608,2016-03-10 18:48:31,2016,2016,March,March,13,5
2016-04-05 01:36:23,Ford_fiesta_diesel_gruene_plakette_onhe_tuev,privat,Offer,1300,control,kleinwagen,2002,manuell,68,fiesta,150000,Dec,,ford,Other,2016-04-05 00:00:00,47137,2016-04-07 11:16:50,2016,2016,April,April,14,0
2016-04-03 15:36:42,Ford_fiesta,privat,Offer,600,test,kleinwagen,2001,manuell,0,fiesta,150000,May,Gasoline,ford,No,2016-04-03 00:00:00,74420,2016-04-03 15:36:42,2016,2016,April,April,15,7
2016-03-28 09:36:19,Fahrtuechtiger_gut_erhaltener_Ford_Fiesta_HU10/16_Nichtraucherauto,privat,Offer,499,control,kleinwagen,1991,manuell,0,fiesta,125000,Jul,Gasoline,ford,Yes,2016-03-28 00:00:00,30459,2016-04-06 10:17:50,2016,2016,March,March,25,5
2016-03-07 05:56:01,Ford_Ford_Fiesta_1.25__70PS____Sigma__Colorado_Rot,privat,Offer,2500,test,kleinwagen,2003,manuell,69,fiesta,125000,Mar,Gasoline,ford,No,2016-03-06 00:00:00,33415,2016-03-24 15:45:33,2016,2016,March,March,13,9
2016-03-11 12:36:57,Ford_Fusion_1.4_TDCI___TÜV_NEU_02/2018,privat,Offer,1800,test,kleinwagen,2002,manuell,68,fusion,150000,Sep,Diesel,ford,No,2016-03-11 00:00:00,83549,2016-04-07 08:17:39,2016,2016,March,March,14,3
2016-03-23 21:51:29,Ford_ka_1.3_l_16v_baujahr_2005_mit_tuev_viele_extra,privat,Offer,599,test,kleinwagen,2005,manuell,0,ka,150000,Apr,Gasoline,ford,Yes,2016-03-23 00:00:00,42107,2016-03-25 06:47:29,2016,2016,March,March,11,8
2016-03-14 22:47:06,Ford_Fiesta_1.3,privat,Offer,2200,control,kleinwagen,2005,manuell,60,fiesta,125000,Jan,Gasoline,ford,No,2016-03-14 00:00:00,40591,2016-03-16 16:15:19,2016,2016,March,March,11,11
2016-03-09 19:31:24,Ford_Ka_Style_1._Hand/_Checkheft/_64_Tk,privat,Offer,1699,test,kleinwagen,2007,manuell,60,ka,70000,Oct,Gasoline,ford,No,2016-03-09 00:00:00,53783,2016-03-11 12:30:55,2016,2016,March,March,9,2
2016-03-26 14:40:00,Kleine_Knutschkugel_in_liebevolle_Haende_abzugeben,privat,Offer,590,control,kleinwagen,2001,manuell,60,ka,150000,Mar,Gasoline,ford,Other,2016-03-26 00:00:00,52156,2016-04-04 01:16:59,2016,2016,March,March,15,9
2016-04-04 20:50:31,Ford_Fiesta_Einspritzer_sehr_sparsam,privat,Offer,600,control,kleinwagen,1999,manuell,55,fiesta,150000,Feb,Gasoline,ford,No,2016-04-04 00:00:00,44649,2016-04-06 23:17:52,2016,2016,April,April,17,10
2016-03-27 14:58:02,Ford_Ka,privat,Offer,1999,control,kleinwagen,2007,manuell,60,ka,70000,Mar,Gasoline,ford,No,2016-03-27 00:00:00,57334,2016-03-29 04:15:24,2016,2016,March,March,9,9
2016-04-02 14:56:13,Ford_Ka_chekheft_klima_TÜV,privat,Offer,550,test,kleinwagen,1997,manuell,60,ka,100000,Aug,Gasoline,ford,No,2016-04-02 00:00:00,49635,2016-04-06 13:17:55,2016,2016,April,April,19,4
2016-03-30 20:37:23,Ford_ka____CD_radio___8_fach_bereift,privat,Offer,380,control,kleinwagen,2000,manuell,0,ka,70000,Nov,,ford,Other,2016-03-30 00:00:00,51399,2016-04-01 15:17:40,2016,2016,March,March,16,1
2016-03-23 17:56:51,Ford_Fiesta,privat,Offer,650,control,kleinwagen,2001,manuell,0,fiesta,150000,May,,ford,No,2016-03-23 00:00:00,49074,2016-04-05 22:18:06,2016,2016,March,March,15,7
2016-04-05 10:49:17,Ford_Ka,privat,Offer,800,control,kleinwagen,2001,manuell,60,ka,80000,Feb,Gasoline,ford,Yes,2016-04-05 00:00:00,52477,2016-04-05 10:49:17,2016,2016,April,April,15,10
2016-03-14 19:38:01,Ford_Fiesta_1.4,privat,Offer,1300,control,kleinwagen,2005,manuell,80,fiesta,150000,Apr,Gasoline,ford,Yes,2016-03-14 00:00:00,57489,2016-03-26 16:16:59,2016,2016,March,March,11,8
2016-03-07 16:54:51,ford_fiesta,privat,Offer,500,control,kleinwagen,2000,manuell,60,fiesta,150000,Dec,Gasoline,ford,No,2016-03-07 00:00:00,6618,2016-04-05 23:46:07,2016,2016,March,March,16,0
2016-03-14 10:56:49,Ford_Fiesta_Futura_2,privat,Offer,550,control,kleinwagen,2001,manuell,75,fiesta,150000,Feb,Gasoline,ford,No,2016-03-14 00:00:00,75378,2016-03-16 00:46:49,2016,2016,March,March,15,10
2016-03-06 17:46:53,Ford_Fiesta_top_erhalten_Bj_2009,privat,Offer,4799,control,kleinwagen,2009,manuell,60,fiesta,80000,Sep,Gasoline,ford,No,2016-03-06 00:00:00,25474,2016-04-06 22:15:46,2016,2016,March,March,7,3
2016-03-10 15:54:09,Ford_Ka_Royal,privat,Offer,550,test,kleinwagen,2004,manuell,69,ka,150000,Dec,Gasoline,ford,Yes,2016-03-10 00:00:00,46149,2016-03-14 13:16:02,2016,2016,March,March,12,0
2016-04-04 15:56:00,Ford_Fiesta_1.3l_fuer_Bastler_zu_verkaufen,privat,Offer,450,test,kleinwagen,2001,manuell,60,fiesta,125000,Jan,Gasoline,ford,No,2016-04-04 00:00:00,31789,2016-04-04 15:56:00,2016,2016,April,April,15,11
2016-03-11 10:58:06,Ford_KA_in_blau_8_Fach_bereift,privat,Offer,550,test,kleinwagen,1999,manuell,0,ka,70000,Dec,Gasoline,ford,Other,2016-03-11 00:00:00,64823,2016-03-12 15:44:53,2016,2016,March,March,17,0
2016-04-01 17:36:23,FIESTA____GFJ_____sehr_sparsamm,privat,Offer,333,test,kleinwagen,1995,manuell,52,fiesta,125000,Mar,Gasoline,ford,No,2016-04-01 00:00:00,57290,2016-04-03 12:13:28,2016,2016,April,April,21,9
2016-04-03 10:49:58,Ford_Fiesta_TÜV+AU_NEU*,privat,Offer,580,control,kleinwagen,1996,manuell,50,fiesta,150000,Apr,Gasoline,ford,No,2016-04-03 00:00:00,68647,2016-04-07 11:46:21,2016,2016,April,April,20,8
2016-03-27 00:57:21,Ford_Fiesta_Futura,privat,Offer,1200,test,kleinwagen,2000,manuell,60,fiesta,150000,Apr,Gasoline,ford,No,2016-03-26 00:00:00,22415,2016-04-07 04:16:47,2016,2016,March,March,16,8
2016-03-10 10:36:57,CHANCE_FORD_FIESTA,privat,Offer,350,test,kleinwagen,1997,automatik,75,fiesta,100000,Aug,Gasoline,ford,No,2016-03-10 00:00:00,26603,2016-03-17 16:15:35,2016,2016,March,March,19,4
2016-03-24 09:53:40,Ford_Fiesta,privat,Offer,1399,control,kleinwagen,2000,manuell,0,fiesta,60000,Mar,Gasoline,ford,No,2016-03-24 00:00:00,75305,2016-04-07 00:44:35,2016,2016,March,March,16,9
2016-03-08 16:44:59,Ford_Ka_TÜV_NEU,privat,Offer,1790,test,kleinwagen,2005,manuell,69,ka,150000,Mar,Gasoline,ford,No,2016-03-08 00:00:00,95145,2016-03-17 16:18:38,2016,2016,March,March,11,9
2016-03-26 13:56:08,Ford_Ka_Futura,privat,Offer,999,control,kleinwagen,2001,manuell,60,ka,150000,Nov,Gasoline,ford,No,2016-03-26 00:00:00,42655,2016-03-26 13:56:08,2016,2016,March,March,15,1
2016-03-14 21:53:39,Ford_Fiesta_1.4_TDCI,privat,Offer,2599,test,kleinwagen,2004,manuell,68,fiesta,150000,Jul,Diesel,ford,No,2016-03-14 00:00:00,35510,2016-03-16 07:35:40,2016,2016,March,March,12,5
2016-03-10 18:51:54,Ford_fiesta_flar,privat,Offer,200,test,kleinwagen,1997,manuell,50,Other,150000,Feb,Gasoline,ford,Yes,2016-03-10 00:00:00,89150,2016-04-06 00:45:36,2016,2016,March,March,19,10
2016-03-19 21:56:31,Ford_Fiesta_1.4_Duratec,privat,Offer,2800,control,kleinwagen,2004,manuell,80,fiesta,125000,Jun,Gasoline,ford,No,2016-03-19 00:00:00,87772,2016-03-30 21:18:39,2016,2016,March,March,12,6
2016-03-13 23:43:28,Ford_Ka_ohne_Tuev__10_/_15__aber_technisch_100%_Ok,privat,Offer,150,test,kleinwagen,1997,manuell,50,ka,125000,Jan,Gasoline,ford,Other,2016-03-13 00:00:00,58579,2016-04-06 19:18:00,2016,2016,March,March,19,11
2016-03-17 11:51:00,Ford_Fiesta_Flair_1.3__tip_top__AU/HU_4_2017__2._Hand,privat,Offer,890,control,kleinwagen,1996,manuell,50,fiesta,150000,Jul,Gasoline,ford,No,2016-03-17 00:00:00,13591,2016-03-17 11:51:00,2016,2016,March,March,20,5
2016-03-09 18:54:24,Kleinwagen,privat,Offer,850,test,kleinwagen,1998,manuell,70,ka,150000,Mar,Gasoline,ford,Other,2016-03-09 00:00:00,88477,2016-04-07 14:57:34,2016,2016,March,March,18,9
2016-03-15 11:51:16,Focus_mit_tuev_reserviert,privat,Offer,850,test,kleinwagen,2001,manuell,115,focus,150000,Jul,Gasoline,ford,No,2016-03-15 00:00:00,58840,2016-03-15 11:51:16,2016,2016,March,March,15,5
2016-03-19 23:55:35,Ford_Fiesta_1.4_TDCI_Ghia,privat,Offer,1400,control,kleinwagen,2002,manuell,68,fiesta,150000,Aug,Diesel,ford,No,2016-03-19 00:00:00,63739,2016-03-22 14:16:49,2016,2016,March,March,14,4
2016-03-11 10:54:24,Ford_Ka_1.2,privat,Offer,3800,test,kleinwagen,2009,manuell,69,ka,50000,May,,ford,No,2016-03-11 00:00:00,21109,2016-03-28 20:15:29,2016,2016,March,March,7,7
2016-03-29 10:50:05,Ford_Ka/_TÜV_09_2017,privat,Offer,700,control,kleinwagen,1996,manuell,0,ka,150000,Dec,Gasoline,ford,No,2016-03-29 00:00:00,12687,2016-04-05 19:46:35,2016,2016,March,March,20,0
2016-03-15 21:47:43,Ford_ka_zu_verkaufen,privat,Offer,250,control,kleinwagen,1998,manuell,60,ka,125000,Mar,Gasoline,ford,No,2016-03-15 00:00:00,48653,2016-03-22 00:46:50,2016,2016,March,March,18,9
2016-03-11 13:55:25,Ford_Fiesta___AU/HU_3/2017,privat,Offer,699,test,kleinwagen,1998,manuell,50,fiesta,5000,Nov,Gasoline,ford,No,2016-03-11 00:00:00,10247,2016-04-07 11:44:24,2016,2016,March,March,18,1
2016-03-14 00:37:17,Ford_Ka_1.3_Gepflegt_mit_TÜV_bis_05/2017,privat,Offer,799,control,kleinwagen,1997,manuell,0,ka,150000,Jan,Gasoline,ford,No,2016-03-13 00:00:00,58239,2016-03-22 00:46:13,2016,2016,March,March,19,11
2016-03-12 12:57:02,Ford_Fiesta,privat,Offer,2500,test,kleinwagen,2007,manuell,69,fiesta,150000,Oct,Gasoline,ford,Other,2016-03-12 00:00:00,44287,2016-03-13 04:17:09,2016,2016,March,March,9,2
2016-03-31 16:52:27,Verkaufe_Ford_Fiesta_mit_zwei_Monaten_TÜV,privat,Offer,550,control,kleinwagen,1997,manuell,0,fiesta,150000,Jun,Gasoline,ford,No,2016-03-31 00:00:00,26188,2016-04-06 10:16:04,2016,2016,March,March,19,6
2016-03-10 14:54:05,Ford_Fiesta_Klima_Tuev_Neu,privat,Offer,1850,test,kleinwagen,1998,manuell,60,fiesta,70000,Dec,Gasoline,ford,No,2016-03-10 00:00:00,52080,2016-04-07 13:17:09,2016,2016,March,March,18,0
2016-03-08 16:47:09,Ford_Fiesta_1.3_tuev_bis_09_2017,privat,Offer,1199,test,kleinwagen,2003,manuell,0,fiesta,150000,Aug,Gasoline,ford,No,2016-03-08 00:00:00,13347,2016-03-09 07:46:18,2016,2016,March,March,13,4
2016-03-24 19:00:45,Ford_Fiesta_1.3_sehr_gepflegt_tuev_04/2017,privat,Offer,999,test,kleinwagen,2000,manuell,50,Other,125000,Mar,Gasoline,ford,Other,2016-03-24 00:00:00,64560,2016-04-07 14:58:25,2016,2016,March,March,16,9
2016-03-30 12:49:42,Ford_Fiesta_Style_an_Bastler_!,privat,Offer,200,control,kleinwagen,1997,manuell,60,fiesta,125000,Jun,Gasoline,ford,Yes,2016-03-30 00:00:00,25767,2016-04-07 03:44:49,2016,2016,March,March,19,6
2016-03-29 01:56:39,Ford_Fiesta_1.3_Servo,privat,Offer,600,control,kleinwagen,2002,manuell,50,fiesta,125000,Jun,Gasoline,ford,No,2016-03-29 00:00:00,50769,2016-04-05 17:26:00,2016,2016,March,March,14,6
2016-03-18 15:39:35,Ford_Focus__Bj_2000__5_tuerer!,privat,Offer,0,control,kleinwagen,2000,manuell,55,focus,150000,Feb,Gasoline,ford,Other,2016-03-18 00:00:00,73479,2016-03-20 05:18:18,2016,2016,March,March,16,10
2016-04-01 17:54:11,Verkaufe_Ford_Ka.,privat,Offer,1000,test,kleinwagen,2003,manuell,60,ka,125000,Sep,,ford,No,2016-04-01 00:00:00,35578,2016-04-07 13:17:04,2016,2016,April,April,13,3
2016-03-19 12:44:59,Schoener_Ford_Ka_mit_neuem_TÜV_und_ohne_Rost,privat,Offer,1209,test,kleinwagen,1999,manuell,60,ka,90000,Aug,Gasoline,ford,No,2016-03-19 00:00:00,7580,2016-03-20 14:17:47,2016,2016,March,March,17,4
2016-03-31 15:57:30,Ford_Ka_1.2_Titanium,privat,Offer,5299,control,kleinwagen,2010,manuell,69,ka,70000,Aug,Gasoline,ford,No,2016-03-31 00:00:00,52134,2016-04-06 09:44:58,2016,2016,March,March,6,4
2016-03-19 21:36:57,Ford_Ka_mit_neuen_Tuev,privat,Offer,999,control,kleinwagen,2003,manuell,66,ka,150000,Jan,Gasoline,ford,No,2016-03-19 00:00:00,44536,2016-04-07 14:58:48,2016,2016,March,March,13,11
2016-03-22 22:37:41,Ford_Ka_1.3_mit_Klima,privat,Offer,1300,control,kleinwagen,2002,manuell,60,ka,50000,Aug,Gasoline,ford,No,2016-03-22 00:00:00,30457,2016-04-07 02:46:14,2016,2016,March,March,14,4
2016-03-11 10:38:17,Ford_Fiesta_1.6_TDCi_Trend__EURO_5__KLIMA,privat,Offer,4800,test,kleinwagen,2010,manuell,95,fiesta,150000,Aug,Diesel,ford,Yes,2016-03-11 00:00:00,68642,2016-03-12 14:15:16,2016,2016,March,March,6,4
2016-03-29 15:46:06,Ford_Fiesta_1.3_Ambiente,privat,Offer,4299,control,kleinwagen,2007,manuell,69,fiesta,60000,Aug,Gasoline,ford,No,2016-03-29 00:00:00,93444,2016-03-31 08:44:26,2016,2016,March,March,9,4
2016-03-19 08:50:20,Ford_ka_Benzin,privat,Offer,1599,test,kleinwagen,2008,manuell,60,ka,125000,Mar,,ford,No,2016-03-19 00:00:00,94051,2016-04-06 07:17:41,2016,2016,March,March,8,9
2016-03-15 19:38:56,Kleiner_blauer_Flitzer_zu_verkaufen_mit_TÜV,privat,Offer,800,control,kleinwagen,2000,manuell,50,fiesta,150000,Jan,Gasoline,ford,Other,2016-03-15 00:00:00,53842,2016-03-17 15:18:30,2016,2016,March,March,16,11
2016-03-15 21:48:22,Ford_Ka_EZ_2008_Km_76400,privat,Offer,2990,control,kleinwagen,2008,manuell,60,ka,80000,Aug,Gasoline,ford,No,2016-03-15 00:00:00,26802,2016-03-17 18:48:00,2016,2016,March,March,8,4
2016-03-21 02:58:23,Ford_Fiesta_1.2_mit_2_Jahre_TÜV.,privat,Offer,1000,test,kleinwagen,2000,manuell,50,fiesta,150000,Apr,Gasoline,ford,No,2016-03-21 00:00:00,41065,2016-03-21 07:37:42,2016,2016,March,March,16,8
2016-03-17 18:55:28,Ford_KA_Baustellen_Auto_Bastler_Auto_TÜV_1/17,privat,Offer,550,control,kleinwagen,1998,manuell,60,ka,150000,Mar,Gasoline,ford,Yes,2016-03-17 00:00:00,92660,2016-03-30 15:46:12,2016,2016,March,March,18,9
2016-03-20 14:50:48,Ford_ka_zuverkaufen,privat,Offer,650,test,kleinwagen,2001,manuell,60,ka,125000,Jan,Gasoline,ford,Yes,2016-03-20 00:00:00,41836,2016-04-02 18:46:55,2016,2016,March,March,15,11
2016-03-07 22:46:55,Ford_Fiesta_JBS,privat,Offer,1300,test,kleinwagen,1999,manuell,75,fiesta,125000,Dec,Gasoline,ford,Other,2016-03-07 00:00:00,21035,2016-03-14 05:17:06,2016,2016,March,March,17,0
2016-04-04 17:38:13,Fiesta_1.3_51Kw_95tkm_HU_AU_neu_Klima_ABS_Servo_ZV_2EFH_4Airbag,privat,Offer,2199,test,kleinwagen,2005,manuell,75,fiesta,100000,Nov,Gasoline,ford,No,2016-04-04 00:00:00,15738,2016-04-06 19:17:13,2016,2016,April,April,11,1
2016-03-13 14:50:30,Ford_Fiesta,privat,Offer,1650,test,kleinwagen,2000,manuell,60,fiesta,50000,May,Gasoline,ford,No,2016-03-13 00:00:00,99084,2016-04-06 16:17:10,2016,2016,March,March,16,7
2016-03-24 15:25:24,Ford_Fiesta_1.3l_JBS_Bastler_Ausschlachten,privat,Offer,180,test,kleinwagen,1999,manuell,60,fiesta,150000,Jan,Gasoline,ford,Other,2016-03-24 00:00:00,60320,2016-04-06 02:17:01,2016,2016,March,March,17,11
2016-03-28 21:06:21,Ford_focus,privat,Offer,1300,test,kleinwagen,2000,manuell,101,focus,150000,Jan,Gasoline,ford,Other,2016-03-28 00:00:00,35444,2016-04-07 06:44:57,2016,2016,March,March,16,11
2016-04-03 13:55:30,Ford_Ka_Tuev_bis_2018,privat,Offer,799,control,kleinwagen,1998,manuell,50,ka,150000,Nov,Gasoline,ford,No,2016-04-03 00:00:00,45964,2016-04-05 12:46:48,2016,2016,April,April,18,1
2016-03-05 14:58:44,98er_Ford_Fiesta_zum_ausschlachten_oder_herrichten,privat,Offer,100,control,kleinwagen,1998,manuell,75,fiesta,125000,Jun,Gasoline,ford,Yes,2016-03-05 00:00:00,37671,2016-03-05 18:47:15,2016,2016,March,March,18,6
2016-03-26 10:53:23,Verkaufe_Ford_Fiesta,privat,Offer,2500,test,kleinwagen,2005,manuell,65,fiesta,125000,Jan,Gasoline,ford,No,2016-03-26 00:00:00,86559,2016-03-26 11:40:38,2016,2016,March,March,11,11
2016-03-07 01:43:32,Ford_ka_Servolenkung_klima,privat,Offer,800,control,kleinwagen,2003,manuell,60,ka,125000,Jan,Gasoline,ford,No,2016-03-06 00:00:00,75181,2016-03-07 19:18:05,2016,2016,March,March,13,11
2016-03-20 18:40:06,Ford_Fiesta_1.3_Fun,privat,Offer,3300,test,kleinwagen,2006,manuell,69,fiesta,125000,Jun,Gasoline,ford,No,2016-03-20 00:00:00,32609,2016-04-07 01:45:21,2016,2016,March,March,10,6
2016-03-15 12:56:02,Ford_Fiesta_tuev_10.2016,privat,Offer,699,control,kleinwagen,2001,manuell,50,fiesta,150000,Mar,Gasoline,ford,No,2016-03-15 00:00:00,29633,2016-04-03 23:47:44,2016,2016,March,March,15,9
2016-04-05 07:58:48,Ford_Fiesta_TÜV/ASU_12/2016_D3Norm_Servo__Angemeldet_Fahrbereit!!,privat,Offer,500,test,kleinwagen,1997,manuell,60,fiesta,100000,Dec,Gasoline,ford,No,2016-04-05 00:00:00,6842,2016-04-05 09:39:48,2016,2016,April,April,19,0
2016-03-08 18:51:49,Ford_Focus,privat,Offer,1000,test,kleinwagen,2000,manuell,101,focus,150000,Apr,Gasoline,ford,Yes,2016-03-08 00:00:00,16559,2016-03-09 02:44:12,2016,2016,March,March,16,8
2016-03-22 10:50:57,Ford_Fiesta_Ghia,privat,Offer,1120,control,kleinwagen,1997,manuell,75,fiesta,150000,Aug,Gasoline,ford,No,2016-03-22 00:00:00,40882,2016-04-05 23:17:05,2016,2016,March,March,19,4
2016-03-16 16:51:41,Ford_Fiesta__EZ_05/2002_118730KM_44KW/60PS_Benzin_Schaltgetriebe,privat,Offer,1600,control,kleinwagen,2002,manuell,60,fiesta,125000,May,,ford,No,2016-03-16 00:00:00,37073,2016-04-06 21:46:07,2016,2016,March,March,14,7
2016-04-04 20:40:11,Ford_Ka_1.3_TÜV_Neu,privat,Offer,1400,control,kleinwagen,2006,manuell,0,ka,100000,Apr,Gasoline,ford,No,2016-04-04 00:00:00,73525,2016-04-06 22:46:28,2016,2016,April,April,10,8
2016-03-25 15:38:04,Ford_Fiesta_1.3_Anfaenger_Auto_mit_AHK_KLIMA_8FACH_BEREIFT,privat,Offer,910,test,kleinwagen,2000,manuell,60,Other,150000,Feb,Gasoline,ford,Other,2016-03-25 00:00:00,9306,2016-04-06 19:16:06,2016,2016,March,March,16,10
2016-03-10 19:56:55,Ford_Ka_OHNE_TÜV_fuer_Bastler_etc.,privat,Offer,100,control,kleinwagen,1998,manuell,60,ka,150000,Jun,Gasoline,ford,Other,2016-03-10 00:00:00,49610,2016-04-06 03:46:14,2016,2016,March,March,18,6
2016-03-31 16:50:45,Ford_Fiesta_Style_1.25_Tuev_neu,privat,Offer,400,control,kleinwagen,1999,manuell,75,fiesta,150000,Mar,Diesel,ford,No,2016-03-31 00:00:00,91090,2016-04-06 10:15:59,2016,2016,March,March,17,9
2016-04-02 18:49:28,Ford_Fiesta_ohne_Tuev_mit_Klimaanlage,privat,Offer,200,control,kleinwagen,1999,manuell,75,fiesta,150000,Jan,Gasoline,ford,Other,2016-04-02 00:00:00,26209,2016-04-06 18:47:31,2016,2016,April,April,17,11
2016-03-06 14:37:37,Ford_Fiesta_1.3_Viva_X_1._HAND_KLIMA,privat,Offer,2250,control,kleinwagen,2005,manuell,60,fiesta,125000,Jun,Gasoline,ford,No,2016-03-06 00:00:00,47228,2016-03-07 17:47:35,2016,2016,March,March,11,6
2016-03-24 12:43:03,Ford_Ka__Klima__Servo__Tuev_neu__guter_Zustand,privat,Offer,1111,test,kleinwagen,2002,manuell,60,ka,100000,Jan,Gasoline,ford,No,2016-03-24 00:00:00,45475,2016-04-05 00:18:35,2016,2016,March,March,14,11
2016-03-07 20:37:03,Ford_Ka_Kool,privat,Offer,700,test,kleinwagen,1999,manuell,60,ka,150000,Feb,Gasoline,ford,No,2016-03-07 00:00:00,49324,2016-03-23 13:17:33,2016,2016,March,March,17,10
2016-03-26 00:59:04,Ford_KA_tuev_bis_02.2018,privat,Offer,1100,test,kleinwagen,2001,manuell,60,ka,125000,Sep,Gasoline,ford,No,2016-03-25 00:00:00,38700,2016-04-05 18:16:41,2016,2016,March,March,15,3
2016-03-17 23:40:12,Sparsames_Anfaenger_Auto,privat,Offer,1200,control,kleinwagen,2002,manuell,0,ka,125000,Mar,Gasoline,ford,Other,2016-03-17 00:00:00,49824,2016-03-23 12:48:23,2016,2016,March,March,14,9
2016-03-21 17:39:14,Ford_fiesta_tuev_klima_e_fenster,privat,Offer,249,control,kleinwagen,1996,manuell,0,fiesta,150000,Dec,Gasoline,ford,Yes,2016-03-21 00:00:00,10823,2016-04-06 17:46:46,2016,2016,March,March,20,0
2016-03-24 23:57:02,Ford_Fiesta_1.3,privat,Offer,2490,test,kleinwagen,2004,manuell,60,fiesta,150000,Nov,Lpg,ford,No,2016-03-24 00:00:00,42327,2016-03-31 11:44:35,2016,2016,March,March,12,1
2016-03-23 11:06:31,Ford_fiesta_1_4_ST_SPORT_TÜV_04/2017_8_Fach_Bereift,privat,Offer,3650,test,kleinwagen,2003,manuell,0,Other,150000,Apr,Gasoline,ford,Other,2016-03-23 00:00:00,53783,2016-04-06 07:46:09,2016,2016,March,March,13,8
2016-03-25 10:38:17,Ford_Fiesta_Futura,privat,Offer,500,test,kleinwagen,2000,manuell,75,fiesta,125000,Aug,Gasoline,ford,Yes,2016-03-25 00:00:00,75210,2016-03-25 10:38:17,2016,2016,March,March,16,4
2016-03-25 22:51:12,Ford_Ka_top_Zustand_laeuft_wie_eine_Biene_!,privat,Offer,400,control,kleinwagen,1996,manuell,50,ka,150000,Nov,Gasoline,ford,No,2016-03-25 00:00:00,39110,2016-03-26 04:40:56,2016,2016,March,March,20,1
2016-03-17 12:53:50,Ford_Fusion_1.25_Ambiente,privat,Offer,2500,test,kleinwagen,2006,manuell,75,fusion,150000,Mar,Gasoline,ford,No,2016-03-17 00:00:00,28777,2016-03-30 04:16:17,2016,2016,March,March,10,9
2016-03-21 13:46:48,Ford_Fiesta_1.25_Trend,privat,Offer,5200,test,kleinwagen,2009,manuell,82,fiesta,150000,May,Gasoline,ford,No,2016-03-21 00:00:00,99099,2016-04-06 09:44:46,2016,2016,March,March,7,7
2016-03-17 18:44:50,Verkaufe_Ford_fiesta,privat,Offer,400,control,kleinwagen,1996,manuell,75,fiesta,90000,Feb,Gasoline,ford,Other,2016-03-17 00:00:00,54294,2016-04-07 05:44:59,2016,2016,March,March,20,10
2016-03-19 15:43:17,Ford_Fiesta_1.3_Top_TÜV_NEU_85TKM,privat,Offer,2999,control,kleinwagen,2007,manuell,60,fiesta,90000,Mar,Gasoline,ford,Other,2016-03-19 00:00:00,24837,2016-03-19 15:43:17,2016,2016,March,March,9,9
2016-03-09 11:51:00,Ford_Fiesta,privat,Offer,600,test,kleinwagen,2001,manuell,45,Other,150000,Mar,Gasoline,ford,No,2016-03-09 00:00:00,95030,2016-03-27 21:15:47,2016,2016,March,March,15,9
2016-03-21 15:48:14,Ford_Fiesta_Trend_TÜV/AU_SEP._2017_FESTPREIS,privat,Offer,1000,control,kleinwagen,2000,manuell,75,fiesta,150000,Jun,Gasoline,ford,No,2016-03-21 00:00:00,67307,2016-03-21 15:48:14,2016,2016,March,March,16,6
2016-03-29 19:47:49,Ford_Ka_Kool,privat,Offer,900,control,kleinwagen,1998,manuell,60,ka,100000,Oct,Gasoline,ford,No,2016-03-29 00:00:00,53343,2016-04-06 05:46:29,2016,2016,March,March,18,2
2016-04-03 00:56:18,ford_ka_zum_auschlachten,privat,Offer,0,control,kleinwagen,2002,manuell,55,ka,150000,May,Gasoline,ford,Yes,2016-04-03 00:00:00,56759,2016-04-05 06:46:20,2016,2016,April,April,14,7
2016-03-31 16:39:19,Ford_Ka_3___Door_Sedan,privat,Offer,300,control,kleinwagen,1998,manuell,60,ka,150000,Sep,Gasoline,ford,Yes,2016-03-31 00:00:00,44147,2016-04-06 09:44:22,2016,2016,March,March,18,3
2016-04-03 12:57:16,Verkau_Ford_Focus_18dtci,privat,Offer,800,control,kleinwagen,2004,manuell,74,focus,150000,Jan,Diesel,ford,Other,2016-04-03 00:00:00,84478,2016-04-03 12:57:16,2016,2016,April,April,12,11
2016-03-23 23:48:24,Ford_KA_Bj._2005,privat,Offer,1100,control,kleinwagen,2005,manuell,60,ka,125000,Sep,Gasoline,ford,No,2016-03-23 00:00:00,33605,2016-04-02 10:46:42,2016,2016,March,March,11,3
2016-03-29 11:51:55,Ford_Ka_1_3_/_49_PS,privat,Offer,160,test,kleinwagen,1999,manuell,49,ka,150000,Oct,Gasoline,ford,No,2016-03-29 00:00:00,44319,2016-03-29 11:51:55,2016,2016,March,March,17,2
2016-03-27 23:55:13,Ford_fiesta,privat,Offer,800,test,kleinwagen,2001,manuell,60,fiesta,150000,Feb,Gasoline,ford,No,2016-03-27 00:00:00,40599,2016-03-28 08:44:51,2016,2016,March,March,15,10
2016-04-01 22:36:54,Ford_Fiesta_1.2_Ambiente,privat,Offer,2000,test,kleinwagen,2003,manuell,60,fiesta,150000,Feb,Gasoline,ford,No,2016-04-01 00:00:00,67258,2016-04-03 23:45:11,2016,2016,April,April,13,10
2016-03-27 17:59:07,Ford_Fiesta_1.25_/_2.Hand_/_Scheckheftgepflegt,privat,Offer,5590,test,kleinwagen,2011,manuell,60,fiesta,30000,Nov,Gasoline,ford,No,2016-03-27 00:00:00,36093,2016-04-05 14:16:40,2016,2016,March,March,5,1
2016-04-03 10:48:48,Verkauf_oder_Tausch_Ford_Fiesta_1.4_tdci,privat,Offer,750,control,kleinwagen,2003,manuell,0,fiesta,150000,May,Diesel,ford,No,2016-04-03 00:00:00,23970,2016-04-03 10:48:48,2016,2016,April,April,13,7
2016-03-27 20:53:57,Ford_focus_mengel:,privat,Offer,500,control,kleinwagen,2003,manuell,140,focus,150000,Jun,,ford,No,2016-03-27 00:00:00,35457,2016-04-03 23:46:56,2016,2016,March,March,13,6
2016-03-27 14:37:03,Ford_Fiesta_Facelift_Tuev_03/18_Scheckh.,privat,Offer,1650,control,kleinwagen,2002,manuell,60,fiesta,125000,Feb,Gasoline,ford,No,2016-03-27 00:00:00,46047,2016-03-27 14:37:03,2016,2016,March,March,14,10
2016-04-04 10:56:55,Ford_Fiesta,privat,Offer,900,control,kleinwagen,2000,manuell,60,fiesta,125000,Sep,Gasoline,ford,No,2016-04-04 00:00:00,82166,2016-04-06 12:46:09,2016,2016,April,April,16,3
2016-03-14 22:57:08,Ford_focus,privat,Offer,1099,control,kleinwagen,1998,manuell,0,focus,150000,Feb,Gasoline,ford,No,2016-03-14 00:00:00,13599,2016-03-30 05:18:25,2016,2016,March,March,18,10
2016-03-07 17:44:12,Ford_Fiesta_1.3__Klima__TÜV_02/2018,privat,Offer,2490,test,kleinwagen,2005,manuell,69,fiesta,125000,Mar,Gasoline,ford,No,2016-03-07 00:00:00,52351,2016-03-10 09:45:11,2016,2016,March,March,11,9
2016-03-13 14:47:35,Ford_Fiesta_Baujahr_2004,privat,Offer,1750,test,kleinwagen,2004,manuell,75,fiesta,150000,Jan,Gasoline,ford,No,2016-03-13 00:00:00,74613,2016-04-06 16:17:08,2016,2016,March,March,12,11
2016-03-30 09:50:55,Ford_Ka,privat,Offer,1499,control,kleinwagen,2002,manuell,60,ka,80000,Apr,Gasoline,ford,No,2016-03-30 00:00:00,53474,2016-04-07 01:15:33,2016,2016,March,March,14,8
2016-04-03 00:56:16,Ford_Fiesta,privat,Offer,500,control,kleinwagen,1994,manuell,60,fiesta,90000,Sep,Gasoline,ford,Other,2016-04-03 00:00:00,71672,2016-04-03 08:45:50,2016,2016,April,April,22,3
2016-03-28 17:54:49,FORD_KA_zu_verkaufen,privat,Offer,1270,test,kleinwagen,2002,manuell,60,ka,125000,Sep,Gasoline,ford,Other,2016-03-28 00:00:00,58256,2016-03-30 09:18:20,2016,2016,March,March,14,3
2016-03-15 21:37:03,Ford_Fiesta__Ghia__Benziner__Bj_2004__214.000_km,privat,Offer,1399,control,kleinwagen,2004,manuell,101,fiesta,150000,Apr,Gasoline,ford,Yes,2016-03-15 00:00:00,66333,2016-03-26 01:16:26,2016,2016,March,March,12,8
2016-03-23 16:46:24,Ford_Fiesta_1.4_TÜV_9/17,privat,Offer,2450,test,kleinwagen,2002,manuell,80,fiesta,150000,Sep,Gasoline,ford,No,2016-03-23 00:00:00,28327,2016-04-05 20:16:28,2016,2016,March,March,14,3
2016-03-10 16:50:27,AUTOVERKAUF,privat,Offer,4100,control,kleinwagen,2008,manuell,60,fiesta,40000,Jan,Gasoline,ford,No,2016-03-10 00:00:00,87452,2016-03-24 22:17:56,2016,2016,March,March,8,11
2016-03-06 13:36:20,Ford_Fiesta_1.25_Ambiente_mit_Klima_kleiner_Frostscha,privat,Offer,2500,test,kleinwagen,2009,manuell,82,fiesta,150000,Jun,Gasoline,ford,Yes,2016-03-06 00:00:00,90766,2016-03-07 22:17:13,2016,2016,March,March,7,6
2016-03-15 10:58:09,Ford_Ka_Bj:1999,privat,Offer,700,control,kleinwagen,1999,manuell,60,ka,150000,Jan,Gasoline,ford,Other,2016-03-15 00:00:00,45721,2016-03-15 11:46:29,2016,2016,March,March,17,11
2016-03-25 19:50:48,Ford_Fiesta_TÜV_bis_10/17,privat,Offer,650,test,kleinwagen,1999,manuell,75,fiesta,150000,Nov,Gasoline,ford,Yes,2016-03-25 00:00:00,77704,2016-03-25 20:42:18,2016,2016,March,March,17,1
2016-03-17 20:48:24,Fiesta_124000KM_tuev_neu_2Jahre_SERVO_ABS_EURO4_gepflegt,privat,Offer,1399,control,kleinwagen,2000,manuell,50,fiesta,125000,Jan,Gasoline,ford,No,2016-03-17 00:00:00,45549,2016-03-22 03:18:29,2016,2016,March,March,16,11
2016-03-21 13:42:47,Ford_Focus,privat,Offer,999,test,kleinwagen,1999,manuell,75,focus,150000,Dec,Gasoline,ford,Yes,2016-03-21 00:00:00,74399,2016-04-06 08:45:57,2016,2016,March,March,17,0
2016-04-03 19:32:03,Ford_Fiesta_IV_1_25___97900_KM,privat,Offer,570,test,kleinwagen,1996,automatik,75,fiesta,100000,Jun,Gasoline,ford,No,2016-04-03 00:00:00,61273,2016-04-07 12:45:33,2016,2016,April,April,20,6
2016-04-05 08:50:34,Ford_KA_1_3_TUV_4.2017_EURO4,privat,Offer,890,test,kleinwagen,2002,manuell,60,ka,150000,Mar,Gasoline,ford,No,2016-04-05 00:00:00,66359,2016-04-05 09:39:35,2016,2016,April,April,14,9
2016-04-03 14:51:05,Ford_Fiesta_1.25,privat,Offer,2200,test,kleinwagen,2004,manuell,75,fiesta,150000,Mar,Gasoline,ford,No,2016-04-03 00:00:00,74889,2016-04-05 13:47:46,2016,2016,April,April,12,9
2016-03-06 21:47:45,Ford_Fiesta_1.4_Style,privat,Offer,3990,control,kleinwagen,2008,manuell,80,fiesta,80000,Apr,Gasoline,ford,No,2016-03-06 00:00:00,42719,2016-03-09 16:16:49,2016,2016,March,March,8,8
2016-04-05 00:53:03,Ford_Ka_1.3_benzin,privat,Offer,1100,control,kleinwagen,2000,manuell,60,ka,150000,Sep,Gasoline,ford,No,2016-04-04 00:00:00,75175,2016-04-07 10:15:59,2016,2016,April,April,16,3
2016-03-23 10:41:52,Ford_Fiesta_1999.4_Tuer.TÜV_12/2016.KLIMA,privat,Offer,750,control,kleinwagen,1999,manuell,0,fiesta,150000,Jan,Gasoline,ford,No,2016-03-23 00:00:00,50769,2016-04-07 10:16:29,2016,2016,March,March,17,11
2016-04-03 13:55:16,Ford_Ka_TÜV_NEU,privat,Offer,880,control,kleinwagen,2000,manuell,60,ka,150000,Apr,Gasoline,ford,No,2016-04-03 00:00:00,95111,2016-04-03 13:55:16,2016,2016,April,April,16,8
2016-03-25 18:51:48,Ford_Focus,privat,Offer,1700,test,kleinwagen,2002,manuell,115,focus,150000,Jan,Diesel,ford,Other,2016-03-25 00:00:00,78315,2016-04-07 00:46:06,2016,2016,March,March,14,11
2016-03-25 02:36:44,Ford_ka_Baujahr_1997,privat,Offer,250,control,kleinwagen,1997,manuell,0,Other,150000,Jan,Gasoline,ford,Other,2016-03-25 00:00:00,47608,2016-03-28 06:18:14,2016,2016,March,March,19,11
2016-03-09 08:36:18,Ford_Fusion_1.25_Ambiente_mit_neuem_Zahnriemen_u._Inspektion,privat,Offer,2800,test,kleinwagen,2006,manuell,75,fusion,150000,Mar,Gasoline,ford,No,2016-03-09 00:00:00,28777,2016-03-11 02:45:02,2016,2016,March,March,10,9
2016-03-22 13:50:52,Ford_ka_ohne_Rost,privat,Offer,2600,control,kleinwagen,2008,manuell,69,ka,90000,May,Gasoline,ford,Other,2016-03-22 00:00:00,46149,2016-03-23 21:44:33,2016,2016,March,March,8,7
2016-03-05 17:44:46,Ford_Ka_Tuev_6/17_angemeldet,privat,Offer,970,test,kleinwagen,2002,manuell,60,ka,125000,Mar,Gasoline,ford,No,2016-02-26 00:00:00,3116,2016-03-12 02:17:29,2016,2016,February,March,14,9
2016-03-22 18:51:17,Ford_Fiesta_1.25_Trend__Rentnerfahrzeug_,privat,Offer,5499,control,kleinwagen,2009,manuell,60,fiesta,70000,Jun,Gasoline,ford,No,2016-03-22 00:00:00,73275,2016-03-24 03:16:22,2016,2016,March,March,7,6
2016-03-27 19:50:58,Kleiner_Flitzer__guenstig_im_Unterhalt__8fach_Bereifung,privat,Offer,750,control,kleinwagen,2002,manuell,0,ka,125000,Jan,Gasoline,ford,No,2016-03-27 00:00:00,31655,2016-04-01 20:46:37,2016,2016,March,March,14,11
2016-03-30 15:52:22,Ford_Fusion_1.6_TDCI,privat,Offer,1000,test,kleinwagen,2006,manuell,90,fusion,150000,Nov,Diesel,ford,No,2016-03-30 00:00:00,42489,2016-04-03 05:47:09,2016,2016,March,March,10,1
2016-03-29 18:56:45,Ford_fiesta_diesel_gruene_plakette,privat,Offer,1100,control,kleinwagen,2002,manuell,68,fiesta,150000,Dec,,ford,Other,2016-03-29 00:00:00,47137,2016-04-04 03:47:06,2016,2016,March,March,14,0
2016-03-06 14:25:22,Ford_Fiesta_1.3,privat,Offer,2600,test,kleinwagen,2005,manuell,69,fiesta,90000,Jul,Gasoline,ford,No,2016-03-06 00:00:00,55126,2016-03-21 12:44:29,2016,2016,March,March,11,5
2016-03-28 19:48:02,Ford_Fiesta_1.4_TDCI,privat,Offer,3150,control,kleinwagen,2005,manuell,68,fiesta,150000,Sep,Diesel,ford,No,2016-03-28 00:00:00,30900,2016-04-07 02:16:50,2016,2016,March,March,11,3
2016-03-14 13:55:35,Ford_Fiesta_1.6_TDCi,privat,Offer,4800,test,kleinwagen,2009,manuell,0,fiesta,150000,Feb,Diesel,ford,No,2016-03-14 00:00:00,66701,2016-03-23 14:16:58,2016,2016,March,March,7,10
2016-03-22 20:52:28,Ford_Fiesta_Style_75ps_*Automatik*,privat,Offer,500,control,kleinwagen,1998,automatik,75,fiesta,125000,Mar,Gasoline,ford,Other,2016-03-22 00:00:00,26607,2016-04-02 16:17:59,2016,2016,March,March,18,9
2016-03-31 12:56:29,Ford_Fiesta_1.3___86000km_____1._Hand__,privat,Offer,3700,test,kleinwagen,2006,manuell,69,fiesta,90000,Mar,Gasoline,ford,No,2016-03-31 00:00:00,77933,2016-04-06 05:46:54,2016,2016,March,March,10,9
2016-03-08 16:36:24,Ford_Fiesta,privat,Offer,950,test,kleinwagen,2001,manuell,69,fiesta,150000,Mar,Gasoline,ford,Other,2016-03-08 00:00:00,66111,2016-03-10 11:18:14,2016,2016,March,March,15,9
2016-03-22 19:46:14,Ford_Fiesta_MK1_Oldtimer_Youngtimer,privat,Offer,2500,test,kleinwagen,1978,Unspecified,45,escort,125000,Sep,,ford,No,2016-03-22 00:00:00,99848,2016-04-06 12:44:30,2016,2016,March,March,38,3
2016-03-20 18:37:17,Ford_Ford_Fiesta_1.6____101_PS____Bastlerfahrzeug,privat,Offer,800,test,kleinwagen,2003,manuell,101,fiesta,125000,Oct,Gasoline,ford,Yes,2016-03-20 00:00:00,48619,2016-03-23 03:19:13,2016,2016,March,March,13,2
2016-03-12 23:51:16,Ford_Fiesta_1.3_Fun___8_fach_bereift,privat,Offer,3250,control,kleinwagen,2006,manuell,69,fiesta,90000,Jun,Gasoline,ford,No,2016-03-12 00:00:00,32425,2016-03-20 12:17:30,2016,2016,March,March,10,6
2016-03-15 20:56:45,Ford_Fiesta_2_tuerig__44kw,privat,Offer,400,test,kleinwagen,2000,manuell,0,fiesta,150000,May,Gasoline,ford,Yes,2016-03-15 00:00:00,42115,2016-03-15 20:56:45,2016,2016,March,March,16,7
2016-03-30 18:53:13,Ford_1.4_sehr_sauber...Tuev_bis_09.2017,privat,Offer,1299,test,kleinwagen,2004,manuell,79,fiesta,150000,Sep,Gasoline,ford,Yes,2016-03-30 00:00:00,63801,2016-04-05 07:49:47,2016,2016,March,March,12,3
2016-03-25 19:44:54,Ford_Ka___Guter_Zustand___TÜV_07/2017___viele_Neuteile,privat,Offer,1250,test,kleinwagen,2002,manuell,60,ka,90000,Feb,Gasoline,ford,No,2016-03-25 00:00:00,92224,2016-03-28 19:18:42,2016,2016,March,March,14,10
2016-04-01 16:50:44,Ford_Fiesta_1.3_Blues,privat,Offer,1100,control,kleinwagen,2005,manuell,60,fiesta,100000,Feb,Gasoline,ford,Yes,2016-04-01 00:00:00,64665,2016-04-03 13:18:15,2016,2016,April,April,11,10
2016-03-19 20:57:04,Ford_Fiesta_2.0_ST_mit_1_Jahr_und_5_Monate_TÜV,privat,Offer,2800,control,kleinwagen,2006,manuell,150,fiesta,150000,Mar,Gasoline,ford,No,2016-03-19 00:00:00,21706,2016-03-27 14:17:16,2016,2016,March,March,10,9
2016-03-08 01:58:27,Ford_Fiesta_Bj_2001,privat,Offer,1100,control,kleinwagen,2001,manuell,60,fiesta,125000,Jul,Gasoline,ford,No,2016-03-08 00:00:00,23568,2016-04-05 23:18:09,2016,2016,March,March,15,5
2016-03-14 12:50:48,Ford_Focus_Bj_01/2007,privat,Offer,3600,test,kleinwagen,2007,manuell,85,focus,150000,Jan,Gasoline,ford,Yes,2016-03-14 00:00:00,50739,2016-03-14 12:50:48,2016,2016,March,March,9,11
2016-03-19 11:50:17,Ford_Fiesta_Style_gepflegt_zuverlaessig_u.hat_noch_Tuev,privat,Offer,850,test,kleinwagen,1999,manuell,60,fiesta,125000,Sep,Gasoline,ford,No,2016-03-19 00:00:00,24223,2016-04-06 14:46:32,2016,2016,March,March,17,3
2016-03-09 17:45:31,Ford_Fiesta_JAS_mit_Klima!,privat,Offer,890,test,kleinwagen,1999,manuell,75,fiesta,150000,Sep,Gasoline,ford,No,2016-03-09 00:00:00,79591,2016-04-07 09:16:31,2016,2016,March,March,17,3
2016-03-27 11:51:10,Ford_Fiesta_St_150,privat,Offer,4990,test,kleinwagen,2006,manuell,150,fiesta,150000,Jun,Gasoline,ford,No,2016-03-27 00:00:00,66606,2016-04-07 07:16:09,2016,2016,March,March,10,6
2016-03-14 18:53:16,Ford_Fiesta_Sport_Style,privat,Offer,300,test,kleinwagen,1999,manuell,75,fiesta,150000,Jun,Gasoline,ford,Yes,2016-03-14 00:00:00,23909,2016-04-06 03:16:51,2016,2016,March,March,17,6
2016-03-08 00:38:15,Ford_Fiesta_V_1.4_Tdci_Facelift_Diesel_sparsam,privat,Offer,2800,control,kleinwagen,2008,manuell,68,Other,150000,May,Diesel,ford,Other,2016-03-07 00:00:00,14542,2016-04-07 11:45:32,2016,2016,March,March,8,7
2016-04-01 15:42:07,Ford_Focus_1.4_Ambiente___TÜV_10/16__,privat,Offer,990,test,kleinwagen,2003,manuell,75,focus,150000,Sep,Gasoline,ford,No,2016-04-01 00:00:00,24534,2016-04-07 12:46:31,2016,2016,April,April,13,3
2016-03-09 16:37:16,"Ford_Fiesta_""gepflegt""_TOP""",privat,Offer,900,test,kleinwagen,1999,manuell,54,fiesta,150000,Jan,Gasoline,ford,No,2016-03-09 00:00:00,48157,2016-03-11 12:15:34,2016,2016,March,March,17,11
2016-04-03 14:37:20,Ford_Fiesta_1.3,privat,Offer,1350,test,kleinwagen,2002,manuell,60,fiesta,150000,Dec,Gasoline,ford,No,2016-04-03 00:00:00,84489,2016-04-05 13:18:04,2016,2016,April,April,14,0
2016-04-01 18:37:32,Ford_Focus_1.6,privat,Offer,1200,control,kleinwagen,2000,manuell,101,focus,150000,May,Gasoline,ford,No,2016-04-01 00:00:00,30459,2016-04-05 14:16:50,2016,2016,April,April,16,7
2016-03-12 15:49:46,Ford_ka_als_basler_auto,privat,Offer,400,control,kleinwagen,1997,manuell,45,Other,125000,Mar,Gasoline,ford,Yes,2016-03-12 00:00:00,26639,2016-03-14 07:46:15,2016,2016,March,March,19,9
2016-03-05 19:44:58,Ford_Focus_Finesse,privat,Offer,1400,test,kleinwagen,2001,manuell,115,focus,125000,Nov,,ford,No,2016-03-05 00:00:00,14772,2016-03-05 20:46:51,2016,2016,March,March,15,1
2016-03-25 00:57:04,FORD_KA__TÜV_3_2018__VOLLAUSSATTUNG_LEDER_KLIMA_FUNK_ZV,privat,Offer,1200,control,kleinwagen,2001,manuell,60,ka,150000,Mar,Gasoline,ford,No,2016-03-24 00:00:00,52064,2016-04-04 05:47:41,2016,2016,March,March,15,9
2016-04-02 19:45:46,Ford_Fiesta_1.25i_16V,privat,Offer,500,control,kleinwagen,1996,manuell,75,fiesta,125000,Jun,Gasoline,ford,No,2016-04-02 00:00:00,53757,2016-04-02 19:45:46,2016,2016,April,April,20,6
2016-03-20 17:53:25,Ford_Fiesta_1_3_fuer_Bastler,privat,Offer,400,test,kleinwagen,2001,manuell,50,fiesta,150000,Jul,Gasoline,ford,Other,2016-03-20 00:00:00,26215,2016-03-21 21:17:06,2016,2016,March,March,15,5
2016-04-01 09:46:20,Ford_Ka_Euro_4,privat,Offer,155,test,kleinwagen,2004,manuell,60,ka,150000,Mar,Gasoline,ford,Other,2016-04-01 00:00:00,94104,2016-04-07 06:16:37,2016,2016,April,April,12,9
2016-03-13 13:39:16,Ford_fiesta,privat,Offer,2500,test,kleinwagen,2003,manuell,65,fiesta,150000,Mar,Diesel,ford,Other,2016-03-13 00:00:00,50859,2016-04-04 14:44:24,2016,2016,March,March,13,9
2016-03-20 23:48:44,Anfaenger_oder_Winter_Auto,privat,Offer,1000,control,kleinwagen,2000,manuell,60,fiesta,150000,Jun,Gasoline,ford,No,2016-03-20 00:00:00,74592,2016-03-30 19:46:19,2016,2016,March,March,16,6
2016-04-01 18:39:38,Ford_Fiesta_1_3_tuev_bis_01.11.2016_festpreis,privat,Offer,590,control,kleinwagen,1999,manuell,60,fiesta,150000,Jun,Gasoline,ford,No,2016-04-01 00:00:00,59067,2016-04-01 18:39:38,2016,2016,April,April,17,6
2016-04-01 08:36:56,Ford_Fiesta_1.4_TDCI,privat,Offer,2599,test,kleinwagen,2006,manuell,68,fiesta,100000,Jun,Diesel,ford,No,2016-04-01 00:00:00,2953,2016-04-01 09:48:22,2016,2016,April,April,10,6
2016-03-09 17:36:42,Fahrbereiter_Ford_ka,privat,Offer,250,test,kleinwagen,1997,manuell,0,ka,150000,Feb,Gasoline,ford,Yes,2016-03-09 00:00:00,12619,2016-03-09 17:36:42,2016,2016,March,March,19,10
2016-03-29 09:54:36,Ford_Fiesta_1.6__TÜV_2018___Unfall,privat,Offer,1300,test,kleinwagen,2005,manuell,90,fiesta,150000,Mar,Diesel,ford,Other,2016-03-29 00:00:00,30827,2016-03-29 10:39:04,2016,2016,March,March,11,9
2016-03-06 23:21:24,Ford_Fiesta,privat,Offer,700,control,kleinwagen,2002,manuell,80,fiesta,150000,Jan,Gasoline,ford,No,2016-03-06 00:00:00,65597,2016-03-07 11:48:27,2016,2016,March,March,14,11
2016-03-09 19:55:51,Ford_fiesta_gfj__an_Bastler_oder_zum_schlachten,privat,Offer,100,test,kleinwagen,1989,manuell,50,Other,150000,May,Gasoline,ford,Yes,2016-03-09 00:00:00,27432,2016-03-23 13:51:03,2016,2016,March,March,27,7
2016-03-13 01:57:00,Ford_Ka_8_fach_Bereift_mit_TÜV,privat,Offer,1000,control,kleinwagen,2004,manuell,60,ka,150000,Sep,Gasoline,ford,No,2016-03-13 00:00:00,63791,2016-04-06 13:46:41,2016,2016,March,March,12,3
2016-03-15 18:36:58,Ford_Fiesta_an_Bastler,privat,Offer,200,control,kleinwagen,1996,manuell,0,fiesta,100000,Jan,Gasoline,ford,Yes,2016-03-15 00:00:00,47608,2016-03-16 16:15:50,2016,2016,March,March,20,11
2016-03-16 16:47:04,Ford_Fiesta_Bj._2000__TÜV_2017__Klima,privat,Offer,800,control,kleinwagen,2000,manuell,60,Other,125000,Dec,Gasoline,ford,No,2016-03-16 00:00:00,6846,2016-03-25 16:19:04,2016,2016,March,March,16,0
2016-04-05 00:54:34,Ford_Ka_mit_Tuev,privat,Offer,470,control,kleinwagen,1999,manuell,50,ka,70000,Jan,Gasoline,ford,Other,2016-04-04 00:00:00,51371,2016-04-05 07:41:32,2016,2016,April,April,17,11
2016-03-28 20:52:52,Ford_Fusion_1.6_L_Trend___Sehr_gepflegt,privat,Offer,2650,control,kleinwagen,2003,manuell,100,fusion,150000,Jan,Gasoline,ford,No,2016-03-28 00:00:00,33615,2016-04-07 03:44:40,2016,2016,March,March,13,11
2016-03-10 23:54:22,Ford_Focus,privat,Offer,350,test,kleinwagen,1999,manuell,75,focus,150000,Jan,,ford,Yes,2016-03-10 00:00:00,66787,2016-03-23 22:47:40,2016,2016,March,March,17,11
2016-03-27 14:50:20,Ford_Ka_Futura,privat,Offer,950,control,kleinwagen,2000,manuell,60,ka,125000,Mar,Gasoline,ford,No,2016-03-27 00:00:00,53501,2016-03-27 14:50:20,2016,2016,March,March,16,9
2016-03-19 14:53:07,Ford_Ka__EZ_06/2003__zu_verkaufen,privat,Offer,500,test,kleinwagen,2003,manuell,60,ka,150000,Jun,Gasoline,ford,Yes,2016-03-19 00:00:00,78467,2016-04-06 22:45:41,2016,2016,March,March,13,6
2016-03-25 18:38:39,Ford_Fiesta_1.3__8_fach_bereift__Sitzhzg.__Bluetooth,privat,Offer,2750,test,kleinwagen,2004,manuell,69,fiesta,150000,Jul,Gasoline,ford,No,2016-03-25 00:00:00,90763,2016-03-28 18:17:10,2016,2016,March,March,12,5
2016-03-23 08:32:28,Ford_Fusion_1.4_Bj.11/_2003_mit_Tuev__Automatik,privat,Offer,1850,test,kleinwagen,2003,manuell,80,fusion,150000,Nov,Gasoline,ford,No,2016-03-23 00:00:00,65620,2016-03-25 02:29:15,2016,2016,March,March,13,1
2016-03-16 17:52:15,Ford_Fiesta_1.3_Tuev_neu_!!,privat,Offer,1599,control,kleinwagen,2002,manuell,60,fiesta,150000,Oct,Gasoline,ford,No,2016-03-16 00:00:00,26133,2016-04-02 23:19:54,2016,2016,March,March,14,2
2016-03-13 14:48:15,Ford_Fiesta_1.6_Ghia,privat,Offer,2900,test,kleinwagen,2006,manuell,101,fiesta,150000,Jun,Gasoline,ford,No,2016-03-13 00:00:00,73614,2016-04-06 16:17:13,2016,2016,March,March,10,6
2016-03-30 14:52:13,Ford_durch_Platzmangel_abzugeben,privat,Offer,300,control,kleinwagen,1998,manuell,0,fiesta,150000,Jan,Gasoline,ford,Yes,2016-03-30 00:00:00,26683,2016-04-03 04:45:27,2016,2016,March,March,18,11
2016-03-29 11:38:18,Ford_Ka,privat,Offer,1450,test,kleinwagen,2006,manuell,60,ka,150000,Jun,Gasoline,ford,No,2016-03-29 00:00:00,41239,2016-04-01 22:19:18,2016,2016,March,March,10,6
2016-03-20 20:58:06,Ford_Fusion_1.6_Viva,privat,Offer,2350,test,kleinwagen,2004,manuell,101,fusion,150000,Jul,Gasoline,ford,No,2016-03-20 00:00:00,33154,2016-03-20 21:39:37,2016,2016,March,March,12,5
2016-03-20 17:42:06,Ford_Ka_1.3_mit_Tuev_bis_02.2017,privat,Offer,1750,test,kleinwagen,2007,manuell,69,ka,60000,Jun,Gasoline,ford,No,2016-03-20 00:00:00,74564,2016-03-21 18:48:06,2016,2016,March,March,9,6
2016-03-19 04:43:27,Ford_Fiesta_Neu_Tuev_!!!WOCHENENDPREIS_990_!!!,privat,Offer,950,test,kleinwagen,2001,manuell,60,fiesta,150000,Mar,Gasoline,ford,No,2016-03-15 00:00:00,24340,2016-03-28 12:47:31,2016,2016,March,March,15,9
2016-03-16 19:50:00,Ford_Ka_1.3_TDCi_Titanium,privat,Offer,5300,test,kleinwagen,2009,manuell,75,ka,80000,Dec,Diesel,ford,No,2016-03-16 00:00:00,23560,2016-04-05 02:46:18,2016,2016,March,March,7,0
2016-03-20 09:58:01,Ford_Fiesta_1.4_Ambiente,privat,Offer,2500,control,kleinwagen,2004,manuell,80,fiesta,125000,Jan,Gasoline,ford,No,2016-03-20 00:00:00,57439,2016-04-06 06:45:41,2016,2016,March,March,12,11
2016-03-14 03:52:01,Ford_Fiesta_Automatik_+Teilespender,privat,Offer,300,test,kleinwagen,1994,automatik,44,fiesta,125000,Feb,Gasoline,ford,Other,2016-03-13 00:00:00,12207,2016-04-07 06:15:50,2016,2016,March,March,22,10
2016-03-21 13:50:41,Ford_Fiesta_1.4_TDCI_Style_TÜV/_NEU,privat,Offer,3480,test,kleinwagen,2008,manuell,68,fiesta,150000,May,Diesel,ford,No,2016-03-21 00:00:00,45357,2016-03-25 10:44:29,2016,2016,March,March,8,7
2016-03-29 16:52:05,Ford_Fiesta_Bj_2007_TÜV_bis_10/2016,privat,Offer,2400,control,kleinwagen,2007,manuell,0,fiesta,150000,Nov,Diesel,ford,Other,2016-03-29 00:00:00,31157,2016-04-06 02:45:02,2016,2016,March,March,9,1
2016-03-21 10:47:14,Ford_Fiesta_1.4_Tuev_ganz_neu_!,privat,Offer,1850,test,kleinwagen,2003,manuell,80,fiesta,150000,May,Gasoline,ford,No,2016-03-21 00:00:00,41472,2016-03-25 06:46:15,2016,2016,March,March,13,7
2016-04-01 21:39:38,Ford_Fiesta_Baujahr_2002,privat,Offer,1150,test,kleinwagen,2002,manuell,50,fiesta,150000,Jun,Gasoline,ford,No,2016-04-01 00:00:00,21107,2016-04-05 19:15:57,2016,2016,April,April,14,6
2016-04-02 22:37:39,FORD_FIESTA_TÜV_10/2017_Klima,privat,Offer,1999,test,kleinwagen,2004,manuell,60,Other,150000,Oct,Gasoline,ford,Other,2016-04-02 00:00:00,31234,2016-04-07 00:45:43,2016,2016,April,April,12,2
2016-03-27 14:52:49,Ford_fiesta_fahrbereit,privat,Offer,250,control,kleinwagen,1994,manuell,60,fiesta,90000,Feb,Gasoline,ford,Other,2016-03-27 00:00:00,26897,2016-04-03 10:46:17,2016,2016,March,March,22,10
2016-03-08 23:58:39,Ford_Fiesta_Style,privat,Offer,190,control,kleinwagen,1999,manuell,55,fiesta,150000,May,Gasoline,ford,Yes,2016-03-08 00:00:00,35091,2016-03-14 08:15:41,2016,2016,March,March,17,7
2016-03-31 21:06:17,Ford_ka_gepflegter_Zustand,privat,Offer,850,test,kleinwagen,2001,manuell,0,ka,125000,Aug,Gasoline,ford,No,2016-03-31 00:00:00,65835,2016-04-01 19:21:09,2016,2016,March,March,15,4
2016-04-01 19:44:05,Ford_Fiesta._Top_Zustand,privat,Offer,4500,control,kleinwagen,2008,manuell,80,fiesta,90000,Jun,Gasoline,ford,Other,2016-04-01 00:00:00,23777,2016-04-05 11:52:57,2016,2016,April,April,8,6
2016-03-27 13:45:10,Anfaenger_Auto,privat,Offer,1000,test,kleinwagen,1996,manuell,45,fiesta,150000,Dec,Gasoline,ford,No,2016-03-27 00:00:00,49143,2016-04-07 09:16:57,2016,2016,March,March,20,0
2016-04-04 16:57:55,Ford_Fiesta,privat,Offer,700,test,kleinwagen,1999,manuell,90,fiesta,150000,Aug,Gasoline,ford,No,2016-04-04 00:00:00,48317,2016-04-06 18:47:03,2016,2016,April,April,17,4
2016-03-10 12:46:28,Ford_Puma_TÜV_neu;_Navi;_8Fach,privat,Offer,1399,test,kleinwagen,2000,manuell,90,andere,125000,Mar,Gasoline,ford,No,2016-03-10 00:00:00,30926,2016-03-20 21:15:42,2016,2016,March,March,16,9
2016-03-12 22:53:02,Ford_Fiesta_1.3_Ambiente,privat,Offer,2550,control,kleinwagen,2007,manuell,69,fiesta,125000,Aug,Gasoline,ford,No,2016-03-12 00:00:00,49744,2016-03-23 20:45:06,2016,2016,March,March,9,4
2016-03-07 18:50:01,Ford_Ka,privat,Offer,500,control,kleinwagen,2001,manuell,60,ka,150000,Mar,Gasoline,ford,No,2016-03-07 00:00:00,74523,2016-03-20 20:48:32,2016,2016,March,March,15,9
2016-03-23 17:43:38,Ford_Fiesta_1.4,privat,Offer,1590,control,kleinwagen,2004,manuell,80,fiesta,150000,Feb,Gasoline,ford,Other,2016-03-23 00:00:00,83024,2016-03-29 12:46:11,2016,2016,March,March,12,10
2016-04-01 15:47:57,Er_laeuft_und_Laeuft_und_Laeuft......,privat,Offer,888,test,kleinwagen,2002,manuell,55,fiesta,150000,Feb,Gasoline,ford,No,2016-04-01 00:00:00,18556,2016-04-05 10:47:35,2016,2016,April,April,14,10
2016-03-10 17:48:26,Ford_Fiesta_1.6_Trend,privat,Offer,1450,control,kleinwagen,2004,manuell,101,fiesta,150000,May,Gasoline,ford,No,2016-03-10 00:00:00,50827,2016-03-12 08:44:11,2016,2016,March,March,12,7
2016-03-25 10:06:20,Ford_Focus_1.6l,privat,Offer,2000,test,kleinwagen,2001,manuell,101,focus,150000,Jun,Gasoline,ford,No,2016-03-25 00:00:00,56203,2016-04-06 13:46:52,2016,2016,March,March,15,6
2016-03-11 09:52:33,Ford_Fiesta_1.3_Ambiente,privat,Offer,1200,control,kleinwagen,2003,manuell,60,fiesta,150000,Nov,Gasoline,ford,No,2016-03-11 00:00:00,16515,2016-03-30 08:15:22,2016,2016,March,March,13,1
2016-03-29 13:45:37,Ford_Focus_DBW,privat,Offer,0,control,kleinwagen,2002,manuell,100,Other,150000,Oct,Diesel,ford,Other,2016-03-29 00:00:00,41836,2016-04-05 22:47:34,2016,2016,March,March,14,2
2016-03-28 21:57:00,Ford_Ka_1.3i__*Klima*_Tuev_bis_03.2018.,privat,Offer,1150,control,kleinwagen,2002,manuell,60,ka,150000,Nov,Gasoline,ford,No,2016-03-28 00:00:00,53894,2016-04-01 08:46:23,2016,2016,March,March,14,1
2016-03-16 11:45:51,Ford_Fiesta,privat,Offer,499,test,kleinwagen,1991,manuell,50,fiesta,150000,Mar,Gasoline,ford,No,2016-03-16 00:00:00,54518,2016-03-17 09:16:14,2016,2016,March,March,25,9
2016-03-16 15:53:15,Verkaufe_meinen_ford_ka_tuev_neu_leder_klima,privat,Offer,1650,test,kleinwagen,2003,manuell,60,ka,125000,May,Gasoline,ford,No,2016-03-16 00:00:00,30880,2016-03-19 13:50:17,2016,2016,March,March,13,7
2016-03-16 16:38:14,Ford_Fiesta_Klima/Servo/ZV/Airbags/TÜV,privat,Offer,1666,control,kleinwagen,2002,manuell,60,fiesta,100000,Jul,Gasoline,ford,No,2016-03-16 00:00:00,4179,2016-04-06 20:18:03,2016,2016,March,March,14,5
2016-03-28 17:44:25,Fiesta_zum_Ausschlachten_oder_wiederaufbauen,privat,Offer,180,test,kleinwagen,1991,manuell,50,fiesta,150000,Apr,Gasoline,ford,Yes,2016-03-28 00:00:00,51515,2016-04-06 23:16:04,2016,2016,March,March,25,8
2016-03-06 23:49:24,Tuev_bis_12/2016,privat,Offer,449,control,kleinwagen,1999,manuell,60,fiesta,150000,Jan,Gasoline,ford,No,2016-03-06 00:00:00,53773,2016-03-30 06:46:22,2016,2016,March,March,17,11
2016-03-18 21:37:17,Ford_Fiesta,privat,Offer,400,control,kleinwagen,1998,manuell,75,fiesta,150000,Mar,,ford,No,2016-03-18 00:00:00,26655,2016-03-20 05:47:30,2016,2016,March,March,18,9
2016-03-20 21:54:37,Ford_Fiesta_1.4_TDCI_Ambiente,privat,Offer,2900,test,kleinwagen,2006,manuell,68,fiesta,150000,Dec,Diesel,ford,No,2016-03-20 00:00:00,70499,2016-03-29 01:17:57,2016,2016,March,March,10,0
2016-03-05 20:42:50,Ford_KA_Trend,privat,Offer,0,control,kleinwagen,2009,manuell,69,ka,50000,Jan,Gasoline,ford,No,2016-03-05 00:00:00,85591,2016-03-08 08:16:00,2016,2016,March,March,7,11
2016-03-05 20:56:42,Ford_Fiesta_1.4,privat,Offer,2800,control,kleinwagen,2005,manuell,80,fiesta,125000,May,Gasoline,ford,No,2016-03-05 00:00:00,68782,2016-03-07 16:15:21,2016,2016,March,March,11,7
2016-03-14 15:46:26,Ford_Fiesta_1_4_16V,privat,Offer,800,control,kleinwagen,2006,manuell,80,fiesta,150000,Jan,Gasoline,ford,Yes,2016-03-14 00:00:00,66359,2016-03-14 15:46:26,2016,2016,March,March,10,11
2016-03-14 12:57:04,Ford_Fiesta_TÜV_neu,privat,Offer,1050,test,kleinwagen,2001,manuell,60,fiesta,150000,Oct,Gasoline,ford,No,2016-03-14 00:00:00,74564,2016-03-15 07:17:32,2016,2016,March,March,15,2
2016-03-28 18:25:43,Ford_Fiesta_1_4_ghia,privat,Offer,180,test,kleinwagen,1998,manuell,0,fiesta,150000,Jan,Gasoline,ford,Other,2016-03-28 00:00:00,55128,2016-04-07 03:15:39,2016,2016,March,March,18,11
2016-03-10 17:38:20,Ford_Ka_Royal,privat,Offer,1250,control,kleinwagen,2004,manuell,69,ka,125000,Nov,Gasoline,ford,No,2016-03-10 00:00:00,51103,2016-03-31 01:46:33,2016,2016,March,March,12,1
2016-03-18 19:46:55,Ford_Ka_1.2_KLIMA,privat,Offer,4200,control,kleinwagen,2009,manuell,69,ka,100000,Jun,Gasoline,ford,No,2016-03-18 00:00:00,88400,2016-03-31 06:15:34,2016,2016,March,March,7,6
2016-03-15 00:42:35,Ford_Fiesta_Mk4,privat,Offer,275,test,kleinwagen,1998,manuell,60,fiesta,100000,Jan,Gasoline,ford,Other,2016-03-14 00:00:00,21354,2016-03-25 20:46:27,2016,2016,March,March,18,11
2016-04-02 19:54:06,Ford_Fiesta_Ghia_Automatik_TÜV_neu,privat,Offer,4200,control,kleinwagen,2007,automatik,80,fiesta,125000,Jun,Gasoline,ford,No,2016-04-02 00:00:00,25482,2016-04-06 20:17:27,2016,2016,April,April,9,6
2016-03-29 18:58:50,FORD_Ka_Tuev_bis_08/2016,privat,Offer,200,control,kleinwagen,1998,manuell,60,ka,150000,Oct,Gasoline,ford,Yes,2016-03-29 00:00:00,82140,2016-04-06 05:17:34,2016,2016,March,March,18,2
2016-03-18 10:51:46,Ford_Ka,privat,Offer,1199,control,kleinwagen,2000,manuell,0,ka,100000,Mar,Gasoline,ford,No,2016-03-18 00:00:00,70374,2016-03-25 01:46:08,2016,2016,March,March,16,9
2016-04-01 14:52:48,Ford_fiesta_bastlerauto,privat,Offer,100,test,kleinwagen,1995,automatik,0,focus,70000,Apr,Gasoline,ford,Yes,2016-04-01 00:00:00,26345,2016-04-03 11:16:15,2016,2016,April,April,21,8
2016-03-08 16:49:14,Ford_Fiesta_GFJ_1.3_TÜV_03/2018,privat,Offer,500,test,kleinwagen,1994,manuell,60,fiesta,150000,Nov,Gasoline,ford,No,2016-03-08 00:00:00,54311,2016-03-15 20:44:45,2016,2016,March,March,22,1
2016-04-04 13:50:05,Ford_Ka_1.2_1.Hand_mit_Einparkhilfe,privat,Offer,4250,control,kleinwagen,2009,manuell,69,ka,90000,Jul,Gasoline,ford,No,2016-04-04 00:00:00,64665,2016-04-06 15:16:28,2016,2016,April,April,7,5
2016-03-19 16:50:15,Ford_ka_1.3,privat,Offer,200,test,kleinwagen,1998,manuell,62,ka,100000,Jan,Gasoline,ford,Other,2016-03-19 00:00:00,82216,2016-04-07 02:46:14,2016,2016,March,March,18,11
2016-04-04 15:53:49,Ford_Escort,privat,Offer,500,test,kleinwagen,1996,manuell,0,escort,80000,Jan,Gasoline,ford,Other,2016-04-04 00:00:00,45883,2016-04-04 15:53:49,2016,2016,April,April,20,11
2016-03-28 16:37:42,Ford_Fiesta_1_4_l_TDCi__LKW_Zulassung,privat,Offer,3250,test,kleinwagen,2008,manuell,68,fiesta,100000,May,Diesel,ford,No,2016-03-28 00:00:00,76532,2016-03-30 07:44:59,2016,2016,March,March,8,7
2016-03-31 13:45:06,Ford_Fiesta_1.3,privat,Offer,1150,control,kleinwagen,2001,manuell,0,fiesta,150000,Jan,Gasoline,ford,No,2016-03-31 00:00:00,48153,2016-03-31 13:45:06,2016,2016,March,March,15,11
2016-03-18 10:47:58,Ford_Ka_zu_verkaufen,privat,Offer,450,control,kleinwagen,2000,manuell,0,ka,70000,May,Gasoline,ford,No,2016-03-18 00:00:00,3253,2016-03-27 22:47:17,2016,2016,March,March,16,7
2016-03-10 22:42:49,Ford_Fiesta_2.0_ST,privat,Offer,5555,control,kleinwagen,2005,manuell,150,fiesta,100000,Aug,Gasoline,ford,No,2016-03-10 00:00:00,53639,2016-04-07 00:44:50,2016,2016,March,March,11,4
2016-03-30 12:53:12,Ford_Fiesta,privat,Offer,200,control,kleinwagen,2001,manuell,50,fiesta,125000,May,Gasoline,ford,Yes,2016-03-30 00:00:00,9322,2016-04-07 03:44:58,2016,2016,March,March,15,7
2016-03-13 20:06:16,Ford_Fiesta_1.6_TDCi,privat,Offer,4300,test,kleinwagen,2008,manuell,90,fiesta,150000,Nov,Diesel,ford,No,2016-03-13 00:00:00,65933,2016-03-23 22:19:20,2016,2016,March,March,8,1
2016-03-15 08:50:34,Ford_Ka_Anfaenger_Auto_sofort_fahrbereit,privat,Offer,500,test,kleinwagen,1998,manuell,50,ka,90000,May,,ford,No,2016-03-15 00:00:00,4626,2016-03-18 01:17:23,2016,2016,March,March,18,7
2016-03-11 00:52:12,Ford_Fiesta,privat,Offer,1200,test,kleinwagen,2000,manuell,0,Other,80000,May,,ford,No,2016-03-10 00:00:00,80809,2016-03-17 07:16:18,2016,2016,March,March,16,7
2016-03-31 15:55:12,ford_focus,privat,Offer,1500,control,kleinwagen,1998,manuell,84,focus,150000,Dec,Gasoline,ford,No,2016-03-31 00:00:00,32602,2016-04-06 08:46:27,2016,2016,March,March,18,0
2016-03-16 20:38:25,Ford_Ka_TÜV_AU_Neu_Alu_sehr_guter_Zustand,privat,Offer,1500,control,kleinwagen,2003,manuell,60,ka,125000,Mar,Gasoline,ford,No,2016-03-16 00:00:00,51580,2016-03-24 15:15:35,2016,2016,March,March,13,9
2016-03-23 20:58:34,Ford_Fiesta_1.3_Ambiente,privat,Offer,2800,test,kleinwagen,2006,manuell,60,fiesta,125000,Jun,Gasoline,ford,No,2016-03-23 00:00:00,27751,2016-03-25 06:15:16,2016,2016,March,March,10,6
2016-03-20 11:50:36,Ford_Fiesta_1.4_TDCI,privat,Offer,2400,control,kleinwagen,2005,manuell,68,fiesta,150000,Jan,Diesel,ford,No,2016-03-20 00:00:00,65614,2016-03-31 20:45:37,2016,2016,March,March,11,11
2016-03-16 20:51:36,Ford_Fiesta_Style_Family,privat,Offer,500,control,kleinwagen,1999,manuell,60,fiesta,70000,May,Gasoline,ford,Yes,2016-03-16 00:00:00,66809,2016-04-07 07:45:51,2016,2016,March,March,17,7
2016-03-17 13:50:46,Ford_Ka_1.2_Start_Stopp_System_Titanium,privat,Offer,4300,control,kleinwagen,2011,manuell,69,ka,90000,Jan,Gasoline,ford,No,2016-03-17 00:00:00,63762,2016-03-17 13:50:46,2016,2016,March,March,5,11
2016-04-06 14:06:17,Ford_Fiesta,privat,Offer,350,test,kleinwagen,2002,manuell,0,fiesta,125000,Jan,Gasoline,ford,No,2016-04-06 00:00:00,60433,2016-04-06 14:06:17,2016,2016,April,April,14,11
2016-03-30 13:49:16,Ford_Fiesta_1.4,privat,Offer,849,test,kleinwagen,2006,manuell,80,fiesta,70000,Jan,Gasoline,ford,Yes,2016-03-30 00:00:00,66687,2016-04-07 04:44:46,2016,2016,March,March,10,11
2016-03-23 12:52:18,Ford_Ka_Royal___8_x_Reifen,privat,Offer,900,control,kleinwagen,2002,manuell,60,ka,70000,Feb,Gasoline,ford,No,2016-03-23 00:00:00,74821,2016-04-05 12:45:12,2016,2016,March,March,14,10
2016-03-30 22:56:02,Fiesta_1.3_5_Tuerer_Klima_Sitzheizung_68000km_Scheckheft,privat,Offer,1999,control,kleinwagen,2005,manuell,44,Other,70000,May,Gasoline,ford,Other,2016-03-30 00:00:00,12051,2016-03-31 01:42:11,2016,2016,March,March,11,7
2016-03-12 15:41:57,Ford_Fiesta,privat,Offer,400,control,kleinwagen,1998,Unspecified,75,fiesta,150000,Mar,Gasoline,ford,No,2016-03-12 00:00:00,26655,2016-03-12 15:41:57,2016,2016,March,March,18,9
2016-03-16 21:47:56,Ford_Ka_1.2_Titanium,privat,Offer,5500,control,kleinwagen,2010,manuell,69,ka,70000,Feb,Gasoline,ford,No,2016-03-16 00:00:00,72658,2016-04-07 09:46:11,2016,2016,March,March,6,10
2016-03-21 21:53:51,Ford_Fiesta_1.25_5_Tuerer__Alu__Klima__Aux__Scheckheft,privat,Offer,4999,control,kleinwagen,2010,manuell,82,fiesta,125000,May,Gasoline,ford,No,2016-03-21 00:00:00,23714,2016-04-05 00:15:39,2016,2016,March,March,6,7
2016-04-04 22:53:42,Ford_Fiesta,privat,Offer,500,test,kleinwagen,2001,manuell,60,fiesta,150000,May,Gasoline,ford,Yes,2016-04-04 00:00:00,91438,2016-04-07 02:17:20,2016,2016,April,April,15,7
2016-04-06 09:06:31,!!!_Ford_Ka_bj_2004_!!!,privat,Offer,890,control,kleinwagen,2004,manuell,0,ka,125000,Oct,Gasoline,ford,Other,2016-04-06 00:00:00,55494,2016-04-06 09:25:23,2016,2016,April,April,12,2
2016-04-01 14:37:37,Ford_1.4schechheftgeflegt_120000_km_Tuev_neu_Gruen_plak,privat,Offer,3750,test,kleinwagen,2004,manuell,68,fusion,125000,May,Diesel,ford,No,2016-04-01 00:00:00,45355,2016-04-07 11:17:37,2016,2016,April,April,12,7
2016-03-13 00:58:50,Ford_Ka,privat,Offer,1600,control,kleinwagen,2003,Unspecified,60,ka,80000,Feb,Gasoline,ford,No,2016-03-12 00:00:00,97076,2016-04-06 13:17:19,2016,2016,March,March,13,10
2016-04-04 16:51:26,Ford_Fiesta_1.3__1te_Hand__Euro_4__Tuev_09_2016,privat,Offer,800,test,kleinwagen,2005,manuell,60,fiesta,150000,Aug,Gasoline,ford,Yes,2016-04-04 00:00:00,95173,2016-04-06 18:46:31,2016,2016,April,April,11,4
2016-03-16 19:39:40,Verkaufe_Ford_wie_auf_den_Bildern_zu_sehen,privat,Offer,5600,test,kleinwagen,2009,manuell,82,fiesta,90000,Jan,,ford,No,2016-03-16 00:00:00,6193,2016-03-17 18:15:44,2016,2016,March,March,7,11
2016-03-27 22:48:39,Jahressteuer_nur_26__zugelassen_Servo_CD_Bordcomputer_Alufelgen,privat,Offer,3590,test,kleinwagen,2009,manuell,69,ka,125000,May,Gasoline,ford,No,2016-03-27 00:00:00,37520,2016-04-05 22:46:52,2016,2016,March,March,7,7
2016-03-22 00:59:25,FORD_KA_Top_gepflegt,privat,Offer,500,control,kleinwagen,1999,manuell,50,ka,70000,Sep,Gasoline,ford,No,2016-03-21 00:00:00,57392,2016-03-22 07:46:05,2016,2016,March,March,17,3
2016-03-21 21:45:45,Escort_Freunde_aufgepasst!!!,privat,Offer,180,control,kleinwagen,1995,manuell,60,escort,125000,Jan,Gasoline,ford,Yes,2016-03-21 00:00:00,46119,2016-03-23 03:19:12,2016,2016,March,March,21,11
2016-04-04 22:56:46,Ford_Ka_1.2_Start_Stopp_System_Titanium,privat,Offer,5700,test,kleinwagen,2011,manuell,69,ka,70000,Sep,Gasoline,ford,No,2016-04-04 00:00:00,58453,2016-04-07 01:46:12,2016,2016,April,April,5,3
2016-03-15 09:55:42,Ford_Fiesta__Kleinwagen,privat,Offer,2199,control,kleinwagen,2005,manuell,69,fiesta,150000,Aug,Gasoline,ford,No,2016-03-15 00:00:00,19412,2016-04-05 18:44:36,2016,2016,March,March,11,4
2016-04-04 09:50:39,Ford_Fiesta_1.4_Ghia,privat,Offer,3600,test,kleinwagen,2003,manuell,80,fiesta,40000,Oct,Gasoline,ford,No,2016-04-04 00:00:00,35792,2016-04-05 12:14:37,2016,2016,April,April,13,2
2016-03-30 00:59:21,Ford_Fiesta_1.3,privat,Offer,2299,test,kleinwagen,2005,manuell,0,fiesta,125000,Feb,Gasoline,ford,No,2016-03-30 00:00:00,64291,2016-03-30 08:43:15,2016,2016,March,March,11,10
2016-03-19 11:49:18,Ford_Fiesta_Flair__Servo_Tuev_10/2017_original_108000_km_mit_Klima,privat,Offer,750,test,kleinwagen,1997,manuell,60,fiesta,125000,Feb,Gasoline,ford,No,2016-03-19 00:00:00,58099,2016-03-19 11:49:18,2016,2016,March,March,19,10
2016-04-02 08:53:08,Gepflegter_Ford_Ka_1.3,privat,Offer,1300,control,kleinwagen,2006,manuell,70,ka,125000,Jun,Gasoline,ford,No,2016-04-02 00:00:00,4880,2016-04-06 07:15:24,2016,2016,April,April,10,6
2016-03-30 16:42:51,Ford_Ka_ohne_Tuev,privat,Offer,230,test,kleinwagen,2002,Unspecified,0,ka,125000,Jan,Gasoline,ford,Other,2016-03-30 00:00:00,66740,2016-03-30 16:42:51,2016,2016,March,March,14,11
2016-03-12 13:51:24,Ford_Fiesta_1.25_Trend___Klima__ZV__El.FH__Radio_CD__MFL__AUX,privat,Offer,5200,control,kleinwagen,2010,manuell,82,fiesta,125000,Jul,Gasoline,ford,Other,2016-03-12 00:00:00,49152,2016-03-12 13:51:24,2016,2016,March,March,6,5
2016-03-12 19:43:22,Ford_Ka,privat,Offer,900,test,kleinwagen,2005,manuell,0,ka,150000,Jun,Gasoline,ford,Yes,2016-03-12 00:00:00,68309,2016-03-16 01:44:42,2016,2016,March,March,11,6
2016-03-26 18:50:19,Ford_Ka_1_3_mit_58.050_Km_in_gutem_Zustand,privat,Offer,2490,test,kleinwagen,2007,manuell,69,ka,60000,Mar,Gasoline,ford,No,2016-03-26 00:00:00,52134,2016-03-28 08:15:24,2016,2016,March,March,9,9
2016-03-30 08:53:46,Gepflegter_Gebrauchtwagen,privat,Offer,1600,control,kleinwagen,2005,Unspecified,60,fiesta,150000,Jan,,ford,Other,2016-03-30 00:00:00,25813,2016-04-01 03:47:22,2016,2016,March,March,11,11
2016-03-11 14:36:57,Ford_Fiesta,privat,Offer,200,control,kleinwagen,2002,manuell,0,fiesta,150000,Oct,Gasoline,ford,Yes,2016-03-11 00:00:00,23730,2016-03-15 06:44:46,2016,2016,March,March,14,2
2016-03-07 14:48:39,Ford_Fiesta_Ghia,privat,Offer,1700,control,kleinwagen,2000,manuell,75,fiesta,100000,Feb,Gasoline,ford,No,2016-03-07 00:00:00,44892,2016-04-07 06:45:52,2016,2016,March,March,16,10
2016-03-05 17:48:03,Ford_ka_schwarz,privat,Offer,700,test,kleinwagen,2001,manuell,69,ka,150000,Sep,Gasoline,ford,Other,2016-03-05 00:00:00,33106,2016-04-03 13:46:50,2016,2016,March,March,15,3
2016-03-23 14:56:46,Ford_Ka__1_2,privat,Offer,3999,test,kleinwagen,2009,manuell,69,ka,125000,Mar,Gasoline,ford,Other,2016-03-23 00:00:00,37671,2016-04-01 20:47:37,2016,2016,March,March,7,9
2016-03-22 22:40:33,Ford_Fiesta,privat,Offer,900,control,kleinwagen,2000,manuell,60,fiesta,125000,Sep,Gasoline,ford,No,2016-03-22 00:00:00,81673,2016-04-06 18:15:47,2016,2016,March,March,16,3
2016-03-20 22:25:21,Ford_KA_1.2l_60_PS_silber_als_Bastlerwagen,privat,Offer,200,control,kleinwagen,2001,manuell,60,ka,150000,Sep,Gasoline,ford,Other,2016-03-20 00:00:00,61276,2016-03-20 23:31:30,2016,2016,March,March,15,3
2016-03-24 12:38:10,Ford_Ka,privat,Offer,1550,test,kleinwagen,2002,manuell,60,ka,90000,Jan,Gasoline,ford,No,2016-03-24 00:00:00,69126,2016-04-01 06:18:10,2016,2016,March,March,14,11
2016-03-09 11:54:19,Ford_Fiesta_1.25,privat,Offer,5000,test,kleinwagen,2009,manuell,82,fiesta,150000,Oct,Gasoline,ford,No,2016-03-09 00:00:00,26133,2016-04-05 17:45:35,2016,2016,March,March,7,2
2016-03-07 19:38:17,Ford_Ka_zu_verkaufen__frisch_TÜV,privat,Offer,800,control,kleinwagen,2001,manuell,60,ka,150000,Oct,Gasoline,ford,No,2016-03-07 00:00:00,33602,2016-03-12 17:46:48,2016,2016,March,March,15,2
2016-03-24 21:37:23,Ford_Fiesta_1.3,privat,Offer,1999,test,kleinwagen,2002,manuell,60,fiesta,150000,Dec,Gasoline,ford,Yes,2016-03-24 00:00:00,51371,2016-03-31 01:17:38,2016,2016,March,March,14,0
2016-03-20 10:55:28,Ford_Ka_/_Baujahr_2000_/_60_PS_/_kein_Rost_am_Tankdeckel,privat,Offer,1200,control,kleinwagen,2000,manuell,60,ka,150000,Feb,Gasoline,ford,Other,2016-03-20 00:00:00,26340,2016-04-06 07:45:58,2016,2016,March,March,16,10
2016-04-04 15:51:49,Ford_ka__Sommer/winterreifen__CD_radio,privat,Offer,300,test,kleinwagen,2001,manuell,0,ka,70000,Nov,Gasoline,ford,Other,2016-04-04 00:00:00,51399,2016-04-04 15:51:49,2016,2016,April,April,15,1
2016-03-23 19:39:37,Ford_Fiesta_1_4_TDCI,privat,Offer,1400,control,kleinwagen,2003,manuell,68,fiesta,150000,Mar,Diesel,ford,No,2016-03-23 00:00:00,54317,2016-04-06 00:17:37,2016,2016,March,March,13,9
2016-03-29 15:49:58,Biete_ein_sehr_gut_erhalten_Ford_Fiesta_an.,privat,Offer,900,control,kleinwagen,1996,manuell,75,fiesta,100000,Nov,Gasoline,ford,No,2016-03-29 00:00:00,57339,2016-04-04 00:18:07,2016,2016,March,March,20,1
2016-04-04 00:57:24,Ford_Ka_Royal_Klima_Tuev_bis_04.2018,privat,Offer,1650,test,kleinwagen,2005,manuell,69,ka,100000,Oct,Gasoline,ford,No,2016-04-03 00:00:00,22761,2016-04-06 09:16:46,2016,2016,April,April,11,2
2016-03-22 14:57:10,Ford_Fiesta_1.4_Sport,privat,Offer,4200,control,kleinwagen,2006,manuell,80,fiesta,80000,Jul,Gasoline,ford,No,2016-03-22 00:00:00,79798,2016-04-06 04:17:03,2016,2016,March,March,10,5
2016-03-27 23:53:37,ford_ka_1.3,privat,Offer,350,test,kleinwagen,1997,manuell,50,ka,150000,Jul,Gasoline,ford,No,2016-03-27 00:00:00,49176,2016-04-06 09:17:03,2016,2016,March,March,19,5
2016-03-31 20:54:14,Ford_Fiesta_1.3_Ambiente,privat,Offer,3199,test,kleinwagen,2007,manuell,69,fiesta,100000,Jan,Gasoline,ford,No,2016-03-31 00:00:00,81245,2016-04-06 15:46:57,2016,2016,March,March,9,11
2016-03-31 15:55:55,FIESTA_ST_150PS_TÜV_9/16_SEHR_GEPFLEGT,privat,Offer,2799,control,kleinwagen,2006,manuell,150,fiesta,150000,Aug,Gasoline,ford,No,2016-03-31 00:00:00,12349,2016-04-02 11:46:07,2016,2016,March,March,10,4
2016-03-14 16:48:55,Ford_Ka_Capri,privat,Offer,1390,test,kleinwagen,2002,manuell,60,ka,90000,Sep,Gasoline,ford,No,2016-03-14 00:00:00,22949,2016-04-05 21:17:46,2016,2016,March,March,14,3
2016-04-01 12:52:57,Ford_ka_schwarz,privat,Offer,1200,test,kleinwagen,2002,manuell,44,ka,80000,Mar,,ford,No,2016-04-01 00:00:00,66663,2016-04-07 09:44:21,2016,2016,April,April,14,9
2016-03-05 19:47:22,Ford_Fiesta___Bastlerauto/Winterauto,privat,Offer,80,test,kleinwagen,1995,manuell,0,fiesta,150000,Sep,Gasoline,ford,No,2016-03-05 00:00:00,66787,2016-04-05 09:47:23,2016,2016,March,March,21,3
2016-03-30 14:53:02,Ford_Fiesta_1.6_Trend___Blau___Gruene_Plakette,privat,Offer,2400,control,kleinwagen,2002,manuell,101,fiesta,150000,Apr,Gasoline,ford,No,2016-03-30 00:00:00,50939,2016-04-07 05:44:51,2016,2016,March,March,14,8
2016-03-09 14:47:23,Ford_Ka,privat,Offer,1100,test,kleinwagen,1998,manuell,60,ka,150000,Dec,Gasoline,ford,No,2016-03-09 00:00:00,47475,2016-04-04 10:17:39,2016,2016,March,March,18,0
2016-04-02 06:37:03,Ford__Fiesta_D_Typ_JBS,privat,Offer,300,test,kleinwagen,1996,manuell,75,fiesta,150000,Aug,Gasoline,ford,Other,2016-04-02 00:00:00,51570,2016-04-03 10:19:29,2016,2016,April,April,20,4
2016-03-22 17:48:37,Ford_Fiesta_1.3_Ambiente,privat,Offer,2800,control,kleinwagen,2006,manuell,60,fiesta,125000,Aug,Gasoline,ford,No,2016-03-22 00:00:00,50259,2016-03-29 22:18:54,2016,2016,March,March,10,4
2016-03-11 20:06:17,Ford_Fiesta_1.3_Ambiente,privat,Offer,2250,control,kleinwagen,2006,manuell,60,fiesta,150000,Jun,Gasoline,ford,No,2016-03-11 00:00:00,61169,2016-03-13 12:11:24,2016,2016,March,March,10,6
2016-03-17 11:51:17,Sehe_pflegt_Auto,privat,Offer,1600,control,kleinwagen,2006,manuell,69,fiesta,150000,Apr,Gasoline,ford,No,2016-03-17 00:00:00,45891,2016-03-17 11:51:17,2016,2016,March,March,10,8
2016-03-26 15:55:24,Ford_Fiesta_1_3l_60Ps_Bj.2001_Klima_Servo_8fach_bereift_Top,privat,Offer,1111,test,kleinwagen,2001,manuell,60,fiesta,150000,Oct,Gasoline,ford,No,2016-03-26 00:00:00,69124,2016-03-28 04:44:57,2016,2016,March,March,15,2
2016-03-24 12:47:16,Ford_Puma_125_PS_Mit_Tuev,privat,Offer,1000,test,kleinwagen,2000,manuell,125,andere,150000,Jul,Gasoline,ford,Other,2016-03-24 00:00:00,51645,2016-03-24 12:47:16,2016,2016,March,March,16,5
2016-04-03 10:38:42,Ford_Fiesta_TÜV_bis_November,privat,Offer,500,control,kleinwagen,2002,manuell,50,fiesta,150000,Jan,Gasoline,ford,Other,2016-04-03 00:00:00,92699,2016-04-07 11:17:14,2016,2016,April,April,14,11
2016-03-24 10:51:01,Ford_Fiesta_Cool,privat,Offer,100,test,kleinwagen,1999,manuell,60,fiesta,150000,Jan,,ford,Other,2016-03-24 00:00:00,34582,2016-03-30 10:44:55,2016,2016,March,March,17,11
2016-03-29 21:44:29,Ford_KA_Bj._2003,privat,Offer,490,test,kleinwagen,2003,manuell,60,ka,50000,Jan,Gasoline,ford,Other,2016-03-29 00:00:00,88094,2016-04-06 07:46:37,2016,2016,March,March,13,11
2016-03-14 09:48:33,SCHNÄPPCHEN_Fiesta_Turbo_DIESEL_75ps__bj_2001,privat,Offer,299,control,kleinwagen,2001,manuell,75,fiesta,5000,Jan,Diesel,ford,No,2016-03-14 00:00:00,38228,2016-03-24 16:46:36,2016,2016,March,March,15,11
2016-03-21 21:50:03,Ford_Fiesta_Flair,privat,Offer,1750,control,kleinwagen,1998,automatik,75,fiesta,60000,Sep,Gasoline,ford,No,2016-03-21 00:00:00,50129,2016-04-07 02:16:18,2016,2016,March,March,18,3
2016-03-28 20:39:08,Ford_Ka,privat,Offer,1350,control,kleinwagen,2006,manuell,60,ka,150000,Nov,Gasoline,ford,No,2016-03-28 00:00:00,24613,2016-04-07 02:46:59,2016,2016,March,March,10,1
2016-03-15 19:37:06,Ford_Fiesta_BJ:_2000_Tuev_4/2017,privat,Offer,500,control,kleinwagen,2000,manuell,44,fiesta,150000,Jun,Gasoline,ford,Other,2016-03-15 00:00:00,26133,2016-03-15 20:40:44,2016,2016,March,March,16,6
2016-03-12 16:57:36,Bastlerfahrzeug,privat,Offer,350,control,kleinwagen,2000,manuell,56,fiesta,150000,Dec,Gasoline,ford,Other,2016-03-12 00:00:00,30880,2016-03-17 19:46:29,2016,2016,March,March,16,0
2016-03-30 21:46:17,Ford_Fiesta_V_1.6_101PS_Bj.2005,privat,Offer,1450,test,kleinwagen,2005,manuell,101,fiesta,150000,Nov,Gasoline,ford,Other,2016-03-30 00:00:00,47279,2016-04-05 11:50:18,2016,2016,March,March,11,1
2016-03-12 20:51:18,Ford_Escord_5_Door_Sedan,privat,Offer,0,test,kleinwagen,1998,manuell,90,escort,150000,Jun,Gasoline,ford,Yes,2016-03-12 00:00:00,13583,2016-03-21 03:47:16,2016,2016,March,March,18,6
2016-03-23 21:37:04,Fprd_Fiesta,privat,Offer,245,test,kleinwagen,2000,manuell,60,fiesta,150000,Jan,Gasoline,ford,Other,2016-03-23 00:00:00,71701,2016-04-06 02:46:00,2016,2016,March,March,16,11
2016-03-13 13:37:59,Ford_Fiesta_2003,privat,Offer,890,test,kleinwagen,2003,manuell,60,fiesta,5000,May,Gasoline,ford,No,2016-03-13 00:00:00,44149,2016-03-14 22:17:21,2016,2016,March,March,13,7
2016-03-20 14:39:30,Ford_Fiesta_Ghia,privat,Offer,500,test,kleinwagen,1996,manuell,75,fiesta,100000,Nov,Gasoline,ford,No,2016-03-20 00:00:00,77855,2016-04-06 17:16:01,2016,2016,March,March,20,1
2016-03-13 08:51:21,Klein_wagen_Ford_ka,privat,Offer,1650,control,kleinwagen,2004,manuell,60,ka,125000,Dec,Gasoline,ford,No,2016-03-13 00:00:00,92681,2016-04-06 14:46:57,2016,2016,March,March,12,0
2016-04-02 20:36:25,Ford_Fiesta_1.3_Ambiente,privat,Offer,2000,test,kleinwagen,2006,manuell,60,fiesta,100000,Nov,Gasoline,ford,No,2016-04-02 00:00:00,33175,2016-04-02 21:42:32,2016,2016,April,April,10,1
2016-03-06 15:43:28,Ford_Fiesta__200,privat,Offer,200,test,kleinwagen,1998,manuell,50,fiesta,150000,Mar,Gasoline,ford,Other,2016-03-06 00:00:00,31582,2016-03-07 18:15:21,2016,2016,March,March,18,9
2016-04-01 16:39:31,Ford_Fiesta_als_Bastlerfahrzeug_Oder_Ersatzteile,privat,Offer,100,control,kleinwagen,1985,manuell,0,fiesta,90000,Sep,Gasoline,ford,Yes,2016-04-01 00:00:00,54347,2016-04-05 11:44:40,2016,2016,April,April,31,3
2016-03-26 11:55:05,Ford_Fiesta_1.25_Klima_fahrbereit,privat,Offer,3700,control,kleinwagen,2010,manuell,60,fiesta,150000,Mar,Gasoline,ford,Yes,2016-03-26 00:00:00,28844,2016-03-27 23:47:29,2016,2016,March,March,6,9
2016-03-15 11:54:14,Ford_Fiesta___Tuev_6_/_2016,privat,Offer,150,test,kleinwagen,1996,manuell,52,fiesta,150000,Mar,Gasoline,ford,Other,2016-03-15 00:00:00,14979,2016-03-16 08:16:11,2016,2016,March,March,20,9
2016-03-07 17:41:36,Ford_Fusion_1.6_TDCI_Ambiente,privat,Offer,2400,test,kleinwagen,2008,manuell,90,fusion,150000,Oct,Diesel,ford,No,2016-03-07 00:00:00,53909,2016-03-17 09:44:34,2016,2016,March,March,8,2
2016-03-21 04:36:24,Ford_Fieste__EZ_2001__8x_Bereift__dunkelblau,privat,Offer,350,test,kleinwagen,2001,manuell,60,fiesta,150000,Nov,Gasoline,ford,Other,2016-03-21 00:00:00,86381,2016-04-06 01:49:35,2016,2016,March,March,15,1
2016-03-28 20:46:19,Ford_Fiesta_1.4,privat,Offer,1700,control,kleinwagen,2002,manuell,80,fiesta,150000,May,Gasoline,ford,No,2016-03-28 00:00:00,13353,2016-03-30 12:45:38,2016,2016,March,March,14,7
2016-03-25 10:51:30,verkaufe_ford_k,privat,Offer,700,test,kleinwagen,1998,manuell,60,ka,125000,Jul,Gasoline,ford,Other,2016-03-25 00:00:00,47441,2016-04-06 10:45:08,2016,2016,March,March,18,5
2016-03-30 17:50:39,Ford_KA_Benziner,privat,Offer,700,control,kleinwagen,2003,manuell,60,ka,80000,May,Gasoline,ford,Other,2016-03-30 00:00:00,31241,2016-04-07 08:45:47,2016,2016,March,March,13,7
2016-03-13 22:49:27,BIETE_FORD_KA_1_3_50_PS_an_bastler,privat,Offer,350,control,kleinwagen,1998,manuell,50,ka,150000,Sep,Gasoline,ford,No,2016-03-13 00:00:00,66333,2016-03-14 06:40:40,2016,2016,March,March,18,3
2016-03-19 08:54:58,Ford_Ka,privat,Offer,1200,test,kleinwagen,2001,Unspecified,0,ka,150000,Dec,Gasoline,ford,No,2016-03-19 00:00:00,17087,2016-04-02 10:46:55,2016,2016,March,March,15,0
2016-03-19 13:47:17,Ford_Fiesta,privat,Offer,2000,test,kleinwagen,2003,manuell,60,fiesta,125000,Feb,Gasoline,ford,No,2016-03-19 00:00:00,78462,2016-03-21 18:17:44,2016,2016,March,March,13,10
2016-03-28 22:00:06,Ford_Fiesta_100%_ehrliches_Auto_mit_Rabatt_fuer_Fahranfaenger,privat,Offer,2500,control,kleinwagen,2002,manuell,60,fiesta,125000,Nov,Gasoline,ford,No,2016-03-28 00:00:00,23843,2016-04-01 08:45:13,2016,2016,March,March,14,1
2016-03-31 11:54:56,Ford_Fieast,privat,Offer,200,control,kleinwagen,1990,automatik,0,fiesta,20000,Jan,,ford,Other,2016-03-31 00:00:00,26842,2016-03-31 12:43:49,2016,2016,March,March,26,11
2016-03-07 09:52:30,Ford_Focus_1_8_Ghia/Klima/Alufelgen/Winterraeder/,privat,Offer,699,control,kleinwagen,1999,manuell,115,focus,150000,Nov,Gasoline,ford,Yes,2016-03-07 00:00:00,18055,2016-03-31 16:15:24,2016,2016,March,March,17,1
2016-03-23 16:57:47,Ford_ka_nur_heute_fuer_150_euro_ohne_tuev,privat,Offer,150,test,kleinwagen,2001,manuell,54,ka,5000,Apr,Gasoline,ford,Other,2016-03-23 00:00:00,31582,2016-03-23 16:57:47,2016,2016,March,March,15,8
2016-03-31 07:57:42,Ford_KA_/_EINSTEIGER_AUTO,privat,Offer,1100,test,kleinwagen,2001,manuell,60,ka,80000,Feb,Gasoline,ford,No,2016-03-31 00:00:00,24534,2016-04-06 02:17:33,2016,2016,March,March,15,10
2016-04-03 20:50:36,Ford_KA_mit_2_jahren_Tuev,privat,Offer,1200,test,kleinwagen,2001,manuell,60,ka,5000,Dec,Gasoline,ford,No,2016-04-03 00:00:00,17087,2016-04-05 21:46:54,2016,2016,April,April,15,0
2016-03-10 16:38:21,Ford_Fiesta_1Jahr_Tuev_Bj_2000,privat,Offer,750,control,kleinwagen,2000,manuell,75,fiesta,150000,Jan,Gasoline,ford,No,2016-03-10 00:00:00,48599,2016-03-11 16:45:19,2016,2016,March,March,16,11
2016-04-01 18:38:36,Ford_Ka_*TÜV_NEU*_gepflegt_SPORT,privat,Offer,1250,control,kleinwagen,2005,manuell,75,Other,125000,May,Gasoline,ford,Other,2016-04-01 00:00:00,85072,2016-04-05 14:16:54,2016,2016,April,April,11,7
2016-03-24 16:36:55,Ford_KA___Edition_100___92000Km__TÜV_3/2018___Klimaanlage,privat,Offer,1350,control,kleinwagen,2002,manuell,69,ka,100000,Jun,Gasoline,ford,Other,2016-03-24 00:00:00,51061,2016-04-03 09:45:49,2016,2016,March,March,14,6
2016-03-30 17:39:13,Ford_Ka_Tuev__12/16,privat,Offer,370,control,kleinwagen,1998,manuell,60,ka,150000,Aug,Gasoline,ford,No,2016-03-30 00:00:00,23562,2016-04-01 11:46:48,2016,2016,March,March,18,4
2016-04-02 19:53:34,Ford_Fiesta____sehr_gepflegter_Zustand,privat,Offer,1799,control,kleinwagen,2001,manuell,60,fiesta,70000,Feb,Gasoline,ford,No,2016-04-02 00:00:00,41517,2016-04-06 20:17:25,2016,2016,April,April,15,10
2016-03-23 08:53:14,Ford_Fiesta_1.3_Ambiente,privat,Offer,2890,control,kleinwagen,2007,manuell,60,fiesta,125000,Jun,Gasoline,ford,No,2016-03-23 00:00:00,13357,2016-04-03 06:53:31,2016,2016,March,March,9,6
2016-04-04 21:39:16,***_ACHTUNG_FORD_KA_MIT_NEU_TÜV_BIS_04/2018_ZU_VERKAUFEN_***,privat,Offer,1350,test,kleinwagen,2001,manuell,60,ka,150000,Aug,Gasoline,ford,Other,2016-04-04 00:00:00,24103,2016-04-07 00:15:32,2016,2016,April,April,15,4
2016-04-01 11:38:56,Ford_Fiesta,privat,Offer,2000,test,kleinwagen,2005,manuell,80,fiesta,150000,Aug,Lpg,ford,No,2016-04-01 00:00:00,25850,2016-04-05 05:17:03,2016,2016,April,April,11,4
2016-03-28 22:48:43,Ford_Ford_Ka_1.3i__Klima__Tuev_bis_03.2018.,privat,Offer,1150,control,kleinwagen,2002,manuell,60,ka,150000,Nov,Gasoline,ford,No,2016-03-28 00:00:00,53894,2016-04-01 09:46:13,2016,2016,March,March,14,1
2016-04-02 20:44:25,Ford_Fiesta_85_tkm_3_tuerig_8_fach_bereift,privat,Offer,1100,test,kleinwagen,2000,manuell,60,fiesta,90000,Feb,Gasoline,ford,Other,2016-04-02 00:00:00,70437,2016-04-06 20:47:46,2016,2016,April,April,16,10
2016-03-15 19:53:08,Ford_Ka_Schwarz_Sportausfuehrung,privat,Offer,300,control,kleinwagen,2000,manuell,45,ka,150000,Dec,Gasoline,ford,Other,2016-03-15 00:00:00,26133,2016-03-20 18:45:32,2016,2016,March,March,16,0
2016-03-11 11:37:53,Ford_Fiesta_Klima_Servo_8Fach_Bereift_75ps,privat,Offer,699,control,kleinwagen,2002,manuell,75,fiesta,150000,Jan,Gasoline,ford,Other,2016-03-11 00:00:00,30159,2016-03-25 01:47:41,2016,2016,March,March,14,11
2016-04-03 22:06:36,Ford_Fiesta_Diesel_von_2007_Unfall,privat,Offer,0,control,kleinwagen,2007,manuell,68,fiesta,150000,Aug,Diesel,ford,Yes,2016-04-03 00:00:00,56346,2016-04-04 10:29:04,2016,2016,April,April,9,4
2016-03-19 08:53:47,Ford_KA___gepflegtes_Fahrzeug,privat,Offer,369,test,kleinwagen,1998,Unspecified,0,ka,150000,Jan,Gasoline,ford,Other,2016-03-19 00:00:00,3130,2016-03-21 13:16:52,2016,2016,March,March,18,11
2016-03-25 10:51:16,Ford_fiesta_zum_ausschlachten_oder_herrichten,privat,Offer,100,test,kleinwagen,2000,manuell,0,fiesta,150000,Dec,Gasoline,ford,Other,2016-03-25 00:00:00,38114,2016-04-06 10:45:05,2016,2016,March,March,16,0
2016-03-08 11:36:56,Verkaufe_Ford_Focus_2.0_l_16v,privat,Offer,300,control,kleinwagen,1999,manuell,0,Other,150000,Jul,,ford,Other,2016-03-08 00:00:00,55459,2016-03-12 19:17:45,2016,2016,March,March,17,5
2016-03-30 11:56:50,FORD_KA_EZ_1998,privat,Offer,220,test,kleinwagen,1998,manuell,60,ka,150000,Mar,Gasoline,ford,No,2016-03-30 00:00:00,68167,2016-04-07 03:15:47,2016,2016,March,March,18,9
2016-03-09 15:49:56,Ford_Fiesta_Style___KLIMA__Tuev_2018_4_Tuerer,privat,Offer,900,control,kleinwagen,1998,manuell,75,fiesta,150000,Oct,Gasoline,ford,No,2016-03-09 00:00:00,47055,2016-04-07 01:44:59,2016,2016,March,March,18,2
2016-03-15 22:38:17,Ford_Fiesta_X_Fun___wenig_Kilometer,privat,Offer,4500,control,kleinwagen,2007,manuell,60,fiesta,60000,Jun,Gasoline,ford,No,2016-03-15 00:00:00,53123,2016-04-07 09:45:49,2016,2016,March,March,9,6
2016-03-26 16:48:01,Ford_Fiesta_1.25,privat,Offer,5200,control,kleinwagen,2010,manuell,82,fiesta,80000,Jan,Gasoline,ford,No,2016-03-26 00:00:00,47179,2016-03-31 12:46:36,2016,2016,March,March,6,11
2016-03-15 19:55:37,Ford_Ka___gepflegt__Tuev_neu,privat,Offer,1450,control,kleinwagen,2003,manuell,60,ka,90000,Jan,Gasoline,ford,No,2016-03-15 00:00:00,32758,2016-03-24 10:45:02,2016,2016,March,March,13,11
2016-03-25 00:56:20,Ford_Fiesta_TÜV_NEU_03/2018,privat,Offer,800,control,kleinwagen,1998,manuell,60,fiesta,150000,Sep,Gasoline,ford,No,2016-03-25 00:00:00,33775,2016-04-06 04:46:17,2016,2016,March,March,18,3
2016-04-01 21:38:10,Ford_Fiesta_1.3___Sehr_zuverlaessig___TÜV_Nov_2017,privat,Offer,1900,test,kleinwagen,2004,manuell,69,fiesta,150000,Dec,Gasoline,ford,No,2016-04-01 00:00:00,68623,2016-04-05 19:15:52,2016,2016,April,April,12,0
2016-03-21 00:48:03,Ford_Fiesta_1.3_Ghia,privat,Offer,3100,test,kleinwagen,2003,manuell,69,fiesta,100000,Oct,Gasoline,ford,No,2016-03-20 00:00:00,95448,2016-04-05 14:46:01,2016,2016,March,March,13,2
2016-03-13 09:41:59,Verkaufe_einen_Ford_KA_1.3,privat,Offer,500,control,kleinwagen,2001,manuell,60,Other,100000,Jun,Gasoline,ford,No,2016-03-13 00:00:00,15306,2016-03-17 12:47:12,2016,2016,March,March,15,6
2016-03-12 12:49:42,Ford_fiesta,privat,Offer,90,test,kleinwagen,1997,Unspecified,0,Other,150000,Jan,,ford,Other,2016-03-12 00:00:00,44653,2016-03-26 19:46:05,2016,2016,March,March,19,11
2016-03-12 18:48:14,Ford_Fiesta_12_Monate_Tuev__8_fach_bereift__CD_Player__Klima,privat,Offer,800,test,kleinwagen,2002,manuell,58,fiesta,150000,Mar,Gasoline,ford,No,2016-03-12 00:00:00,47906,2016-04-01 15:18:37,2016,2016,March,March,14,9
2016-03-05 14:53:50,Ford_Fiesta_1_4_tdci,privat,Offer,1400,control,kleinwagen,2005,manuell,68,fiesta,150000,Nov,Diesel,ford,Yes,2016-03-05 00:00:00,64283,2016-03-10 14:18:02,2016,2016,March,March,11,1
2016-03-29 13:36:59,Ford_Fiesta,privat,Offer,200,control,kleinwagen,1990,automatik,0,fiesta,20000,Jan,,ford,Other,2016-03-29 00:00:00,26817,2016-03-31 05:46:51,2016,2016,March,March,26,11
2016-03-07 18:51:57,Ford_Fiesta_1.6,privat,Offer,4500,control,kleinwagen,2006,manuell,101,fiesta,80000,Jul,Gasoline,ford,No,2016-03-07 00:00:00,58515,2016-04-07 05:45:43,2016,2016,March,March,10,5
2016-03-05 17:58:10,Kleiner_Ford_Fiesta_Mitte_Maerz_zu_verkaufen,privat,Offer,899,test,kleinwagen,1998,manuell,50,fiesta,125000,Nov,,ford,No,2016-03-05 00:00:00,23669,2016-03-14 08:16:29,2016,2016,March,March,18,1
2016-03-15 23:43:50,Ford_Fiesta_Fuer_Bastler,privat,Offer,200,control,kleinwagen,2000,manuell,75,fiesta,150000,May,Gasoline,ford,Other,2016-03-15 00:00:00,4688,2016-03-15 23:43:50,2016,2016,March,March,16,7
2016-03-09 14:45:03,Ford_KA_Bj.1998__TÜV_bis_06/2016,privat,Offer,250,test,kleinwagen,1998,manuell,44,ka,150000,Sep,Gasoline,ford,No,2016-03-09 00:00:00,76669,2016-03-09 14:45:03,2016,2016,March,March,18,3
2016-03-12 11:38:32,Ford_Focus,privat,Offer,550,test,kleinwagen,2000,manuell,101,focus,150000,Mar,Gasoline,ford,Yes,2016-03-12 00:00:00,16559,2016-03-12 11:38:32,2016,2016,March,March,16,9
2016-04-04 08:53:44,Ford_KA__Bj_05_Klima,privat,Offer,300,control,kleinwagen,2003,manuell,0,ka,5000,Jan,Gasoline,ford,Yes,2016-04-04 00:00:00,13353,2016-04-06 09:45:47,2016,2016,April,April,13,11
2016-03-26 18:38:00,Ford_Fiesta,privat,Offer,750,test,kleinwagen,1998,manuell,75,fiesta,150000,Mar,Gasoline,ford,No,2016-03-26 00:00:00,70435,2016-04-02 09:47:56,2016,2016,March,March,18,9
2016-04-04 14:47:16,Ford_Ka_mit_TÜV_bis_12/2016__unfallfrei,privat,Offer,550,test,kleinwagen,1997,manuell,50,ka,100000,Feb,Gasoline,ford,No,2016-04-04 00:00:00,12359,2016-04-06 16:16:47,2016,2016,April,April,19,10
2016-03-11 09:51:39,Ford_Fiesta_1.4_TDCI,privat,Offer,5400,control,kleinwagen,2009,manuell,68,fiesta,100000,Jan,Diesel,ford,No,2016-03-11 00:00:00,12249,2016-04-06 22:16:40,2016,2016,March,March,7,11
2016-03-27 16:58:22,Ford_Fiesta_1.3_50Ps_TÜV_NEU!!!!,privat,Offer,1000,test,kleinwagen,2001,manuell,50,fiesta,125000,Jan,,ford,No,2016-03-27 00:00:00,21684,2016-04-05 13:17:45,2016,2016,March,March,15,11
2016-03-28 14:44:39,fucus_fuer_bastler,privat,Offer,333,test,kleinwagen,2001,manuell,101,focus,150000,Apr,Gasoline,ford,Yes,2016-03-28 00:00:00,22045,2016-04-06 18:44:46,2016,2016,March,March,15,8
2016-03-21 18:51:02,Ford_Fiesta_1.3_Fun,privat,Offer,4100,test,kleinwagen,2007,manuell,60,fiesta,70000,Feb,Gasoline,ford,No,2016-03-21 00:00:00,57489,2016-03-21 18:51:02,2016,2016,March,March,9,10
2016-03-13 00:56:35,Ford_Fiesta_1.25_Trend,privat,Offer,4990,control,kleinwagen,2009,manuell,82,fiesta,80000,Oct,Gasoline,ford,No,2016-03-13 00:00:00,45326,2016-03-17 12:44:50,2016,2016,March,March,7,2
2016-03-22 15:52:05,Ford_Ka_Schwarz_3_Tuerer_Garagen_Fahrzeug_Tuev_Top_Anfaenger_Auto,privat,Offer,622,control,kleinwagen,1997,manuell,60,ka,150000,Mar,Gasoline,ford,No,2016-03-22 00:00:00,47138,2016-04-06 05:45:46,2016,2016,March,March,19,9
2016-03-20 13:52:13,Ford_fiesta,privat,Offer,0,test,kleinwagen,1998,manuell,45,fiesta,5000,Dec,Gasoline,ford,No,2016-03-20 00:00:00,45879,2016-03-20 13:52:13,2016,2016,March,March,18,0
2016-03-28 21:58:20,Ford_Ka_1.3l_60PS_TÜV_bis_09.2017,privat,Offer,1150,control,kleinwagen,2002,manuell,60,ka,150000,Aug,Gasoline,ford,No,2016-03-28 00:00:00,22145,2016-04-07 05:16:26,2016,2016,March,March,14,4
2016-03-12 19:47:57,Ford_Fiesta,privat,Offer,600,test,kleinwagen,2002,manuell,60,fiesta,150000,Oct,Gasoline,ford,No,2016-03-12 00:00:00,77933,2016-04-05 12:21:04,2016,2016,March,March,14,2
2016-03-12 16:38:16,Ford_Fiesta_dunkel_blau,privat,Offer,1350,control,kleinwagen,2002,manuell,45,fiesta,150000,Feb,Gasoline,ford,Yes,2016-03-12 00:00:00,52477,2016-04-07 05:46:21,2016,2016,March,March,14,10
2016-03-14 16:46:18,Sparsamer_Kleinwagen,privat,Offer,3500,test,kleinwagen,2010,manuell,65,ka,90000,Jun,Gasoline,ford,No,2016-03-14 00:00:00,16727,2016-03-14 16:46:18,2016,2016,March,March,6,6
2016-03-25 10:48:42,Ford_Fiesta_1.3_!!_TOP_GEBRAUCHTWAGEN_!!_TÜV_BIS_03/2018_!!,privat,Offer,2750,test,kleinwagen,2005,manuell,60,fiesta,125000,Jul,Gasoline,ford,No,2016-03-25 00:00:00,57439,2016-03-28 09:45:04,2016,2016,March,March,11,5
2016-03-15 16:56:55,Ford_Fiesta_1.25_Trend,privat,Offer,5499,control,kleinwagen,2009,manuell,82,fiesta,125000,Jun,Gasoline,ford,No,2016-03-15 00:00:00,97353,2016-03-19 11:17:10,2016,2016,March,March,7,6
2016-03-10 19:49:49,Ford_Fiesta_1.4_Ambiente,privat,Offer,5100,control,kleinwagen,2008,manuell,80,fiesta,40000,Jan,Gasoline,ford,No,2016-03-10 00:00:00,87452,2016-03-17 08:45:05,2016,2016,March,March,8,11
2016-03-22 17:06:24,Ford_Ka,privat,Offer,1249,test,kleinwagen,2006,manuell,60,ka,100000,May,Gasoline,ford,No,2016-03-22 00:00:00,56357,2016-03-23 17:19:54,2016,2016,March,March,10,7
2016-03-18 08:49:26,Ford_Focus_1_4_an_Bastler,privat,Offer,300,test,kleinwagen,1999,manuell,75,focus,150000,Feb,Gasoline,ford,Yes,2016-03-18 00:00:00,58453,2016-03-18 08:49:26,2016,2016,March,March,17,10
2016-03-19 10:56:39,Ford_KA__Ausschlachten_mit_8fach_Bereifung,privat,Offer,450,test,kleinwagen,2002,manuell,60,ka,150000,Jan,Gasoline,ford,Yes,2016-03-19 00:00:00,81827,2016-03-28 10:17:47,2016,2016,March,March,14,11
2016-03-16 06:36:21,Verkaufe_Ford_Ka_Bj.2003_TÜV_bis_Maerz_2018,privat,Offer,1300,control,kleinwagen,2003,manuell,0,ka,150000,Mar,Gasoline,ford,Other,2016-03-16 00:00:00,73525,2016-03-17 07:47:44,2016,2016,March,March,13,9
2016-03-22 18:58:28,Ford_KA_mit_TÜV_!,privat,Offer,850,control,kleinwagen,2001,manuell,60,Other,150000,Jan,,ford,No,2016-03-22 00:00:00,35428,2016-04-01 13:45:38,2016,2016,March,March,15,11
2016-03-27 21:49:26,Ford_Fiesta_Futura_DI,privat,Offer,2000,test,kleinwagen,2000,manuell,75,fiesta,150000,Sep,Diesel,ford,No,2016-03-27 00:00:00,32839,2016-04-05 20:47:34,2016,2016,March,March,16,3
2016-03-10 13:51:23,Ford_Fiesta_1.3_HU_03/18_Klima,privat,Offer,1850,test,kleinwagen,2004,manuell,69,fiesta,125000,Aug,Gasoline,ford,Other,2016-03-10 00:00:00,90427,2016-03-19 21:16:55,2016,2016,March,March,12,4
2016-03-06 12:06:23,Ford_Fiesta_1.4_TDCI_Ambiente,privat,Offer,2850,test,kleinwagen,2007,manuell,68,fiesta,150000,Aug,Diesel,ford,No,2016-03-06 00:00:00,57644,2016-03-08 14:20:08,2016,2016,March,March,9,4
2016-03-20 23:58:10,Sehr_guter_Zustand_Ford_Ka,privat,Offer,400,control,kleinwagen,1998,Unspecified,64,ka,70000,Jan,Gasoline,ford,Other,2016-03-20 00:00:00,50765,2016-03-23 17:17:13,2016,2016,March,March,18,11
2016-03-08 14:06:19,Ford_Ka_1.2,privat,Offer,4500,control,kleinwagen,2010,manuell,69,ka,70000,Apr,Gasoline,ford,No,2016-03-08 00:00:00,55252,2016-03-27 04:16:40,2016,2016,March,March,6,8
2016-03-30 16:52:03,Ford_Fiesta_1.3_Ambiente,privat,Offer,2490,test,kleinwagen,2005,manuell,69,fiesta,125000,Mar,Gasoline,ford,No,2016-03-30 00:00:00,47608,2016-03-30 16:52:03,2016,2016,March,March,11,9
2016-03-09 10:52:53,Bastelfahrzeug_Fiesta,privat,Offer,300,control,kleinwagen,1997,manuell,0,fiesta,150000,Feb,Gasoline,ford,No,2016-03-09 00:00:00,55758,2016-04-05 13:15:41,2016,2016,March,March,19,10
2016-03-31 20:39:35,Ford_Ka_TÜV_bis_Januar_2017,privat,Offer,450,test,kleinwagen,1997,manuell,50,ka,80000,Dec,Gasoline,ford,Other,2016-03-31 00:00:00,49377,2016-04-06 15:15:55,2016,2016,March,March,19,0
2016-03-21 01:57:32,Fiesta_fuer_hobbyschrauber_tuev_maerz16,privat,Offer,350,test,kleinwagen,1998,manuell,0,fiesta,150000,Jul,Gasoline,ford,Other,2016-03-21 00:00:00,53902,2016-04-03 22:44:27,2016,2016,March,March,18,5
2016-03-21 12:50:24,Ford_Focus_1.4__2005__136.000_km,privat,Offer,1900,control,kleinwagen,2005,manuell,80,focus,150000,Feb,Gasoline,ford,No,2016-03-21 00:00:00,72622,2016-03-24 01:15:39,2016,2016,March,March,11,10
2016-03-11 10:40:30,Ford_Fiesta_1_3*Servolenkung*TÜV/AU_2017*Airbags,privat,Offer,499,test,kleinwagen,2000,manuell,60,fiesta,150000,Feb,Gasoline,ford,No,2016-03-11 00:00:00,35236,2016-03-12 14:15:24,2016,2016,March,March,16,10
2016-03-27 18:47:17,Ford_Fiesta_1_3_Automatik,privat,Offer,0,control,kleinwagen,1993,automatik,0,fiesta,90000,Jan,Gasoline,ford,Other,2016-03-27 00:00:00,13439,2016-03-27 18:47:17,2016,2016,March,March,23,11
2016-03-23 22:51:52,Ford_Fiesta,privat,Offer,200,test,kleinwagen,1999,manuell,60,fiesta,5000,Jun,Gasoline,ford,Yes,2016-03-23 00:00:00,40472,2016-03-24 01:41:30,2016,2016,March,March,17,6
2016-03-15 21:47:04,Verkaufe_Ford_Ka,privat,Offer,400,control,kleinwagen,1998,manuell,60,kuga,150000,Apr,Gasoline,ford,Yes,2016-03-15 00:00:00,17373,2016-04-07 06:15:53,2016,2016,March,March,18,8
2016-04-01 23:25:25,Ford_Fiesta_1.3_Viva,privat,Offer,1990,test,kleinwagen,2004,manuell,69,fiesta,90000,Mar,Gasoline,ford,No,2016-04-01 00:00:00,35619,2016-04-05 15:45:53,2016,2016,April,April,12,9
2016-03-05 17:55:05,"Ford_Ka_""Tuev_neu""",privat,Offer,899,test,kleinwagen,2000,manuell,0,ka,125000,Jan,,ford,Other,2016-03-05 00:00:00,4552,2016-03-17 22:17:45,2016,2016,March,March,16,11
2016-03-22 09:39:57,Fiesta_2002_servo_Super_Auto,privat,Offer,699,test,kleinwagen,2002,manuell,0,fiesta,150000,Mar,Gasoline,ford,No,2016-03-22 00:00:00,79115,2016-03-22 09:39:57,2016,2016,March,March,14,9
2016-03-21 11:45:37,Ford_Fiesta_1.3_Black_Magic__limitiertes_Sondermodell,privat,Offer,3240,control,kleinwagen,2008,manuell,69,fiesta,150000,Jan,Gasoline,ford,No,2016-03-21 00:00:00,41540,2016-03-22 15:47:20,2016,2016,March,March,8,11
2016-03-30 13:58:40,Hammer_Ford,privat,Offer,350,test,kleinwagen,2000,manuell,0,Other,150000,Jan,Gasoline,ford,Yes,2016-03-30 00:00:00,23554,2016-04-07 04:44:58,2016,2016,March,March,16,11
2016-03-11 07:55:19,Ford_Focus_Mk1_1.6_16V,privat,Offer,2100,test,kleinwagen,2004,manuell,101,focus,150000,Sep,Gasoline,ford,No,2016-03-11 00:00:00,66557,2016-03-11 09:44:52,2016,2016,March,March,12,3
2016-03-17 20:58:26,Ford_Fiesta_Style_Sport,privat,Offer,1240,control,kleinwagen,1999,manuell,75,fiesta,90000,Dec,Gasoline,ford,No,2016-03-17 00:00:00,66740,2016-04-07 10:15:31,2016,2016,March,March,17,0
2016-03-14 20:40:48,Fort_Fiesta_1.1,privat,Offer,120,control,kleinwagen,1995,manuell,50,fiesta,125000,Sep,Gasoline,ford,No,2016-03-14 00:00:00,47798,2016-04-06 07:46:03,2016,2016,March,March,21,3
2016-03-26 14:52:19,Ford_Ka_1_2Titanium_Blau_metallic,privat,Offer,4500,control,kleinwagen,2010,manuell,69,ka,90000,Mar,Gasoline,ford,No,2016-03-26 00:00:00,97070,2016-04-04 01:46:40,2016,2016,March,March,6,9
2016-04-04 15:40:07,Ford_Ka_mit_Faltdach_gepflegt,privat,Offer,1650,test,kleinwagen,2005,manuell,60,ka,150000,Jul,Gasoline,ford,No,2016-04-04 00:00:00,31737,2016-04-06 16:47:25,2016,2016,April,April,11,5
2016-03-17 21:50:09,Ford_Fiesta_1.4_TDCI,privat,Offer,2300,test,kleinwagen,2002,manuell,68,fiesta,150000,Jun,Diesel,ford,No,2016-03-17 00:00:00,34225,2016-03-19 22:18:43,2016,2016,March,March,14,6
2016-03-27 08:37:16,Ford_Fiesta_Futura_75ps_77000km_anhaengerkuplung_abnehnmbar_klimaa,privat,Offer,999,test,kleinwagen,2000,manuell,75,fiesta,80000,Sep,Gasoline,ford,No,2016-03-27 00:00:00,13591,2016-03-27 10:45:48,2016,2016,March,March,16,3
2016-03-12 19:46:26,Ford_fiesta__BJ_2005,privat,Offer,1799,test,kleinwagen,2005,manuell,60,fiesta,150000,Feb,Gasoline,ford,No,2016-03-12 00:00:00,50767,2016-03-17 23:16:05,2016,2016,March,March,11,10
2016-03-30 16:37:16,Ford_Fiesta_mit_Tuev_bis_2017!!,privat,Offer,170,test,kleinwagen,1996,manuell,50,fiesta,150000,Jan,Gasoline,ford,Other,2016-03-30 00:00:00,52353,2016-03-30 17:40:09,2016,2016,March,March,20,11
2016-03-30 22:47:18,Ford_focus_voll_fahrbereit,privat,Offer,999,control,kleinwagen,1999,manuell,116,focus,150000,Jul,Gasoline,ford,Other,2016-03-30 00:00:00,13599,2016-04-05 13:45:47,2016,2016,March,March,17,5
2016-03-14 23:53:30,Ford_Fiesta_TÜV_11.2016,privat,Offer,560,control,kleinwagen,1998,Unspecified,0,fiesta,150000,Oct,Gasoline,ford,Other,2016-03-14 00:00:00,47533,2016-03-16 02:45:16,2016,2016,March,March,18,2
2016-03-25 18:47:27,Ford_Ka_Student,privat,Offer,700,test,kleinwagen,2006,manuell,60,ka,90000,May,Gasoline,ford,No,2016-03-25 00:00:00,81827,2016-03-25 18:47:27,2016,2016,March,March,10,7
2016-03-30 09:53:12,Ford_Fiesta_Kleinwagen_Funkfernbedienung_Schiebedach_*130000km*,privat,Offer,480,control,kleinwagen,2000,manuell,60,fiesta,150000,Jan,Gasoline,ford,Other,2016-03-30 00:00:00,7545,2016-04-02 23:17:52,2016,2016,March,March,16,11
2016-03-29 19:44:29,Ford_Ka_zum_herrichten_oder_Ausschlachten,privat,Offer,200,control,kleinwagen,1996,manuell,60,ka,125000,Jun,Gasoline,ford,Yes,2016-03-29 00:00:00,69234,2016-03-29 19:44:29,2016,2016,March,March,20,6
2016-03-25 21:56:53,Ford_Fiesta_1.4_TDCI_DPF_TÜV/AU_2018_Klima,privat,Offer,2750,test,kleinwagen,2005,manuell,68,fiesta,150000,Apr,Diesel,ford,No,2016-03-25 00:00:00,59368,2016-03-27 11:18:00,2016,2016,March,March,11,8
2016-03-07 18:43:17,Ford_Fiesta_Flair,privat,Offer,850,control,kleinwagen,1998,automatik,75,fiesta,80000,Nov,Gasoline,ford,No,2016-03-07 00:00:00,40880,2016-03-08 10:44:37,2016,2016,March,March,18,1
2016-03-11 12:52:38,Ford_fiesta_2006__benzin/LpG__51KW,privat,Offer,2800,test,kleinwagen,2006,manuell,69,fiesta,5000,Jun,Lpg,ford,Other,2016-03-11 00:00:00,50169,2016-03-11 13:43:51,2016,2016,March,March,10,6
2016-03-25 14:25:21,Ford_Ka_1.3,privat,Offer,899,control,kleinwagen,2001,manuell,60,ka,150000,Dec,Gasoline,ford,No,2016-03-25 00:00:00,63263,2016-03-27 13:10:56,2016,2016,March,March,15,0
2016-03-07 13:51:59,Ford_Ka_zu_verkaufen,privat,Offer,500,control,kleinwagen,1999,manuell,54,ka,125000,Jan,,ford,No,2016-03-07 00:00:00,23966,2016-04-06 12:44:43,2016,2016,March,March,17,11
2016-03-22 18:52:10,Ford_Fiesta,privat,Offer,700,control,kleinwagen,1999,manuell,74,Other,125000,Mar,,ford,Other,2016-03-22 00:00:00,28207,2016-03-31 18:18:44,2016,2016,March,March,17,9
2016-03-13 12:51:04,Verkaufe_oder_tausche_Ford_Fiesta_Diesel_S_TDCI,privat,Offer,3200,test,kleinwagen,2008,manuell,0,fiesta,150000,Apr,Diesel,ford,Other,2016-03-13 00:00:00,37081,2016-04-06 15:44:22,2016,2016,March,March,8,8
2016-03-30 10:51:14,Zu_verkaufen._Meine_Ford_Puma,privat,Offer,850,test,kleinwagen,1999,manuell,122,andere,150000,Dec,Gasoline,ford,Other,2016-03-30 00:00:00,30419,2016-04-01 05:15:45,2016,2016,March,March,17,0
2016-03-31 23:37:33,Ford_Ka_Unfall,privat,Offer,200,control,kleinwagen,2000,manuell,60,ka,150000,Oct,Gasoline,ford,Yes,2016-03-31 00:00:00,47608,2016-04-01 06:43:03,2016,2016,March,March,16,2
2016-03-27 08:32:34,Ford_Fiesta,privat,Offer,5000,test,kleinwagen,2009,manuell,60,fiesta,125000,Jan,Gasoline,ford,No,2016-03-27 00:00:00,35794,2016-04-04 22:47:45,2016,2016,March,March,7,11
2016-03-08 15:47:59,Ford_Fiesta_Futura_mit_tuev,privat,Offer,880,test,kleinwagen,2001,manuell,60,fiesta,150000,Mar,Gasoline,ford,No,2016-03-08 00:00:00,71106,2016-03-13 04:45:19,2016,2016,March,March,15,9
2016-03-24 11:51:02,Ford_Ka_Royal,privat,Offer,900,test,kleinwagen,2007,manuell,60,ka,80000,Jul,Gasoline,ford,No,2016-03-24 00:00:00,55411,2016-03-26 09:30:35,2016,2016,March,March,9,5
2016-03-12 17:54:23,Ford_Fiesta_MK6_JD3_Panther_schwarz,privat,Offer,2250,test,kleinwagen,2003,manuell,101,fiesta,150000,May,Gasoline,ford,No,2016-03-12 00:00:00,9376,2016-04-07 10:16:41,2016,2016,March,March,13,7
2016-03-30 21:53:38,Ford_Fiesta_1_25i_16V_mit_Klima_und_Tuev_bis_03.2017,privat,Offer,1150,test,kleinwagen,1998,manuell,75,fiesta,150000,Sep,Gasoline,ford,No,2016-03-30 00:00:00,40472,2016-04-05 13:16:15,2016,2016,March,March,18,3
2016-03-09 19:55:17,Ford_Ka,privat,Offer,999,test,kleinwagen,2005,manuell,60,ka,125000,Jun,Gasoline,ford,No,2016-03-09 00:00:00,42349,2016-03-12 20:49:22,2016,2016,March,March,11,6
2016-03-13 12:47:28,Ford_Fiesta,privat,Offer,2250,test,kleinwagen,2005,manuell,94,fiesta,150000,Mar,Gasoline,ford,Yes,2016-03-13 00:00:00,53474,2016-03-19 12:17:49,2016,2016,March,March,11,9
2016-03-25 12:36:34,Ford_Fiesta_1.3,privat,Offer,1600,test,kleinwagen,2002,manuell,60,fiesta,150000,Sep,Gasoline,ford,No,2016-03-25 00:00:00,41061,2016-03-30 01:45:32,2016,2016,March,March,14,3
2016-03-14 21:47:32,Verkaufe_Ford_Ka_mit_Klima_+_So/Wi_Raeder,privat,Offer,150,test,kleinwagen,2001,manuell,60,ka,150000,Feb,Gasoline,ford,No,2016-03-14 00:00:00,8309,2016-03-17 12:44:54,2016,2016,March,March,15,10
2016-03-15 19:41:55,Ford_Fiesta,privat,Offer,650,control,kleinwagen,1998,manuell,75,fiesta,150000,Jun,Gasoline,ford,No,2016-03-15 00:00:00,59227,2016-03-28 17:19:15,2016,2016,March,March,18,6
2016-03-22 09:57:44,Ford_Fiesta_2.0_ST,privat,Offer,5499,test,kleinwagen,2007,manuell,150,fiesta,125000,Feb,Gasoline,ford,Yes,2016-03-22 00:00:00,84137,2016-04-05 22:16:49,2016,2016,March,March,9,10
2016-03-08 13:52:12,Ford_Fiesta_mit_Tuev,privat,Offer,350,control,kleinwagen,1996,manuell,0,fiesta,150000,Mar,Gasoline,ford,Yes,2016-03-08 00:00:00,66333,2016-03-08 14:42:13,2016,2016,March,March,20,9
2016-03-10 18:44:18,Ford_Fusion_1.4_Durashift_EST_Ambiente,privat,Offer,3950,test,kleinwagen,2008,automatik,80,fusion,125000,Jul,Gasoline,ford,No,2016-03-10 00:00:00,78662,2016-03-12 09:17:45,2016,2016,March,March,8,5
2016-03-10 14:58:38,Ford_Ka_2000_im_top_Zustand!,privat,Offer,1200,test,kleinwagen,2001,manuell,60,ka,125000,Jan,Gasoline,ford,No,2016-03-10 00:00:00,77933,2016-04-05 11:51:17,2016,2016,March,March,15,11
2016-03-24 14:50:23,FORD_FIESTA_1.4,privat,Offer,1650,test,kleinwagen,2004,manuell,60,fiesta,150000,Feb,Gasoline,ford,No,2016-03-24 00:00:00,21502,2016-04-07 06:45:21,2016,2016,March,March,12,10
2016-03-17 13:46:29,Ford_Fiesta_1.4,privat,Offer,1890,control,kleinwagen,2002,manuell,80,fiesta,150000,Jun,Gasoline,ford,No,2016-03-17 00:00:00,45661,2016-03-17 13:46:29,2016,2016,March,March,14,6
2016-03-08 16:54:21,Verkaufe_Ford_Fiesta,privat,Offer,250,test,kleinwagen,2002,manuell,60,fiesta,150000,Jan,Gasoline,ford,No,2016-03-08 00:00:00,25746,2016-03-19 17:17:06,2016,2016,March,March,14,11
2016-03-14 10:50:03,Kleinwagen,privat,Offer,300,control,kleinwagen,1996,manuell,0,fiesta,60000,Aug,Gasoline,ford,No,2016-03-14 00:00:00,85435,2016-03-14 10:50:03,2016,2016,March,March,20,4
2016-03-11 16:51:04,Ford_KA_Klima/Servolenkung/TÜV_03_2018,privat,Offer,1250,test,kleinwagen,2005,manuell,60,ka,125000,Feb,Gasoline,ford,No,2016-03-11 00:00:00,37081,2016-03-12 06:46:19,2016,2016,March,March,11,10
2016-03-14 03:36:59,*FORD_KA*_GEPFLEGT_*TÜV*KLIMA*,privat,Offer,650,test,kleinwagen,1997,manuell,60,ka,30000,Jan,,ford,Other,2016-03-14 00:00:00,40699,2016-03-22 13:18:09,2016,2016,March,March,19,11
2016-03-26 13:50:00,Schoener_Ford_Ka_mit_TÜV,privat,Offer,650,control,kleinwagen,1999,manuell,50,ka,70000,Jan,Gasoline,ford,Other,2016-03-26 00:00:00,51371,2016-03-26 13:50:00,2016,2016,March,March,17,11
2016-03-08 08:57:11,Ford_Fusion_1.4_TDCI,privat,Offer,2700,test,kleinwagen,2003,manuell,68,fusion,150000,Mar,Diesel,ford,No,2016-03-08 00:00:00,50765,2016-04-06 11:16:08,2016,2016,March,March,13,9
2016-03-19 20:51:20,Ford_Fiesta_1.4__Klima__Sommer+Winterreifen,privat,Offer,3900,control,kleinwagen,2005,manuell,80,fiesta,125000,May,Gasoline,ford,No,2016-03-19 00:00:00,10369,2016-04-07 09:17:10,2016,2016,March,March,11,7
2016-03-22 17:53:09,Top_Zustand._Fiesta,privat,Offer,350,control,kleinwagen,1998,manuell,50,fiesta,150000,Mar,Gasoline,ford,Other,2016-03-22 00:00:00,83334,2016-04-06 09:17:31,2016,2016,March,March,18,9
2016-03-11 17:36:41,Ford_Fiesta_1.3,privat,Offer,1800,control,kleinwagen,2004,Unspecified,69,fiesta,150000,Nov,Gasoline,ford,Yes,2016-03-11 00:00:00,91154,2016-03-23 14:49:48,2016,2016,March,March,12,1
2016-04-04 14:40:35,ford_ka_tuef_11.17_angemeldet,privat,Offer,550,test,kleinwagen,1998,manuell,0,ka,150000,Jul,Gasoline,ford,No,2016-04-04 00:00:00,13593,2016-04-04 14:40:35,2016,2016,April,April,18,5
2016-03-29 13:46:29,Ford_Fiesta,privat,Offer,550,control,kleinwagen,1998,manuell,75,fiesta,150000,Jun,Gasoline,ford,No,2016-03-29 00:00:00,59227,2016-04-05 23:16:21,2016,2016,March,March,18,6
2016-03-29 17:48:27,Ford_Fiesta,privat,Offer,1100,control,kleinwagen,1999,manuell,75,fiesta,125000,Feb,Gasoline,ford,No,2016-03-29 00:00:00,52076,2016-04-06 03:45:13,2016,2016,March,March,17,10
2016-03-28 16:42:05,Top_gepflegter_Ford_Fusion_TDCI_1.4_in_Dunkelgrau,privat,Offer,2999,test,kleinwagen,2005,manuell,90,fusion,150000,Mar,Diesel,ford,No,2016-03-28 00:00:00,21244,2016-03-30 07:45:17,2016,2016,March,March,11,9
2016-03-10 13:49:04,Ford_Ka_Lufthansa_Edition,privat,Offer,0,test,kleinwagen,1997,manuell,0,ka,150000,Jan,,ford,No,2016-03-10 00:00:00,41468,2016-03-12 17:48:17,2016,2016,March,March,19,11
2016-03-16 17:52:36,Ford_Fiesta_1.3,privat,Offer,950,control,kleinwagen,2001,manuell,60,fiesta,125000,Oct,Gasoline,ford,No,2016-03-16 00:00:00,64658,2016-03-17 16:17:27,2016,2016,March,March,15,2
2016-04-03 18:46:01,Ford_Ka_1.2_Titanium,privat,Offer,4400,control,kleinwagen,2010,manuell,69,ka,100000,May,Gasoline,ford,No,2016-04-03 00:00:00,95186,2016-04-05 19:16:25,2016,2016,April,April,6,7
2016-03-05 14:53:15,Ford_Fiesta,privat,Offer,1000,control,kleinwagen,2003,manuell,75,fiesta,150000,Nov,Gasoline,ford,No,2016-03-05 00:00:00,51371,2016-03-05 19:46:54,2016,2016,March,March,13,1
2016-04-04 07:01:15,Fiesta_fast_neuer_TÜV_ohne_Rost_und_Loecher_sauber__ehrlich,privat,Offer,990,test,kleinwagen,1997,manuell,50,fiesta,90000,Apr,Gasoline,ford,No,2016-04-04 00:00:00,12309,2016-04-06 10:16:49,2016,2016,April,April,19,8
2016-03-20 12:38:16,Operl_Ka_TÜV_neu__im_guten_Zustand!!,privat,Offer,1150,test,kleinwagen,2001,manuell,60,ka,80000,Mar,Gasoline,ford,No,2016-03-20 00:00:00,52080,2016-03-22 19:17:41,2016,2016,March,March,15,9
2016-03-25 15:48:58,Ford_Fiesta_1_25i_Wasserpumpenschaden_Tuev_abgelaufen,privat,Offer,200,test,kleinwagen,1999,manuell,75,fiesta,150000,Sep,Gasoline,ford,Other,2016-03-25 00:00:00,48653,2016-03-28 15:18:14,2016,2016,March,March,17,3
2016-03-14 00:36:21,Ford_Ka,privat,Offer,699,control,kleinwagen,1999,manuell,0,ka,150000,Jun,Gasoline,ford,No,2016-03-14 00:00:00,65589,2016-03-22 21:49:59,2016,2016,March,March,17,6
2016-03-22 20:58:42,Auto_billig_zu_verkaufen,privat,Offer,750,control,kleinwagen,2002,manuell,65,ka,150000,Jan,,ford,Other,2016-03-22 00:00:00,85521,2016-03-22 21:45:05,2016,2016,March,March,14,11
2016-03-17 15:48:54,Ford_Fiesta_1.25_Trend_Klima,privat,Offer,4999,test,kleinwagen,2010,manuell,82,fiesta,50000,Aug,Gasoline,ford,No,2016-03-17 00:00:00,52249,2016-03-17 15:48:54,2016,2016,March,March,6,4
2016-03-12 13:44:07,Ford_KLIMA_TÜV_NEU__03/2018,privat,Offer,1799,control,kleinwagen,2007,manuell,60,ka,80000,Oct,Gasoline,ford,No,2016-03-12 00:00:00,25436,2016-03-19 11:44:22,2016,2016,March,March,9,2
2016-03-28 14:36:36,Ford_Fiesta_1.3_Ambiente,privat,Offer,2850,test,kleinwagen,2007,manuell,60,fiesta,100000,Jan,Gasoline,ford,No,2016-03-28 00:00:00,50259,2016-03-28 14:36:36,2016,2016,March,March,9,11
2016-03-09 18:47:39,Ford_Fiesta_*voll_Funktionsfaehig_*TÜV_bis_12.17_*AHK,privat,Offer,400,test,kleinwagen,1995,manuell,51,fiesta,100000,Jun,Gasoline,ford,No,2016-03-09 00:00:00,36433,2016-03-30 21:16:28,2016,2016,March,March,21,6
2016-03-15 20:51:26,Ford_Ka_Bj.2010_Nichtraucherauto__Unfallfrei!!,privat,Offer,4500,test,kleinwagen,2010,manuell,69,ka,100000,Mar,Gasoline,ford,No,2016-03-15 00:00:00,91161,2016-03-30 13:16:06,2016,2016,March,March,6,9
2016-03-13 23:37:41,Ford_Fiesta,privat,Offer,1250,test,kleinwagen,2001,manuell,60,fiesta,90000,Sep,Gasoline,ford,No,2016-03-13 00:00:00,64560,2016-04-07 03:45:14,2016,2016,March,March,15,3
2016-03-25 12:31:07,Ford_Fiesta_Futura_2,privat,Offer,999,test,kleinwagen,2002,manuell,75,fiesta,150000,Apr,Gasoline,ford,No,2016-03-25 00:00:00,60488,2016-03-26 17:36:07,2016,2016,March,March,14,8
2016-03-24 06:36:56,Ford_Ka_Royal,privat,Offer,110,control,kleinwagen,2005,manuell,69,ka,150000,Mar,,ford,Yes,2016-03-24 00:00:00,89134,2016-04-06 22:45:34,2016,2016,March,March,11,9
2016-03-05 22:36:17,Ford_Fiesta_1.3,privat,Offer,1950,control,kleinwagen,2003,manuell,60,fiesta,80000,May,Gasoline,ford,No,2016-03-05 00:00:00,83512,2016-03-12 20:15:56,2016,2016,March,March,13,7
2016-03-29 23:53:15,Ford_Ka,privat,Offer,2390,control,kleinwagen,2006,manuell,60,ka,60000,Jun,Gasoline,ford,No,2016-03-29 00:00:00,24106,2016-04-04 18:45:35,2016,2016,March,March,10,6
2016-03-19 06:56:55,Spritziger_Ford_Ka_Bj._2004_in_Silber_metallic,privat,Offer,350,control,kleinwagen,2004,manuell,60,ka,125000,Jan,Gasoline,ford,Yes,2016-03-19 00:00:00,25872,2016-03-19 08:39:03,2016,2016,March,March,12,11
2016-03-06 20:47:53,Fahrbereiten_4_tuerigen_Fiesta_mit_TÜV_bis_Mai__fuer_Bastler,privat,Offer,250,control,kleinwagen,1997,Unspecified,55,fiesta,150000,Oct,Gasoline,ford,No,2016-03-06 00:00:00,56294,2016-03-16 18:16:06,2016,2016,March,March,19,2
2016-03-14 12:47:39,Ford_Fiesta_1.3_Ambiente,privat,Offer,2650,test,kleinwagen,2007,manuell,69,fiesta,125000,Aug,Gasoline,ford,No,2016-03-14 00:00:00,53127,2016-03-15 07:17:10,2016,2016,March,March,9,4
2016-03-13 18:36:25,Ford_Fiesta,privat,Offer,150,test,kleinwagen,1998,manuell,75,fiesta,150000,Jun,Gasoline,ford,Yes,2016-03-13 00:00:00,18147,2016-04-06 17:47:01,2016,2016,March,March,18,6
2016-03-16 21:49:59,Ford_Ka_in_Gelb,privat,Offer,300,control,kleinwagen,2000,manuell,0,ka,150000,May,Gasoline,ford,Other,2016-03-16 00:00:00,13129,2016-04-07 09:46:37,2016,2016,March,March,16,7
2016-03-31 00:57:01,Ford_Focus_1_4_75PS_Bj._99,privat,Offer,999,control,kleinwagen,1999,manuell,75,focus,150000,Jan,Gasoline,ford,No,2016-03-31 00:00:00,25712,2016-04-06 01:16:52,2016,2016,March,March,17,11
2016-04-01 22:39:14,Ford_Ka_Royal,privat,Offer,2200,test,kleinwagen,2008,manuell,60,ka,125000,Aug,Gasoline,ford,No,2016-04-01 00:00:00,42853,2016-04-05 20:18:13,2016,2016,April,April,8,4
2016-03-22 20:52:54,Ford_Ka_fuer_Aufkaeufer,privat,Offer,199,control,kleinwagen,2003,manuell,60,ka,150000,Mar,Gasoline,ford,No,2016-03-18 00:00:00,95030,2016-03-23 05:47:37,2016,2016,March,March,13,9
2016-03-11 09:57:02,Ford_Ka_..,privat,Offer,250,control,kleinwagen,1998,manuell,0,ka,150000,Jul,Gasoline,ford,No,2016-03-11 00:00:00,66953,2016-03-16 14:44:45,2016,2016,March,March,18,5
2016-04-04 00:46:48,Ford_Fiesta_Florida,privat,Offer,1290,test,kleinwagen,2002,manuell,60,fiesta,125000,May,Gasoline,ford,No,2016-04-03 00:00:00,75417,2016-04-06 07:16:35,2016,2016,April,April,14,7
2016-03-23 12:54:32,Ford_Fiesta_1.2_mit_2_Jahren_TÜV_.,privat,Offer,900,control,kleinwagen,2000,manuell,60,fiesta,150000,Apr,Gasoline,ford,No,2016-03-23 00:00:00,41061,2016-03-23 12:54:32,2016,2016,March,March,16,8
2016-03-10 18:54:20,Ford_Fiesta_sehr_Zuverlaessig_TÜV_1/17,privat,Offer,899,test,kleinwagen,1999,manuell,0,fiesta,150000,Jun,,ford,No,2016-03-10 00:00:00,37412,2016-03-13 00:46:19,2016,2016,March,March,17,6
2016-03-10 16:47:29,Ford_Fiesta,privat,Offer,1200,control,kleinwagen,2003,manuell,75,fiesta,150000,Mar,Gasoline,ford,No,2016-03-10 00:00:00,99085,2016-03-14 14:17:11,2016,2016,March,March,13,9
2016-03-19 07:55:54,Ford_Fiesta__Tuev_neu__4_Tueren__Euro_3__Winterreifen__1_Vorbesitze,privat,Offer,890,control,kleinwagen,1998,manuell,50,fiesta,100000,Apr,Gasoline,ford,No,2016-03-19 00:00:00,24107,2016-04-06 04:17:35,2016,2016,March,March,18,8
2016-03-24 11:58:26,Ford_Ka__1998___ohne_TÜV_fuer_99_zum_Ausschlachten,privat,Offer,55,test,kleinwagen,1998,manuell,60,ka,150000,Oct,Gasoline,ford,Yes,2016-03-24 00:00:00,84508,2016-04-01 06:45:12,2016,2016,March,March,18,2
2016-03-12 15:55:58,Ford_Fiesta____Klima,privat,Offer,2300,control,kleinwagen,2005,manuell,60,fiesta,125000,Mar,Gasoline,ford,Other,2016-03-12 00:00:00,1877,2016-04-07 04:44:30,2016,2016,March,March,11,9
2016-03-31 14:57:08,Kleinwagen_Ford_Ka,privat,Offer,215,control,kleinwagen,2001,manuell,0,ka,150000,Jan,Gasoline,ford,Other,2016-03-31 00:00:00,28239,2016-04-02 10:46:40,2016,2016,March,March,15,11
2016-03-22 22:36:45,Ford_Ka_zu_verkaufen,privat,Offer,600,control,kleinwagen,1999,manuell,45,ka,125000,Dec,Gasoline,ford,Other,2016-03-22 00:00:00,4435,2016-04-07 03:44:24,2016,2016,March,March,17,0
2016-03-08 14:36:58,Ford_Ka_Schwarz_60_PS_Sehr_guter_Zustand,privat,Offer,1500,test,kleinwagen,2003,manuell,60,ka,125000,Jan,Gasoline,ford,No,2016-03-08 00:00:00,51580,2016-03-16 07:48:16,2016,2016,March,March,13,11
2016-03-14 07:58:38,Ford_Fiesta,privat,Offer,550,control,kleinwagen,1998,manuell,50,fiesta,150000,Feb,Gasoline,ford,No,2016-03-14 00:00:00,57639,2016-03-17 12:45:38,2016,2016,March,March,18,10
2016-03-07 10:52:31,Der_Preis_ist_VB,privat,Offer,350,test,kleinwagen,1998,manuell,60,ka,125000,Feb,,ford,Yes,2016-03-07 00:00:00,46354,2016-03-19 19:20:22,2016,2016,March,March,18,10
2016-03-09 17:39:01,Ford_Fiesta_Ambiente,privat,Offer,2200,test,kleinwagen,2008,manuell,68,fiesta,150000,Jan,Diesel,ford,Other,2016-03-09 00:00:00,74676,2016-03-15 03:44:24,2016,2016,March,March,8,11
2016-04-03 17:37:51,Ford_Ka_bj_2004_mit_TÜV_und_Scheckheft!!!!,privat,Offer,800,test,kleinwagen,2004,manuell,0,ka,150000,Dec,Gasoline,ford,No,2016-04-03 00:00:00,45329,2016-04-05 17:26:29,2016,2016,April,April,12,0
2016-04-02 10:51:13,Ford_ka_gepflegter_Zustand,privat,Offer,850,test,kleinwagen,2001,manuell,0,ka,125000,Aug,Gasoline,ford,Other,2016-04-02 00:00:00,65835,2016-04-05 18:18:01,2016,2016,April,April,15,4
2016-04-04 23:37:56,Ford_Fiesta___zum_ausschlachten,privat,Offer,150,control,kleinwagen,1992,manuell,50,fiesta,150000,Jan,Lpg,ford,Yes,2016-04-04 00:00:00,68309,2016-04-07 09:15:23,2016,2016,April,April,24,11
2016-03-29 15:36:21,Ford_Fiesta,privat,Offer,800,control,kleinwagen,2000,manuell,60,fiesta,150000,Sep,Gasoline,ford,No,2016-03-29 00:00:00,61267,2016-04-06 02:45:11,2016,2016,March,March,16,3
2016-03-18 17:48:59,Ford_Fiesta_Tuev_neu,privat,Offer,650,test,kleinwagen,1996,manuell,0,Other,80000,Jan,,ford,Other,2016-03-18 00:00:00,81379,2016-03-31 21:17:52,2016,2016,March,March,20,11
2016-03-11 18:47:49,Ford_Fiesta_1.3_Black_Magic,privat,Offer,3650,test,kleinwagen,2007,manuell,69,fiesta,100000,Oct,Gasoline,ford,No,2016-03-11 00:00:00,45326,2016-03-16 07:15:47,2016,2016,March,March,9,2
2016-03-10 10:50:38,Ford_Fiesta_Bj_04/2002_ohne_TÜV,privat,Offer,270,test,kleinwagen,2002,Unspecified,0,fiesta,150000,Jan,,ford,Other,2016-03-10 00:00:00,26725,2016-03-17 14:47:41,2016,2016,March,March,14,11
2016-03-08 11:06:29,Ford_Fiesta_Style_TÜV_10/17_zu_verkaufen,privat,Offer,999,control,kleinwagen,1999,manuell,60,fiesta,150000,Apr,Gasoline,ford,No,2016-03-08 00:00:00,56457,2016-03-09 16:18:40,2016,2016,March,March,17,8
2016-03-19 18:44:24,Ford_Fiesta_Trend,privat,Offer,990,test,kleinwagen,2002,manuell,75,fiesta,150000,Apr,Gasoline,ford,No,2016-03-19 00:00:00,41540,2016-03-23 07:18:22,2016,2016,March,March,14,8
2016-04-01 20:38:40,Ford_Fiesta_1.3,privat,Offer,2350,test,kleinwagen,2004,manuell,60,fiesta,60000,Nov,Gasoline,ford,No,2016-04-01 00:00:00,31275,2016-04-05 17:26:56,2016,2016,April,April,12,1
2016-03-12 15:37:40,FORD_KA!!_GRÜNE_PLAKETTE!!,privat,Offer,0,control,kleinwagen,1997,manuell,50,ka,125000,Jan,Gasoline,ford,No,2016-03-12 00:00:00,52146,2016-03-12 15:37:40,2016,2016,March,March,19,11
2016-03-21 15:48:36,"Verkaufe_wegen_Neuanschaffung._""_reserviert_""",privat,Offer,600,control,kleinwagen,1999,manuell,115,focus,150000,Jan,Gasoline,ford,Other,2016-03-21 00:00:00,4603,2016-03-21 15:48:36,2016,2016,March,March,17,11
2016-03-12 17:47:46,Ford_Fiesta__Schwarz__BJ_1999__60_PS__VB_200_,privat,Offer,200,test,kleinwagen,1999,manuell,60,fiesta,150000,Jan,Gasoline,ford,Other,2016-03-12 00:00:00,33178,2016-03-15 04:16:37,2016,2016,March,March,17,11
2016-03-14 21:48:34,Ford_Fiesta,privat,Offer,750,test,kleinwagen,1998,manuell,60,fiesta,150000,Sep,Diesel,ford,Yes,2016-03-14 00:00:00,34117,2016-03-15 17:18:00,2016,2016,March,March,18,3
2016-03-07 13:49:46,Ford_Ka_____BJ____01._2003,privat,Offer,4650,control,kleinwagen,2002,manuell,60,ka,150000,Jan,Gasoline,ford,No,2016-03-07 00:00:00,83355,2016-04-06 12:44:34,2016,2016,March,March,14,11
2016-04-01 01:37:01,Ford_Fiesta_1.4_Ghia,privat,Offer,1490,control,kleinwagen,2002,manuell,80,fiesta,150000,Jun,Gasoline,ford,No,2016-04-01 00:00:00,71065,2016-04-01 06:38:07,2016,2016,April,April,14,6
2016-03-19 21:52:54,Ford_Fiesta_2.0_ST,privat,Offer,4850,control,kleinwagen,2005,manuell,150,fiesta,150000,Apr,Gasoline,ford,No,2016-03-19 00:00:00,87527,2016-04-05 13:44:25,2016,2016,March,March,11,8
2016-03-05 15:58:00,Ford_Fiesta_Ghia,privat,Offer,799,control,kleinwagen,1999,manuell,75,fiesta,50000,Jan,Gasoline,ford,No,2016-03-05 00:00:00,41844,2016-03-06 04:46:47,2016,2016,March,March,17,11
2016-03-07 09:56:33,Ford_Fusion,privat,Offer,3100,control,kleinwagen,2005,manuell,75,fusion,80000,Oct,Gasoline,ford,No,2016-03-07 00:00:00,45739,2016-03-08 14:45:17,2016,2016,March,March,11,2
2016-04-04 22:50:42,***_ACHTUNG_FORD_KA_MIT_NEU_TÜV_BIS_04/2018_ZU_VERKAUFEN_***,privat,Offer,1350,test,kleinwagen,2002,manuell,60,ka,150000,Aug,Gasoline,ford,Other,2016-04-04 00:00:00,20357,2016-04-07 02:17:14,2016,2016,April,April,14,4
2016-03-08 20:39:17,Ford_Fiesta_Style,privat,Offer,850,control,kleinwagen,1997,manuell,60,fiesta,150000,Feb,Gasoline,ford,No,2016-03-08 00:00:00,45665,2016-03-27 21:17:10,2016,2016,March,March,19,10
2016-03-24 14:51:02,Ford_Fiesta_Diesel_von_2007_Unfall,privat,Offer,600,control,kleinwagen,2007,manuell,74,fiesta,150000,Jan,Diesel,ford,Yes,2016-03-24 00:00:00,56068,2016-04-04 00:45:47,2016,2016,March,March,9,11
2016-03-26 23:56:16,Ford_Fiesta_1.3_Ambiente,privat,Offer,1800,test,kleinwagen,2006,manuell,60,fiesta,150000,May,Gasoline,ford,No,2016-03-26 00:00:00,90478,2016-04-07 02:46:51,2016,2016,March,March,10,7
2016-03-26 18:54:48,Ford_Fiesta_1.3,privat,Offer,1600,test,kleinwagen,2002,manuell,60,fiesta,150000,Dec,Gasoline,ford,No,2016-03-26 00:00:00,66701,2016-03-29 22:18:08,2016,2016,March,March,14,0
2016-03-12 01:00:41,*FORD_KA*_GEPFLEGT_*TÜV*,privat,Offer,650,test,kleinwagen,1997,manuell,60,ka,30000,Jan,,ford,Other,2016-03-12 00:00:00,40699,2016-03-21 15:49:05,2016,2016,March,March,19,11
2016-03-28 12:50:19,Ford*Ka_*Futura*klima*_nagel_neu_tuev*rost*_frei*_original_68.000*,privat,Offer,1599,test,kleinwagen,2004,manuell,69,ka,70000,Aug,Gasoline,ford,No,2016-03-28 00:00:00,12347,2016-03-30 03:17:54,2016,2016,March,March,12,4
2016-03-27 13:55:26,Ford_Fiesta_Giha,privat,Offer,300,test,kleinwagen,1998,manuell,0,fiesta,40000,Oct,Gasoline,ford,No,2016-03-27 00:00:00,85540,2016-03-29 02:46:09,2016,2016,March,March,18,2
2016-03-20 16:55:45,Ford_Fiesta_Ghia,privat,Offer,500,test,kleinwagen,1998,manuell,75,Other,150000,Nov,Gasoline,ford,Yes,2016-03-20 00:00:00,66798,2016-03-21 20:15:38,2016,2016,March,March,18,1
2016-03-21 14:44:18,Ford_Fiesta_1.2_mit_2_Jahren_TÜV.,privat,Offer,900,control,kleinwagen,2000,manuell,0,fiesta,150000,Mar,Gasoline,ford,No,2016-03-21 00:00:00,41061,2016-03-21 14:44:18,2016,2016,March,March,16,9
2016-03-31 13:55:16,Ford_Fiesta..tuev_06/2017..klima_..top,privat,Offer,700,control,kleinwagen,2002,manuell,60,fiesta,150000,Mar,Gasoline,ford,No,2016-03-31 00:00:00,18356,2016-04-06 07:16:01,2016,2016,March,March,14,9
2016-03-14 14:42:11,Ford_Fusion_1.4_Trend,privat,Offer,1650,control,kleinwagen,2003,manuell,80,fusion,125000,Mar,Gasoline,ford,No,2016-03-14 00:00:00,45257,2016-03-26 07:45:30,2016,2016,March,March,13,9
2016-03-19 15:17:40,Ford_Ka_mit_2_Jahre_TÜV__1_Hand__Klimaanlage_&_wenig_Kilometer,privat,Offer,150,test,kleinwagen,2003,manuell,54,ka,125000,Jun,Gasoline,ford,No,2016-03-18 00:00:00,60528,2016-03-26 17:45:50,2016,2016,March,March,13,6
2016-03-15 21:55:16,Ford_Galaxy_1.9_TDI,privat,Offer,2300,control,kleinwagen,1999,manuell,110,Other,150000,Jul,,ford,Yes,2016-03-15 00:00:00,71334,2016-04-03 07:15:43,2016,2016,March,March,17,5
2016-03-28 23:57:41,Ford_ka,privat,Offer,320,test,kleinwagen,1997,manuell,60,ka,150000,Jun,,ford,Other,2016-03-28 00:00:00,45896,2016-04-05 15:47:05,2016,2016,March,March,19,6
2016-03-16 20:48:43,Ford_Fiesta_+_Klima_+_4/5_Tuer_+_TÜV_und_AU_bis_03.2018_+_ALU_Fe.,privat,Offer,990,control,kleinwagen,1999,manuell,75,fiesta,150000,Jun,Gasoline,ford,No,2016-03-16 00:00:00,49525,2016-03-19 20:52:16,2016,2016,March,March,17,6
2016-03-28 13:37:19,Ford_Fiesta_1.3,privat,Offer,1500,test,kleinwagen,2002,manuell,60,fiesta,90000,Nov,Gasoline,ford,No,2016-03-28 00:00:00,89129,2016-04-06 16:46:33,2016,2016,March,March,14,1
2016-04-03 14:37:58,Ford_Fiesta_1.3_Fun,privat,Offer,3499,test,kleinwagen,2007,manuell,60,fiesta,90000,Jan,Gasoline,ford,No,2016-04-03 00:00:00,52499,2016-04-05 13:18:14,2016,2016,April,April,9,11
2016-03-22 14:54:29,Ford_ka_nur_heute_fuer_150_euro,privat,Offer,150,control,kleinwagen,2001,manuell,54,ka,150000,May,Gasoline,ford,Other,2016-03-22 00:00:00,31582,2016-03-22 15:42:40,2016,2016,March,March,15,7
2016-04-01 12:37:17,Ford_Ka__Servo__Klima__Euro4__Tuev&Au_08_2016_,privat,Offer,1100,test,kleinwagen,2002,manuell,60,ka,150000,Jan,Gasoline,ford,No,2016-04-01 00:00:00,73312,2016-04-03 08:17:06,2016,2016,April,April,14,11
2016-03-29 10:58:12,Ford_Fiesta_1.4_1st,privat,Offer,1100,control,kleinwagen,2002,manuell,80,fiesta,150000,Jun,Gasoline,ford,Yes,2016-03-29 00:00:00,26188,2016-04-05 20:47:01,2016,2016,March,March,14,6
2016-03-20 17:52:53,Ford_Fiesta_1.3,privat,Offer,850,test,kleinwagen,2000,manuell,50,fiesta,125000,Mar,Gasoline,ford,Other,2016-03-20 00:00:00,90473,2016-03-30 10:18:05,2016,2016,March,March,16,9
2016-03-19 13:57:15,Ford_KA_Sport_Edetion_Mit_Klima,privat,Offer,250,test,kleinwagen,1999,manuell,60,ka,20000,Jul,Gasoline,ford,No,2016-03-19 00:00:00,45661,2016-03-19 13:57:15,2016,2016,March,March,17,5
2016-03-21 14:42:51,Ford_Fiesta_1999Bj._TÜV_09.17,privat,Offer,670,control,kleinwagen,1999,manuell,50,fiesta,150000,May,Gasoline,ford,No,2016-03-21 00:00:00,77656,2016-03-24 03:15:27,2016,2016,March,March,17,7
2016-03-09 20:59:22,Ford_Ka_TÜV_AU_NEU_BIS_03_2018,privat,Offer,649,test,kleinwagen,1997,manuell,50,ka,70000,Apr,Gasoline,ford,No,2016-03-09 00:00:00,76275,2016-03-12 08:16:29,2016,2016,March,March,19,8
2016-03-09 14:52:01,Ford_Fiesta,privat,Offer,500,test,kleinwagen,2001,manuell,60,fiesta,125000,Feb,Gasoline,ford,No,2016-03-09 00:00:00,89075,2016-03-28 15:17:57,2016,2016,March,March,15,10
2016-03-20 12:58:56,Ford_Fiesta_1.3,privat,Offer,2500,test,kleinwagen,2004,manuell,60,fiesta,150000,Apr,Gasoline,ford,No,2016-03-20 00:00:00,78176,2016-03-24 04:18:18,2016,2016,March,March,12,8
2016-03-16 20:51:44,gehbrauchtauto,privat,Offer,2300,control,kleinwagen,2005,manuell,75,fiesta,90000,Jan,Gasoline,ford,No,2016-03-16 00:00:00,14641,2016-03-17 19:49:12,2016,2016,March,March,11,11
2016-03-12 17:41:26,Ford_Fiesta,privat,Offer,400,test,kleinwagen,1999,manuell,75,fiesta,150000,Mar,Gasoline,ford,No,2016-03-12 00:00:00,14547,2016-03-12 17:41:26,2016,2016,March,March,17,9
2016-03-25 15:40:57,Ford_Fiesta,privat,Offer,2000,test,kleinwagen,2004,manuell,0,fiesta,125000,Sep,Gasoline,ford,No,2016-03-25 00:00:00,41363,2016-03-25 15:40:57,2016,2016,March,March,12,3
2016-03-24 18:59:40,Ford_Fusion_1.25_Fun_X,privat,Offer,3599,test,kleinwagen,2007,manuell,75,fusion,80000,May,Gasoline,ford,No,2016-03-24 00:00:00,44329,2016-04-07 14:58:24,2016,2016,March,March,9,7
2016-03-31 16:47:51,Ford_Fiesta____Klima___Servo___ZV___ABS___4_Tueren___8_Fach_Alu,privat,Offer,990,control,kleinwagen,2001,manuell,75,fiesta,150000,Nov,Gasoline,ford,No,2016-03-31 00:00:00,22761,2016-04-06 10:15:51,2016,2016,March,March,15,1
2016-03-22 03:03:03,Ford_Fiesta_servo_Klima_Tuev,privat,Offer,999,test,kleinwagen,1997,manuell,60,fiesta,90000,Oct,Gasoline,ford,No,2016-03-22 00:00:00,16227,2016-04-05 16:47:15,2016,2016,March,March,19,2
2016-03-10 18:44:23,Ford_Fiesta_Mk_2,privat,Offer,200,test,kleinwagen,1988,automatik,50,fiesta,150000,Sep,,ford,Yes,2016-03-10 00:00:00,1796,2016-04-05 23:17:58,2016,2016,March,March,28,3
2016-03-31 14:54:56,Ford_Fiesta,privat,Offer,800,control,kleinwagen,1997,manuell,51,fiesta,150000,Jan,Gasoline,ford,Other,2016-03-31 00:00:00,50827,2016-04-06 07:45:22,2016,2016,March,March,19,11
2016-03-28 19:56:22,Ford_Fiesta,privat,Offer,450,control,kleinwagen,2000,manuell,0,fiesta,125000,Jul,Gasoline,ford,No,2016-03-28 00:00:00,50127,2016-04-03 01:18:02,2016,2016,March,March,16,5
2016-03-31 19:57:34,Ford_Fiesta_5_Tuerer___55_PS__G_Kat__Klima__Servo__Abs____TÜV_Neu,privat,Offer,750,control,kleinwagen,1999,manuell,55,fiesta,150000,Sep,Gasoline,ford,Other,2016-03-31 00:00:00,32130,2016-03-31 20:42:55,2016,2016,March,March,17,3
2016-03-15 21:41:15,Ford_Ka_Kool,privat,Offer,675,control,kleinwagen,1998,manuell,60,ka,100000,Nov,Gasoline,ford,No,2016-03-15 00:00:00,59609,2016-04-07 04:46:44,2016,2016,March,March,18,1
2016-03-21 09:37:35,Ford_Fiesta_1.3,privat,Offer,1990,control,kleinwagen,2004,manuell,60,fiesta,150000,Feb,Gasoline,ford,No,2016-03-21 00:00:00,24223,2016-04-06 01:49:23,2016,2016,March,March,12,10
2016-03-22 01:57:57,Ford_Fiesta_....ideal_fuer_Fahranfaenger!,privat,Offer,1111,test,kleinwagen,2001,manuell,75,fiesta,90000,Jan,Gasoline,ford,No,2016-03-22 00:00:00,23795,2016-03-23 15:19:22,2016,2016,March,March,15,11
2016-03-23 11:57:54,Ford_Ka_TÜV_neu,privat,Offer,1199,test,kleinwagen,2000,manuell,0,ka,150000,Jan,Gasoline,ford,No,2016-03-23 00:00:00,29345,2016-04-05 11:18:21,2016,2016,March,March,16,11
2016-04-03 20:54:25,Ford_Fiesta_1.3_Sehr_Sauber,privat,Offer,2590,test,kleinwagen,2005,manuell,69,fiesta,100000,Aug,Gasoline,ford,No,2016-04-03 00:00:00,87435,2016-04-05 21:47:13,2016,2016,April,April,11,4
2016-04-01 18:58:38,Ford_Ka_gepflegt,privat,Offer,700,control,kleinwagen,2001,manuell,0,ka,150000,Mar,Gasoline,ford,No,2016-04-01 00:00:00,50126,2016-04-05 14:47:23,2016,2016,April,April,15,9
2016-03-14 14:37:55,Ford_Ka_1.2_Titanium,privat,Offer,4400,control,kleinwagen,2010,manuell,69,ka,125000,Apr,Gasoline,ford,No,2016-03-14 00:00:00,94034,2016-03-18 01:17:39,2016,2016,March,March,6,8
2016-03-31 19:42:50,Ford_Fiesta_inkl_Sommer_&_Winterreifen_Euro_2_TÜV_04/2016,privat,Offer,200,control,kleinwagen,1998,manuell,50,fiesta,100000,Apr,Gasoline,ford,Other,2016-03-31 00:00:00,37431,2016-03-31 19:42:50,2016,2016,March,March,18,8
2016-03-20 15:57:53,Ford_Ka_Futura,privat,Offer,900,control,kleinwagen,2001,manuell,60,ka,150000,Jan,Gasoline,ford,No,2016-03-20 00:00:00,50226,2016-03-20 15:57:53,2016,2016,March,March,15,11
2016-04-02 20:54:04,Ersatzteillager__so_nicht_mehr_fahrbar,privat,Offer,100,test,kleinwagen,1998,manuell,90,escort,150000,Jan,Gasoline,ford,Yes,2016-04-02 00:00:00,87509,2016-04-06 21:44:38,2016,2016,April,April,18,11
2016-03-15 00:58:25,Ford_Fiesta,privat,Offer,599,test,kleinwagen,1998,manuell,60,fiesta,80000,Apr,Gasoline,ford,No,2016-03-14 00:00:00,89073,2016-03-24 21:15:51,2016,2016,March,March,18,8
2016-03-07 21:52:05,Ford_Fiesta_TÜV_neu,privat,Offer,900,control,kleinwagen,1996,manuell,60,fiesta,100000,Jan,Gasoline,ford,No,2016-03-07 00:00:00,49626,2016-03-17 08:44:45,2016,2016,March,March,20,11
2016-03-20 13:36:16,Ford_Fiesta_Rentnerfahrzeug_1Hand_Klima_5Tuer_37800_Km,privat,Offer,1000,test,kleinwagen,1997,automatik,75,fiesta,40000,Dec,Gasoline,ford,No,2016-03-20 00:00:00,42117,2016-03-20 13:36:16,2016,2016,March,March,19,0
2016-03-30 11:47:06,Ford_fiasta_bj_98,privat,Offer,600,test,kleinwagen,1998,automatik,0,fiesta,150000,Nov,Gasoline,ford,No,2016-03-30 00:00:00,20537,2016-04-07 02:17:49,2016,2016,March,March,18,1
2016-03-28 16:42:07,Ford_Ka_TÜV_NEU_/_8_fach_bereift_/_TOP_Anfaengerauto,privat,Offer,1899,test,kleinwagen,2005,manuell,69,ka,150000,Mar,Gasoline,ford,No,2016-03-28 00:00:00,95145,2016-04-02 21:16:10,2016,2016,March,March,11,9
2016-03-06 15:46:51,Ford_fiesta,privat,Offer,1000,test,kleinwagen,2003,manuell,71,fiesta,5000,Jan,Gasoline,ford,Other,2016-03-06 00:00:00,47166,2016-03-06 15:46:51,2016,2016,March,March,13,11
2016-04-04 15:48:36,Ford_Fiesta_gepflegt_126000___und_tuev_bis_10/2017,privat,Offer,925,test,kleinwagen,2000,manuell,50,fiesta,150000,Nov,Gasoline,ford,No,2016-04-04 00:00:00,42551,2016-04-04 15:48:36,2016,2016,April,April,16,1
2016-03-05 15:47:29,Ford_Ka__Wolf_Tieferlegung_Breitreifen_195/45_15_Tuev12.16_1650_,privat,Offer,1650,control,kleinwagen,1998,manuell,44,ka,125000,Feb,Gasoline,ford,No,2016-03-05 00:00:00,48691,2016-04-07 13:16:46,2016,2016,March,March,18,10
2016-03-12 21:55:44,Ford_Ka_zum_ausschlachten_Klima,privat,Offer,10,test,kleinwagen,2002,manuell,44,ka,125000,Dec,Gasoline,ford,Yes,2016-03-12 00:00:00,57368,2016-04-05 20:19:06,2016,2016,March,March,14,0
2016-03-09 12:42:54,Hallo_da_bin_ich_:_,privat,Offer,850,control,kleinwagen,2002,manuell,0,ka,150000,Aug,Gasoline,ford,No,2016-03-09 00:00:00,21644,2016-04-01 22:15:53,2016,2016,March,March,14,4
2016-03-29 22:42:24,Ford_Ka_TÜV_bis_07/2017_Servo._Klima._el.Fenster,privat,Offer,1250,test,kleinwagen,2002,manuell,60,ka,150000,Jun,Gasoline,ford,No,2016-03-29 00:00:00,46325,2016-04-02 11:44:57,2016,2016,March,March,14,6
2016-03-31 19:40:14,Ford_Ka_Fun_X,privat,Offer,1590,control,kleinwagen,2007,manuell,60,ka,80000,Oct,Gasoline,ford,No,2016-03-31 00:00:00,74321,2016-04-02 15:16:29,2016,2016,March,March,9,2
2016-03-14 20:50:01,Ford_Fusion_Bj._2004_in_Farbe_Graphit_grau_Met.___Diesel,privat,Offer,2500,control,kleinwagen,2004,manuell,68,fusion,125000,Sep,Diesel,ford,Other,2016-03-14 00:00:00,53919,2016-03-15 16:19:29,2016,2016,March,March,12,3
2016-03-28 12:50:27,Ford_Fiesta_1_3_Bj_2001_KLIMA_SERVO_Tuev/AU_NEU_nur_93000km_D4_Kat,privat,Offer,1190,test,kleinwagen,2001,manuell,60,fiesta,100000,Jun,Gasoline,ford,Other,2016-03-28 00:00:00,10967,2016-04-04 14:45:23,2016,2016,March,March,15,6
2016-04-04 20:39:53,Auto_ford_fiesta,privat,Offer,400,control,kleinwagen,1997,manuell,0,Other,150000,Jan,Gasoline,ford,Yes,2016-04-04 00:00:00,41065,2016-04-06 22:46:27,2016,2016,April,April,19,11
2016-03-29 17:39:33,zu_verkaufen,privat,Offer,650,control,kleinwagen,1991,manuell,37,fiesta,150000,Apr,Gasoline,ford,No,2016-03-29 00:00:00,3116,2016-03-31 10:44:42,2016,2016,March,March,25,8
2016-03-08 20:43:35,Ford_Fiesta_1.3_Fun_X,privat,Offer,2700,control,kleinwagen,2007,manuell,60,fiesta,150000,Jul,Gasoline,ford,No,2016-03-08 00:00:00,50259,2016-04-05 18:45:24,2016,2016,March,March,9,5
2016-03-17 07:00:54,Ford_Fiesta,privat,Offer,1650,control,kleinwagen,2002,manuell,60,fiesta,125000,Nov,Gasoline,ford,No,2016-03-17 00:00:00,23923,2016-03-17 09:42:11,2016,2016,March,March,14,1
2016-03-18 07:36:58,Ford_Focus_/_Euro_4_/_TÜV_neu,privat,Offer,1850,test,kleinwagen,2002,manuell,75,focus,150000,Dec,Gasoline,ford,No,2016-03-18 00:00:00,66578,2016-03-20 04:47:32,2016,2016,March,March,14,0
2016-03-16 12:37:43,Ford_fiesta_Diesel_20998_km,privat,Offer,350,test,kleinwagen,2000,manuell,75,Other,150000,Aug,Diesel,ford,No,2016-03-16 00:00:00,58511,2016-04-06 06:16:26,2016,2016,March,March,16,4
2016-03-08 16:54:58,Ford_Ka_zu_verkaufen,privat,Offer,1600,test,kleinwagen,2006,manuell,0,ka,50000,Apr,Gasoline,ford,No,2016-03-08 00:00:00,53842,2016-03-15 01:17:56,2016,2016,March,March,10,8
2016-03-15 21:48:24,Ford_Ka_1.2_Titanium,privat,Offer,4500,control,kleinwagen,2010,manuell,69,ka,100000,Mar,Gasoline,ford,No,2016-03-15 00:00:00,91161,2016-03-30 15:44:52,2016,2016,March,March,6,9
2016-03-15 07:55:23,Verkaufe_ein_Ford_Fiesta,privat,Offer,900,test,kleinwagen,1995,manuell,50,fiesta,150000,Mar,Gasoline,ford,No,2016-03-15 00:00:00,72762,2016-04-05 17:22:11,2016,2016,March,March,21,9
2016-03-29 09:52:57,Ford_Fiesta_TÜV_Neu_03/2018,privat,Offer,990,test,kleinwagen,1996,automatik,55,fiesta,125000,Dec,Gasoline,ford,Other,2016-03-29 00:00:00,32257,2016-03-29 10:38:42,2016,2016,March,March,20,0
2016-03-15 18:54:37,Ford_ka_TÜV_2017__Servo__sehr_gepflegt_!!!,privat,Offer,800,control,kleinwagen,1997,manuell,60,ka,125000,Jan,Gasoline,ford,No,2016-03-15 00:00:00,44575,2016-03-19 15:15:25,2016,2016,March,March,19,11
2016-03-15 17:50:35,Ford_Fiesta_1.4_Ambiente_Klimaangae_TÜV_03/2017,privat,Offer,1850,control,kleinwagen,2004,manuell,80,fiesta,100000,Aug,Gasoline,ford,No,2016-03-15 00:00:00,58454,2016-03-16 15:18:46,2016,2016,March,March,12,4
2016-03-19 11:47:03,Ford_Ka_mit_TÜV_07/2017!_Klima_Euro_4_Voll_fahrbereit_++,privat,Offer,750,test,kleinwagen,2003,manuell,60,ka,150000,Jan,Gasoline,ford,Other,2016-03-19 00:00:00,41516,2016-03-19 11:47:03,2016,2016,March,March,13,11
2016-03-27 22:53:42,Ford_Ka_1.2_Trend,privat,Offer,5200,test,kleinwagen,2010,manuell,69,ka,70000,May,Gasoline,ford,No,2016-03-27 00:00:00,68519,2016-04-06 01:15:29,2016,2016,March,March,6,7
2016-03-25 15:51:01,Ford_Fiesta_1.3_Klima_TOP_ZUSTAND_SPARSAM,privat,Offer,2850,test,kleinwagen,2006,manuell,69,fiesta,150000,Sep,Gasoline,ford,No,2016-03-25 00:00:00,21147,2016-04-06 20:16:16,2016,2016,March,March,10,3
2016-03-28 20:53:10,Ford_KA_mit_2_Jahren_TÜV,privat,Offer,1400,control,kleinwagen,2000,manuell,50,ka,60000,Jun,Gasoline,ford,Other,2016-03-28 00:00:00,49549,2016-04-07 04:15:57,2016,2016,March,March,16,6
2016-03-15 01:58:06,Ford_Fiesta_1.4_diesel_top_auto_tuev_bis_2018_wr+sr,privat,Offer,1990,test,kleinwagen,2005,manuell,68,fiesta,150000,Mar,Diesel,ford,No,2016-03-15 00:00:00,36100,2016-03-30 20:46:57,2016,2016,March,March,11,9
2016-03-23 12:48:25,Ford_Fiesta,privat,Offer,500,control,kleinwagen,1999,manuell,60,fiesta,125000,Nov,Gasoline,ford,No,2016-03-23 00:00:00,95233,2016-04-03 13:46:01,2016,2016,March,March,17,1
2016-03-27 17:51:24,Ford_Fiesta_1_4_TDCI___Klima__Servo_und_TÜV_bis_03/17__,privat,Offer,1650,test,kleinwagen,2004,manuell,68,fiesta,150000,Mar,Diesel,ford,Other,2016-03-27 00:00:00,33154,2016-04-05 14:16:08,2016,2016,March,March,12,9
2016-03-20 14:46:24,Ford_Fiesta,privat,Offer,1199,test,kleinwagen,2002,manuell,60,fiesta,90000,Jan,Gasoline,ford,No,2016-03-20 00:00:00,9619,2016-04-06 17:46:16,2016,2016,March,March,14,11
2016-03-19 04:36:18,Ford_Fiesta_1.8_DI_Turbodiesel_Futura_Klima_AHK,privat,Offer,1100,test,kleinwagen,2001,manuell,75,fiesta,150000,May,Diesel,ford,Other,2016-03-19 00:00:00,23568,2016-03-22 16:17:49,2016,2016,March,March,15,7
2016-03-16 21:51:15,Ford_Ka__8_Fach_Bereift_2_Jahre_TÜV,privat,Offer,1450,control,kleinwagen,2003,manuell,60,ka,80000,May,Gasoline,ford,No,2016-03-16 00:00:00,34346,2016-03-24 17:18:29,2016,2016,March,March,13,7
2016-03-08 15:56:14,Ford_Fiesta,privat,Offer,699,test,kleinwagen,1998,manuell,50,fiesta,125000,Jan,Gasoline,ford,Yes,2016-03-08 00:00:00,38112,2016-04-07 00:46:15,2016,2016,March,March,18,11
2016-03-30 17:58:15,Ford_Fiesta_1_3,privat,Offer,800,control,kleinwagen,1999,manuell,60,fiesta,150000,Jan,Gasoline,ford,Yes,2016-03-30 00:00:00,97903,2016-04-07 08:46:18,2016,2016,March,March,17,11
2016-03-16 20:46:23,Ford_Fiesta_1.3_Ambiente,privat,Offer,2349,control,kleinwagen,2003,manuell,60,fiesta,80000,Sep,Gasoline,ford,No,2016-03-16 00:00:00,78667,2016-04-01 11:15:32,2016,2016,March,March,13,3
2016-03-23 10:53:58,FORD_Ka_D2_CallYa_Edition_Leder_Klima_Fensterheber_Zentralver.,privat,Offer,500,control,kleinwagen,1999,manuell,60,ka,125000,Jul,Gasoline,ford,No,2016-03-23 00:00:00,31655,2016-04-01 15:18:23,2016,2016,March,March,17,5
2016-04-01 16:53:37,Ford_Fiesta_1.4_Automatik_TÜV_01.2018,privat,Offer,800,control,kleinwagen,1998,automatik,60,fiesta,125000,Feb,Gasoline,ford,No,2016-04-01 00:00:00,6712,2016-04-01 16:53:37,2016,2016,April,April,18,10
2016-03-16 16:53:15,Ford_Focus_fuer_Fahranfaenger.,privat,Offer,1250,control,kleinwagen,2003,manuell,75,focus,150000,Jan,Gasoline,ford,Yes,2016-03-16 00:00:00,12459,2016-03-17 15:16:15,2016,2016,March,March,13,11
2016-03-08 14:56:22,Ford_Ka_Viva_X_TÜV_08/2017,privat,Offer,1250,test,kleinwagen,2006,manuell,60,ka,150000,Aug,Gasoline,ford,No,2016-03-08 00:00:00,63165,2016-03-11 09:15:23,2016,2016,March,March,10,4
2016-03-17 10:50:02,Ford_Fiesta_mit_Tuef,privat,Offer,390,test,kleinwagen,1996,manuell,0,fiesta,150000,Dec,Gasoline,ford,Other,2016-03-17 00:00:00,73734,2016-04-06 09:15:46,2016,2016,March,March,20,0
2016-03-23 13:52:13,Ford_Fiesta_1.4_Trend_Klima_ZV_Service_neu.,privat,Offer,1450,test,kleinwagen,2003,manuell,80,fiesta,150000,Dec,Gasoline,ford,No,2016-03-23 00:00:00,78661,2016-03-24 21:18:03,2016,2016,March,March,13,0
2016-03-07 16:52:30,Ford_Ka_Bj._98_TÜV_bis_7/2017,privat,Offer,750,control,kleinwagen,1998,manuell,0,ka,150000,Sep,Gasoline,ford,No,2016-03-07 00:00:00,59192,2016-04-05 23:46:06,2016,2016,March,March,18,3
2016-03-14 22:52:36,Ford_Fiesta_1.3,privat,Offer,2150,control,kleinwagen,2005,manuell,60,fiesta,150000,Mar,Gasoline,ford,No,2016-03-14 00:00:00,32545,2016-03-16 17:49:24,2016,2016,March,March,11,9
2016-03-11 14:53:38,Ford_Fiesta_Trend__2.Hand__TÜV_neu,privat,Offer,2140,control,kleinwagen,2003,manuell,80,fiesta,150000,Jun,Gasoline,ford,No,2016-03-11 00:00:00,44866,2016-03-29 05:46:24,2016,2016,March,March,13,6
2016-03-31 14:45:30,Schlachte_Ford_Ka_Schlachtfest_Teile_1.3_60_PS,privat,Offer,0,control,kleinwagen,1997,manuell,60,ka,150000,Apr,Gasoline,ford,No,2016-03-31 00:00:00,37671,2016-04-06 07:17:08,2016,2016,March,March,19,8
2016-03-30 05:36:22,Ford_Ka_Cool_mit_Klimaanlage,privat,Offer,950,test,kleinwagen,1999,manuell,60,ka,150000,Jun,Gasoline,ford,No,2016-03-30 00:00:00,42853,2016-04-01 02:47:19,2016,2016,March,March,17,6
2016-03-25 14:57:57,Ford_Fiesta_TÜV_01/17,privat,Offer,599,control,kleinwagen,1998,manuell,60,fiesta,150000,Jan,Gasoline,ford,Other,2016-03-25 00:00:00,51149,2016-03-25 14:57:57,2016,2016,March,March,18,11
2016-03-27 14:41:09,Ford_Ka_zu_verkaufen,privat,Offer,650,control,kleinwagen,2001,manuell,60,ka,125000,Oct,,ford,Other,2016-03-27 00:00:00,66578,2016-03-27 14:41:09,2016,2016,March,March,15,2
2016-03-17 19:49:45,Ford_ka__Euro4_,privat,Offer,450,control,kleinwagen,2001,manuell,60,ka,5000,Mar,Gasoline,ford,Yes,2016-03-17 00:00:00,72351,2016-04-07 07:46:17,2016,2016,March,March,15,9
2016-03-11 11:25:19,Ford_Fiesta_1.25_Benzin__Euro_5__Klima__5_tuerig__TÜV,privat,Offer,3799,test,kleinwagen,2010,manuell,60,fiesta,150000,Nov,Gasoline,ford,No,2016-03-11 00:00:00,63067,2016-04-05 19:18:33,2016,2016,March,March,6,1
2016-03-15 14:49:21,Ford_Fiesta_Unfallfahrzeug_zum_Ausschlachten,privat,Offer,75,control,kleinwagen,2000,manuell,0,fiesta,150000,Jan,Gasoline,ford,Yes,2016-03-15 00:00:00,31029,2016-04-06 05:16:10,2016,2016,March,March,16,11
2016-03-11 17:52:59,Ford_Ka_TÜV_6/17,privat,Offer,850,control,kleinwagen,2004,manuell,60,ka,150000,Jan,Hybrid,ford,Other,2016-03-11 00:00:00,26605,2016-03-12 08:15:38,2016,2016,March,March,12,11
2016-03-22 00:36:41,Ford_Fiesta_1.3_Ambiente,privat,Offer,3999,control,kleinwagen,2006,manuell,60,fiesta,40000,Feb,Gasoline,ford,No,2016-03-22 00:00:00,53913,2016-04-05 18:15:52,2016,2016,March,March,10,10
2016-03-20 18:47:39,Ford_Fiesta,privat,Offer,299,test,kleinwagen,1998,manuell,50,fiesta,125000,Aug,Gasoline,ford,Other,2016-03-20 00:00:00,71116,2016-04-07 02:18:02,2016,2016,March,March,18,4
2016-03-22 15:52:21,Ford_Ka_Viva_X_klima_Servo_Tuev_neu,privat,Offer,1190,control,kleinwagen,2005,manuell,69,ka,150000,Jan,Gasoline,ford,No,2016-03-22 00:00:00,54595,2016-04-06 05:45:48,2016,2016,March,March,11,11
2016-03-27 15:56:24,Ich_biete_hier_ein_Ford_Fiesta_Bj_2002_an.,privat,Offer,300,control,kleinwagen,2002,manuell,60,fiesta,150000,Feb,Gasoline,ford,Yes,2016-03-27 00:00:00,45879,2016-03-27 16:42:35,2016,2016,March,March,14,10
2016-03-19 13:45:40,Ford_Fiesta_1.4_TDCI_Style,privat,Offer,3650,test,kleinwagen,2008,manuell,68,fiesta,150000,Sep,Diesel,ford,No,2016-03-19 00:00:00,41751,2016-04-06 19:17:43,2016,2016,March,March,8,3
2016-03-09 23:54:30,Ford_Ka_Royal,privat,Offer,600,test,kleinwagen,2001,manuell,60,ka,125000,Jan,Gasoline,ford,Yes,2016-03-09 00:00:00,52525,2016-03-13 00:46:36,2016,2016,March,March,15,11
2016-04-07 10:06:18,Verkaeufer_einen_kleinen_Flitzer,privat,Offer,850,control,kleinwagen,1999,manuell,0,fiesta,150000,Dec,Gasoline,ford,Other,2016-04-07 00:00:00,65195,2016-04-07 10:06:18,2016,2016,April,April,17,0
2016-03-15 13:46:30,Ford_Fiesta,privat,Offer,150,control,kleinwagen,2001,manuell,60,fiesta,125000,Jan,Gasoline,ford,Other,2016-03-15 00:00:00,85276,2016-03-15 13:46:30,2016,2016,March,March,15,11
2016-03-23 12:36:55,Ford_Fiesta_ST_Sport/2_Jahre_TÜV_Neu,privat,Offer,1899,control,kleinwagen,2001,manuell,103,fiesta,125000,Jan,Gasoline,ford,No,2016-03-23 00:00:00,22415,2016-04-03 14:46:05,2016,2016,March,March,15,11
2016-03-08 21:54:29,Ford_Fiesta_TÜV/_AU_Neu,privat,Offer,899,control,kleinwagen,1998,manuell,75,fiesta,150000,Jul,Gasoline,ford,No,2016-03-08 00:00:00,89518,2016-04-06 08:44:53,2016,2016,March,March,18,5
2016-03-17 17:38:01,Ford_Ka,privat,Offer,700,control,kleinwagen,2001,manuell,60,ka,150000,Oct,Gasoline,ford,No,2016-03-17 00:00:00,13355,2016-03-19 17:18:27,2016,2016,March,March,15,2
2016-03-10 18:45:28,Ford_ka_NeueKupplung_+__tuev,privat,Offer,799,test,kleinwagen,2003,manuell,60,ka,150000,Feb,Gasoline,ford,Other,2016-03-10 00:00:00,53175,2016-03-23 18:46:59,2016,2016,March,March,13,10
2016-03-05 16:45:37,Ford_Ka,privat,Offer,690,control,kleinwagen,1998,manuell,60,ka,125000,Jan,Gasoline,ford,No,2016-03-05 00:00:00,44623,2016-03-06 03:16:24,2016,2016,March,March,18,11
2016-03-07 19:46:39,Ford_Fiesta_1.4_TDCI__*sehr_gepflegt*TÜV*5tuerer*,privat,Offer,2050,control,kleinwagen,2002,manuell,68,fiesta,150000,Mar,Diesel,ford,No,2016-03-07 00:00:00,24768,2016-03-27 15:15:35,2016,2016,March,March,14,9
2016-03-14 21:48:42,Ford_Ka,privat,Offer,1950,test,kleinwagen,2002,manuell,60,ka,90000,Mar,Gasoline,ford,No,2016-03-14 00:00:00,22457,2016-04-06 13:46:49,2016,2016,March,March,14,9
2016-04-05 00:36:58,"Ford_Ka_mit_14""_Alufelgen",privat,Offer,1100,control,kleinwagen,2004,manuell,60,ka,80000,Apr,Gasoline,ford,Other,2016-04-05 00:00:00,57258,2016-04-05 11:41:29,2016,2016,April,April,12,8
2016-04-01 14:38:08,Top_Anfaenger_Fahrzeug,privat,Offer,699,test,kleinwagen,1995,manuell,50,fiesta,150000,Jul,Gasoline,ford,Other,2016-04-01 00:00:00,40233,2016-04-05 08:49:58,2016,2016,April,April,21,5
2016-03-21 19:36:28,Zu_verkaufen,privat,Offer,1250,test,kleinwagen,2002,Unspecified,70,fiesta,150000,Apr,,ford,No,2016-03-21 00:00:00,89522,2016-04-02 21:18:48,2016,2016,March,March,14,8
2016-03-22 01:32:22,Ford_fiesta_2001,privat,Offer,350,test,kleinwagen,2001,manuell,50,fiesta,150000,Jan,Gasoline,ford,Other,2016-03-22 00:00:00,35463,2016-03-23 00:38:39,2016,2016,March,March,15,11
2016-04-06 09:36:21,Ford_Fiesta_1.3_Trend,privat,Offer,3200,test,kleinwagen,2003,manuell,69,fiesta,70000,May,Gasoline,ford,No,2016-04-06 00:00:00,57290,2016-04-06 10:06:18,2016,2016,April,April,13,7
2016-03-19 15:06:45,Ford_1_HAND__Nur_68000_Km_KLIMA,privat,Offer,1650,test,kleinwagen,2008,manuell,69,ka,70000,Jan,Gasoline,ford,No,2016-03-19 00:00:00,65719,2016-03-19 15:06:45,2016,2016,March,March,8,11
2016-03-31 20:51:13,Verkaufe_Ford_Fusion_Automatik,privat,Offer,1999,test,kleinwagen,2006,automatik,101,fusion,150000,Aug,Gasoline,ford,No,2016-03-31 00:00:00,73550,2016-03-31 20:51:13,2016,2016,March,March,10,4
2016-04-02 20:50:49,Ford_Fiesta_1.3_Ambiente,privat,Offer,3500,test,kleinwagen,2007,manuell,60,fiesta,100000,Apr,Gasoline,ford,No,2016-04-02 00:00:00,47533,2016-04-06 21:44:30,2016,2016,April,April,9,8
2016-04-04 22:37:36,Ford_fiesta_diesel_kleinwagen_5_tuerig,privat,Offer,5690,test,kleinwagen,2010,manuell,68,Other,125000,Jun,Diesel,ford,Other,2016-04-04 00:00:00,41844,2016-04-07 01:16:21,2016,2016,April,April,6,6
2016-03-13 10:38:03,Fiesta_DIESEL_75ps_bj_2001_NUR_HEUTE,privat,Offer,399,control,kleinwagen,2001,manuell,0,fiesta,5000,Jan,,ford,No,2016-03-13 00:00:00,38228,2016-03-13 10:38:03,2016,2016,March,March,15,11
2016-03-05 14:47:26,Ford_Fiesta_1.3_Klima_5.Tuerer_2.Hand,privat,Offer,1500,control,kleinwagen,2004,manuell,0,fiesta,80000,Jul,Gasoline,ford,Yes,2016-03-05 00:00:00,71691,2016-03-06 03:46:29,2016,2016,March,March,12,5
2016-03-22 20:57:30,Ford_Fiesta_1.4_Trend_Winterpaket__Klimaautomatik,privat,Offer,3990,control,kleinwagen,2005,manuell,80,fiesta,60000,Dec,Gasoline,ford,No,2016-03-22 00:00:00,73447,2016-03-28 13:16:01,2016,2016,March,March,11,0
2016-03-14 16:56:05,Ford_Fiesta_*LPG_Gasanlage*_TÜV_bis_12/17,privat,Offer,2000,test,kleinwagen,2003,manuell,60,fiesta,150000,Feb,,ford,Other,2016-03-14 00:00:00,46238,2016-03-29 13:46:44,2016,2016,March,March,13,10
2016-03-11 16:50:56,Ka__2005__erst_106.000_km__TÜV/_AU_neu__gepflegt!!!,privat,Offer,1590,test,kleinwagen,2005,manuell,60,ka,125000,Feb,Gasoline,ford,No,2016-03-11 00:00:00,44625,2016-03-12 09:36:26,2016,2016,March,March,11,10
2016-03-14 17:49:05,Ford_Fiesta_8_Fach_bereift_perfektes_Anfaengerfahrzeug,privat,Offer,650,test,kleinwagen,2001,manuell,50,fiesta,150000,Sep,,ford,Other,2016-03-14 00:00:00,75447,2016-04-06 00:47:05,2016,2016,March,March,15,3
2016-04-03 12:58:18,Ford_Ka_Tuev_Neu,privat,Offer,980,control,kleinwagen,1999,manuell,60,ka,90000,Jun,Gasoline,ford,No,2016-04-03 00:00:00,53619,2016-04-05 11:47:24,2016,2016,April,April,17,6
2016-03-08 08:57:45,Ford_Ka_TÜV_06/2016,privat,Offer,450,test,kleinwagen,2001,manuell,60,ka,150000,Oct,Gasoline,ford,Other,2016-03-08 00:00:00,32423,2016-03-14 06:45:55,2016,2016,March,March,15,2
2016-03-20 22:39:32,Ford_Fiesta,privat,Offer,500,test,kleinwagen,1998,Unspecified,0,fiesta,150000,Oct,Gasoline,ford,No,2016-03-20 00:00:00,50997,2016-03-20 22:39:32,2016,2016,March,March,18,2
2016-03-17 16:45:35,Ford_Fiesta,privat,Offer,600,test,kleinwagen,1999,manuell,50,fiesta,150000,May,Gasoline,ford,No,2016-03-17 00:00:00,24576,2016-04-07 01:44:27,2016,2016,March,March,17,7
2016-03-20 12:57:36,Ford_Ka,privat,Offer,1900,test,kleinwagen,2003,manuell,60,ka,70000,Dec,Gasoline,ford,No,2016-03-20 00:00:00,37603,2016-04-06 13:15:58,2016,2016,March,March,13,0
2016-03-25 21:40:13,Ford_ka_fahrbereit,privat,Offer,100,test,kleinwagen,2000,manuell,60,ka,90000,Jan,Gasoline,ford,Yes,2016-03-25 00:00:00,89291,2016-04-07 03:46:52,2016,2016,March,March,16,11
2016-03-25 18:43:48,Verkaufe_Fiesta_ohne_TÜV_mit_Austauschmotor!,privat,Offer,400,test,kleinwagen,1996,manuell,45,fiesta,125000,Nov,Gasoline,ford,Other,2016-03-25 00:00:00,36039,2016-04-07 00:16:19,2016,2016,March,March,20,1
2016-03-16 11:06:18,FORD_Ka_ohne_TÜV_fahrbereit,privat,Offer,120,control,kleinwagen,2001,manuell,60,ka,150000,Jan,Gasoline,ford,Yes,2016-03-16 00:00:00,35794,2016-03-17 21:13:27,2016,2016,March,March,15,11
2016-03-17 18:43:15,Ford_ka_2008,privat,Offer,2800,control,kleinwagen,2008,manuell,60,ka,80000,Feb,Gasoline,ford,Other,2016-03-17 00:00:00,38124,2016-03-25 22:44:28,2016,2016,March,March,8,10
2016-03-25 10:53:49,Ford_Fiesta_Flair,privat,Offer,1150,test,kleinwagen,1996,manuell,50,fiesta,125000,Oct,Gasoline,ford,No,2016-03-25 00:00:00,68753,2016-04-02 12:45:57,2016,2016,March,March,20,2
2016-03-22 09:56:47,Ford_Fiesta_Bj_2003,privat,Offer,800,test,kleinwagen,2003,manuell,0,fiesta,150000,Jan,Gasoline,ford,No,2016-03-22 00:00:00,41063,2016-04-05 22:15:27,2016,2016,March,March,13,11
2016-03-10 17:25:24,Ford_Fiesta_Futura_2__KLIMA___EURO_4__ALU__5_TÜRIG,privat,Offer,1200,control,kleinwagen,2001,manuell,75,fiesta,150000,Jan,Gasoline,ford,No,2016-03-10 00:00:00,63065,2016-04-06 21:46:05,2016,2016,March,March,15,11
2016-03-24 11:48:40,Blauer_Ford_Ka_ohne_TÜV,privat,Offer,350,test,kleinwagen,2000,manuell,0,ka,60000,Apr,Gasoline,ford,Other,2016-03-24 00:00:00,76437,2016-03-24 11:48:40,2016,2016,March,March,16,8
2016-03-31 10:58:41,Ford_Fiesta_Ghia_Ausstattung,privat,Offer,350,control,kleinwagen,1997,manuell,75,fiesta,150000,Dec,Gasoline,ford,No,2016-03-31 00:00:00,26316,2016-03-31 11:46:45,2016,2016,March,March,19,0
2016-03-26 14:48:21,Ford_Fiesta_1.6_TDCi_Titanium_Klima_Fahrbereit,privat,Offer,4800,control,kleinwagen,2010,manuell,95,fiesta,100000,Jun,Diesel,ford,Yes,2016-03-26 00:00:00,42855,2016-04-06 02:46:21,2016,2016,March,March,6,6
2016-03-27 14:59:03,Ford_Fiesta__TÜV__2_Jahre,privat,Offer,950,control,kleinwagen,1997,manuell,44,fiesta,150000,Mar,Gasoline,ford,Other,2016-03-27 00:00:00,58300,2016-03-30 20:18:45,2016,2016,March,March,19,9
2016-03-07 21:36:22,FORD_FIESTA.SEHR_GEPFLEGT.2.HAND__TÜV_07/2017,privat,Offer,1100,control,kleinwagen,2000,manuell,50,fiesta,125000,Jun,Gasoline,ford,No,2016-03-07 00:00:00,24143,2016-03-17 05:46:32,2016,2016,March,March,16,6
2016-03-27 20:45:43,TOP_Angebot_Ford_Fiesta,privat,Offer,1650,control,kleinwagen,2003,manuell,68,fiesta,150000,Sep,Diesel,ford,Other,2016-03-27 00:00:00,51061,2016-04-05 19:17:03,2016,2016,March,March,13,3
2016-03-16 16:37:40,Ford_Ka_Royal,privat,Offer,400,control,kleinwagen,2002,manuell,44,ka,150000,May,Gasoline,ford,No,2016-03-16 00:00:00,50829,2016-03-21 18:44:44,2016,2016,March,March,14,7
2016-04-02 22:53:45,Ford_Focus_zu_verkaufen,privat,Offer,850,test,kleinwagen,2001,manuell,0,focus,5000,Oct,Gasoline,ford,No,2016-04-02 00:00:00,33649,2016-04-07 00:46:24,2016,2016,April,April,15,2
2016-03-15 09:37:36,Ford_Fiesta_1.3i,privat,Offer,1000,control,kleinwagen,2000,manuell,0,fiesta,150000,Mar,Gasoline,ford,No,2016-03-15 00:00:00,17034,2016-03-18 02:46:19,2016,2016,March,March,16,9
2016-03-29 19:40:35,Ford_Escort,privat,Offer,550,control,kleinwagen,1995,Unspecified,75,Other,90000,Jan,Gasoline,ford,Other,2016-03-29 00:00:00,52078,2016-04-04 04:44:44,2016,2016,March,March,21,11
2016-03-20 15:40:29,Ford_Fiesta,privat,Offer,130,control,kleinwagen,1999,manuell,56,fiesta,150000,Oct,Gasoline,ford,Yes,2016-03-20 00:00:00,72818,2016-03-28 15:17:28,2016,2016,March,March,17,2
2016-03-07 03:36:59,Ford_Ka_II.Ha_Klima_Servo_ABS_E.Fens_Alus_FESTPREIS!,privat,Offer,1500,test,kleinwagen,2001,manuell,60,ka,100000,Nov,Gasoline,ford,No,2016-03-07 00:00:00,14612,2016-03-16 03:46:09,2016,2016,March,March,15,1
2016-04-04 17:49:09,Baszlerfahrzeug/_Ersatzteilauto_fuer_kleines_Geld_abzugeben,privat,Offer,350,test,kleinwagen,1998,manuell,50,fiesta,125000,Nov,Gasoline,ford,Other,2016-04-04 00:00:00,47279,2016-04-04 17:49:09,2016,2016,April,April,18,1
2016-03-10 20:57:47,Ford_Sportka,privat,Offer,3000,test,kleinwagen,2005,manuell,95,ka,125000,Mar,Gasoline,ford,No,2016-03-10 00:00:00,35457,2016-04-07 05:46:19,2016,2016,March,March,11,9
2016-03-08 23:54:55,Ford_Fiesta_1.4,privat,Offer,4650,control,kleinwagen,2007,manuell,80,fiesta,125000,May,Gasoline,ford,No,2016-03-08 00:00:00,47839,2016-04-01 08:44:19,2016,2016,March,March,9,7
2016-03-07 19:48:39,Ford_Fusion_1.4_Durashift_EST_+,privat,Offer,3300,control,kleinwagen,2004,automatik,80,fusion,150000,Jan,Gasoline,ford,No,2016-03-07 00:00:00,90530,2016-03-21 01:15:30,2016,2016,March,March,12,11
2016-03-27 08:02:02,Ford_ka_TUV__4_2017___somm.winter_reifen,privat,Offer,850,test,kleinwagen,2002,manuell,60,ka,125000,Oct,Gasoline,ford,No,2016-03-27 00:00:00,94060,2016-04-06 08:16:12,2016,2016,March,March,14,2
2016-04-04 21:38:20,Gut_gebrauchen_Ford_Fiesta_in_Silber_Grau,privat,Offer,1000,test,kleinwagen,2004,manuell,44,fiesta,80000,Feb,Gasoline,ford,No,2016-04-04 00:00:00,46147,2016-04-04 21:38:20,2016,2016,April,April,12,10
2016-03-20 12:53:14,Verkaufe_mein_Winterauto,privat,Offer,180,test,kleinwagen,1997,manuell,55,ka,150000,Dec,Gasoline,ford,Other,2016-03-20 00:00:00,31707,2016-03-22 19:48:03,2016,2016,March,March,19,0
2016-03-12 11:46:55,Ford_Fiesta_1.3_Fun,privat,Offer,3500,test,kleinwagen,2006,manuell,60,fiesta,90000,Jun,Gasoline,ford,No,2016-03-12 00:00:00,49477,2016-03-31 13:15:48,2016,2016,March,March,10,6
2016-03-15 12:36:43,Ford_KA_Edition_Klima,privat,Offer,350,control,kleinwagen,1999,manuell,60,ka,150000,Jun,Gasoline,ford,Yes,2016-03-15 00:00:00,45661,2016-03-16 08:15:48,2016,2016,March,March,17,6
2016-03-28 00:06:35,Guenstig_anzugebener_Ford_Fiesta_mit_Schaden,privat,Offer,0,control,kleinwagen,1999,manuell,0,fiesta,150000,Jan,Gasoline,ford,Yes,2016-03-27 00:00:00,55120,2016-03-28 18:38:56,2016,2016,March,March,17,11
2016-03-21 08:25:23,Ford_Fiesta_1.3__Klimaanlage_EURO__4,privat,Offer,1699,control,kleinwagen,2005,manuell,69,fiesta,150000,Mar,Gasoline,ford,No,2016-03-21 00:00:00,65205,2016-03-22 18:29:52,2016,2016,March,March,11,9
2016-03-24 02:36:54,????Ford_Ka_mit_TÜV_????,privat,Offer,899,test,kleinwagen,2000,manuell,60,ka,100000,Sep,Gasoline,ford,No,2016-03-24 00:00:00,50126,2016-03-24 08:47:39,2016,2016,March,March,16,3
2016-03-08 09:25:21,Ford_Fiesta_Style,privat,Offer,750,test,kleinwagen,1999,manuell,50,fiesta,90000,May,Gasoline,ford,No,2016-03-08 00:00:00,35685,2016-03-10 08:17:57,2016,2016,March,March,17,7
2016-03-10 13:40:47,Ford_Ka_1.2_Titanium___Wenig_Kilometer_!,privat,Offer,4900,test,kleinwagen,2009,manuell,69,ka,50000,Nov,Gasoline,ford,No,2016-03-10 00:00:00,68789,2016-04-03 07:44:55,2016,2016,March,March,7,1
2016-03-19 18:41:10,Ford_Ka__Tuev.3.2018___92300_Km__Klimaanlage_____Tel.01632496107,privat,Offer,1450,test,kleinwagen,2003,manuell,68,ka,100000,Jun,Gasoline,ford,Other,2016-03-19 00:00:00,51069,2016-03-22 00:17:35,2016,2016,March,March,13,6
2016-03-25 18:52:34,Ford_Ka,privat,Offer,850,test,kleinwagen,2004,manuell,0,ka,150000,Feb,Gasoline,ford,No,2016-03-25 00:00:00,40227,2016-04-07 00:46:09,2016,2016,March,March,12,10
2016-04-05 12:39:14,Ford_Fiesta_1.4_TDCI_Style,privat,Offer,2500,test,kleinwagen,2007,manuell,68,fiesta,150000,Dec,Diesel,ford,No,2016-04-05 00:00:00,51103,2016-04-05 12:39:14,2016,2016,April,April,9,0
2016-04-01 14:38:13,Ford_Ka_an_Bastler,privat,Offer,350,test,kleinwagen,2002,manuell,60,ka,150000,Jul,Gasoline,ford,Yes,2016-04-01 00:00:00,24986,2016-04-07 11:17:45,2016,2016,April,April,14,5
2016-03-08 10:57:55,Ford_Fiesta_2.0_ST,privat,Offer,5200,test,kleinwagen,2008,manuell,150,fiesta,150000,May,Gasoline,ford,No,2016-03-08 00:00:00,72574,2016-03-10 13:17:46,2016,2016,March,March,8,7
2016-03-17 07:57:03,Ford_Fiesta__1HAND,privat,Offer,799,control,kleinwagen,1997,Unspecified,0,fiesta,150000,Apr,,ford,Other,2016-03-17 00:00:00,59457,2016-03-26 16:46:56,2016,2016,March,March,19,8
2016-03-30 13:53:28,Ford_Ka_Kleinwagen_BJ_2008,privat,Offer,1650,test,kleinwagen,2008,manuell,60,ka,125000,Mar,Gasoline,ford,Other,2016-03-30 00:00:00,42119,2016-03-30 14:40:16,2016,2016,March,March,8,9
2016-03-08 23:55:45,Zuverlaessiges_Anfaengerauto_oder_Zweitwagen!,privat,Offer,1325,control,kleinwagen,2002,manuell,50,fiesta,100000,Nov,Gasoline,ford,No,2016-03-08 00:00:00,59387,2016-03-19 18:17:20,2016,2016,March,March,14,1
2016-03-09 13:57:24,Ford_Fiesta_1.3,privat,Offer,1700,control,kleinwagen,2003,manuell,60,fiesta,150000,Jul,Gasoline,ford,Yes,2016-03-09 00:00:00,87700,2016-04-06 10:46:41,2016,2016,March,March,13,5
2016-03-14 17:43:44,Ford_Fiesta_1.3,privat,Offer,3400,test,kleinwagen,2007,manuell,60,fiesta,90000,Oct,Gasoline,ford,No,2016-03-14 00:00:00,97688,2016-04-02 01:46:53,2016,2016,March,March,9,2
2016-03-12 19:46:03,Ford_Puma_neue_TÜV_3.2018,privat,Offer,1250,test,kleinwagen,1998,manuell,125,andere,80000,Apr,,ford,No,2016-03-12 00:00:00,63607,2016-03-17 23:15:50,2016,2016,March,March,18,8
2016-03-09 17:37:53,FORD_FIESTA__TÜV_ASU__AGU_2016__EFH__ZV__SD_E_K__EURO_2,privat,Offer,350,test,kleinwagen,1992,manuell,60,fiesta,150000,Apr,Gasoline,ford,No,2016-03-09 00:00:00,56626,2016-03-29 04:17:26,2016,2016,March,March,24,8
2016-04-04 12:36:36,Ford_Ka_#spezial#,privat,Offer,100,control,kleinwagen,1997,manuell,45,ka,125000,Jan,Gasoline,ford,Yes,2016-04-04 00:00:00,97461,2016-04-06 13:18:03,2016,2016,April,April,19,11
2016-03-19 23:57:58,Ford_Fiesta_TÜV_bis_5/16,privat,Offer,220,control,kleinwagen,1995,manuell,0,fiesta,90000,Jun,Gasoline,ford,Other,2016-03-19 00:00:00,48366,2016-03-23 20:46:21,2016,2016,March,March,21,6
2016-03-25 14:53:06,Ford_Fiesta_1.4,privat,Offer,1900,control,kleinwagen,2002,manuell,80,fiesta,150000,Jun,Gasoline,ford,No,2016-03-25 00:00:00,35039,2016-04-06 18:18:33,2016,2016,March,March,14,6
2016-03-27 16:52:13,Fiesta_GT__16_V__66_KW,privat,Offer,380,test,kleinwagen,1997,manuell,90,fiesta,125000,Apr,Gasoline,ford,Other,2016-03-27 00:00:00,27753,2016-04-03 13:46:16,2016,2016,March,March,19,8
2016-03-09 22:48:05,Ford_Fiesta_95_zu_Verkaufen,privat,Offer,350,test,kleinwagen,1995,manuell,60,fiesta,50000,Jun,Gasoline,ford,Other,2016-03-09 00:00:00,52349,2016-03-19 09:45:44,2016,2016,March,March,21,6
2016-03-29 21:56:12,Ford_Fiesta_Sport,privat,Offer,800,test,kleinwagen,2001,manuell,103,fiesta,150000,Apr,Gasoline,ford,Other,2016-03-29 00:00:00,42119,2016-04-02 11:44:47,2016,2016,March,March,15,8
2016-04-01 16:57:53,Ford_focus,privat,Offer,1500,control,kleinwagen,2000,manuell,116,focus,150000,Sep,Gasoline,ford,Other,2016-04-01 00:00:00,70374,2016-04-03 14:17:24,2016,2016,April,April,16,3
2016-03-20 11:55:00,Ford_Fiesta___treues_Familienauto_fuer_Fahranfaenger,privat,Offer,850,test,kleinwagen,2000,manuell,50,fiesta,90000,Jul,Gasoline,ford,Other,2016-03-20 00:00:00,41189,2016-03-21 14:16:40,2016,2016,March,March,16,5
2016-03-17 15:50:54,Ford_Ka_Open_Air_1_Hand_Tuev,privat,Offer,899,test,kleinwagen,2002,manuell,60,ka,125000,Jun,Gasoline,ford,No,2016-03-17 00:00:00,47799,2016-03-24 10:17:33,2016,2016,March,March,14,6
2016-03-15 17:58:17,Ford_Fiesta_Ghia_1.6_an_Bastler_zum_Ausschlachten_oder_Export_!,privat,Offer,300,control,kleinwagen,1998,manuell,75,fiesta,5000,Feb,Gasoline,ford,Yes,2016-03-15 00:00:00,33824,2016-04-03 22:16:39,2016,2016,March,March,18,10
2016-03-14 15:45:08,Ford_ka_fuer_Bastler,privat,Offer,120,control,kleinwagen,2000,manuell,65,ka,100000,Apr,Gasoline,ford,Yes,2016-03-14 00:00:00,51688,2016-03-22 08:49:13,2016,2016,March,March,16,8
2016-03-05 14:25:09,Fiesta_gfj_50ps/_TÜV_NEU,privat,Offer,900,test,kleinwagen,1995,manuell,50,fiesta,150000,Jun,Gasoline,ford,No,2016-03-04 00:00:00,51570,2016-03-05 22:15:48,2016,2016,March,March,21,6
2016-03-12 12:58:33,verkaufe_ford_fiesta,privat,Offer,300,test,kleinwagen,1996,manuell,75,fiesta,150000,Jan,Gasoline,ford,No,2016-03-12 00:00:00,78333,2016-03-19 11:44:16,2016,2016,March,March,20,11
2016-03-20 15:57:49,Ford_Fiesta_Classic,privat,Offer,550,control,kleinwagen,1996,manuell,50,fiesta,100000,Feb,Gasoline,ford,No,2016-03-20 00:00:00,90766,2016-04-06 20:45:42,2016,2016,March,March,20,10
2016-03-25 15:57:38,FORD_KA_TREND___Top_Zustand__wenig_KM,privat,Offer,0,test,kleinwagen,2009,manuell,69,ka,60000,Jul,Gasoline,ford,No,2016-03-25 00:00:00,26129,2016-03-25 15:57:38,2016,2016,March,March,7,5
2016-03-25 12:54:20,Fiesta_VI__Benzin__60_PS__117000km__ideal_fuer_Fahranfaenger,privat,Offer,2222,test,kleinwagen,2006,manuell,60,fiesta,125000,Apr,Gasoline,ford,Yes,2016-03-25 00:00:00,78476,2016-04-02 15:47:29,2016,2016,March,March,10,8
2016-03-27 23:55:55,Ford_Ka_1.2_Trend,privat,Offer,2800,test,kleinwagen,2009,manuell,69,ka,80000,Sep,,ford,Yes,2016-03-27 00:00:00,66578,2016-04-06 09:15:36,2016,2016,March,March,7,3
2016-03-13 12:46:10,Bastelfahrzeug_acker_auto,privat,Offer,100,test,kleinwagen,1998,manuell,0,fiesta,150000,Jan,Gasoline,ford,Yes,2016-03-13 00:00:00,16909,2016-04-06 15:18:08,2016,2016,March,March,18,11
2016-03-05 17:55:25,Ford_Fiesta_1.4,privat,Offer,3200,test,kleinwagen,2006,manuell,80,fiesta,150000,Apr,Gasoline,ford,No,2016-03-05 00:00:00,46286,2016-04-05 14:18:28,2016,2016,March,March,10,8
2016-03-28 19:50:01,Ford_Ka_mit_neuem_TÜV,privat,Offer,1350,control,kleinwagen,2006,manuell,60,ka,150000,Nov,Gasoline,ford,No,2016-03-28 00:00:00,24613,2016-04-07 02:17:41,2016,2016,March,March,10,1
2016-03-31 17:50:34,Ford_Fiesta_1.4_TDCI,privat,Offer,2950,control,kleinwagen,2006,manuell,68,fiesta,150000,Apr,Diesel,ford,No,2016-03-31 00:00:00,90431,2016-03-31 17:50:34,2016,2016,March,March,10,8
2016-03-11 14:48:22,Ford_KA_EZ:2008_mit_Seitenschaden,privat,Offer,900,control,kleinwagen,2008,manuell,54,ka,125000,Mar,Gasoline,ford,Yes,2016-03-11 00:00:00,52351,2016-03-11 14:48:22,2016,2016,March,March,8,9
2016-03-10 12:37:00,Gut_gepflegt_und_super_Motor,privat,Offer,3499,test,kleinwagen,2004,manuell,145,focus,150000,Jan,Gasoline,ford,Other,2016-03-10 00:00:00,18311,2016-04-07 08:16:10,2016,2016,March,March,12,11
2016-03-07 04:56:29,FORD_FIESTA___GARAGENFUND_!____MUSEUMSZUSTAND_!___1._HAND_!,privat,Offer,4200,test,kleinwagen,1996,manuell,75,fiesta,20000,Jul,Gasoline,ford,No,2016-03-06 00:00:00,8233,2016-04-05 15:15:59,2016,2016,March,March,20,5
2016-03-24 20:38:37,Ford_Ford_Ka,privat,Offer,1800,test,kleinwagen,2006,manuell,60,ka,125000,Jul,Gasoline,ford,No,2016-03-24 00:00:00,51063,2016-04-05 13:16:32,2016,2016,March,March,10,5
2016-03-09 11:50:43,Ford_Fiesta_1.25_Trend,privat,Offer,4600,test,kleinwagen,2009,manuell,60,fiesta,100000,Oct,Gasoline,ford,No,2016-03-09 00:00:00,53639,2016-03-09 11:50:43,2016,2016,March,March,7,2
2016-03-07 13:58:10,Ford_Fiesta_1.4_TDCI,privat,Offer,1850,control,kleinwagen,2004,manuell,68,fiesta,150000,Dec,Diesel,ford,No,2016-03-07 00:00:00,52391,2016-03-30 11:47:49,2016,2016,March,March,12,0
2016-03-20 18:44:47,Ford_Fiesta_1.3_Klima,privat,Offer,3250,test,kleinwagen,2007,manuell,75,fiesta,125000,Jul,Gasoline,ford,No,2016-03-20 00:00:00,67071,2016-04-07 01:47:09,2016,2016,March,March,9,5
2016-03-21 20:58:20,Ford_focus_Mk2,privat,Offer,3200,control,kleinwagen,2005,manuell,116,focus,150000,Jan,Gasoline,ford,No,2016-03-21 00:00:00,95679,2016-03-24 10:45:40,2016,2016,March,March,11,11
2016-03-09 07:56:56,Ford_Ka_Lufthansa_Edition,privat,Offer,0,test,kleinwagen,1997,Unspecified,0,ka,150000,Jan,Gasoline,ford,No,2016-03-09 00:00:00,41468,2016-03-10 02:45:56,2016,2016,March,March,19,11
2016-03-09 18:40:14,Ford_Puma,privat,Offer,1300,test,kleinwagen,1997,manuell,125,andere,150000,Aug,Gasoline,ford,No,2016-03-09 00:00:00,57319,2016-03-16 00:44:41,2016,2016,March,March,19,4
2016-03-17 07:55:06,Ford_Fiesta_1_4,privat,Offer,2950,control,kleinwagen,2006,manuell,80,fiesta,150000,Aug,Gasoline,ford,No,2016-03-17 00:00:00,41539,2016-03-17 07:55:06,2016,2016,March,March,10,4
2016-03-07 20:48:24,Ford_Fusion_1.4_Viva_X_Klima/_beh._Frontscheibe,privat,Offer,3490,test,kleinwagen,2004,manuell,80,fusion,100000,Nov,Gasoline,ford,No,2016-03-07 00:00:00,23669,2016-04-05 17:25:54,2016,2016,March,March,12,1
2016-03-22 08:56:58,Frod_Fiesta_Bj.1996_als_Bastelfahrzeug_abzugeben.,privat,Offer,150,control,kleinwagen,1996,manuell,50,fiesta,125000,Aug,Gasoline,ford,Yes,2016-03-22 00:00:00,44287,2016-03-23 16:22:54,2016,2016,March,March,20,4
2016-04-01 23:51:34,Ford_Fiesta_1.6_TDCi_Econetic,privat,Offer,5200,control,kleinwagen,2009,manuell,90,fiesta,150000,Aug,Diesel,ford,No,2016-04-01 00:00:00,89518,2016-04-06 03:17:14,2016,2016,April,April,7,4
2016-03-12 19:47:50,Ford_Fiesta_TÜV_bis_07.2016,privat,Offer,150,test,kleinwagen,2001,manuell,0,fiesta,150000,Aug,Gasoline,ford,Yes,2016-03-12 00:00:00,19230,2016-03-27 16:47:31,2016,2016,March,March,15,4
2016-03-16 15:47:13,Verkaufe_meinen_2006_ford_ka,privat,Offer,1150,test,kleinwagen,2006,manuell,60,ka,150000,Apr,Gasoline,ford,No,2016-03-16 00:00:00,30880,2016-03-19 12:47:47,2016,2016,March,March,10,8
2016-03-29 15:50:34,Ford_Fiesta,privat,Offer,700,control,kleinwagen,2000,manuell,60,fiesta,60000,Dec,Gasoline,ford,No,2016-03-29 00:00:00,90587,2016-04-02 03:17:55,2016,2016,March,March,16,0
2016-03-17 19:58:32,Ford_Fiesta_1.6_TDCI_5Tuerig_Klima_Tuev_Aug._2017_Euro4,privat,Offer,2950,control,kleinwagen,2006,manuell,90,fiesta,150000,Jan,Diesel,ford,No,2016-03-17 00:00:00,28197,2016-04-07 08:46:52,2016,2016,March,March,10,11
2016-03-07 20:55:12,Ford_Ford_Ka_Viva_1.3_Klima_1.Hand_TÜV_09/2017,privat,Offer,1450,test,kleinwagen,2004,manuell,69,ka,60000,Sep,Gasoline,ford,No,2016-03-07 00:00:00,30455,2016-03-08 20:19:02,2016,2016,March,March,12,3
2016-03-27 13:43:33,Ford_SportKa_1.6_Klima__neuer_TÜV__Alus__super_Allgemeinzustand,privat,Offer,2300,test,kleinwagen,2003,manuell,95,ka,100000,Oct,Gasoline,ford,No,2016-03-27 00:00:00,99086,2016-04-07 09:16:21,2016,2016,March,March,13,2
2016-03-08 11:36:34,FORD_Ka_in_schwarz_von_2007_mit_nur_127224km,privat,Offer,580,control,kleinwagen,2007,Unspecified,60,ka,150000,Jan,Gasoline,ford,Yes,2016-03-08 00:00:00,24536,2016-03-12 19:17:57,2016,2016,March,March,9,11
2016-03-12 16:36:24,Ford_Ka_1.3_60_PS_Silber_Auto_Anfaenger_Auto_2003_Sommer_+_Winter,privat,Offer,500,control,kleinwagen,2003,manuell,60,ka,125000,Mar,Gasoline,ford,Other,2016-03-12 00:00:00,33330,2016-03-12 16:36:24,2016,2016,March,March,13,9
2016-03-22 19:42:04,Ford_ka_sehr_zuverlaessig,privat,Offer,150,test,kleinwagen,2004,manuell,60,ka,100000,Jan,Gasoline,ford,No,2016-03-22 00:00:00,26316,2016-03-28 10:45:23,2016,2016,March,March,12,11
2016-03-15 19:46:21,Ford_Fiesta_Futura_2_Klimaanlage_TÜV_NEU,privat,Offer,1100,control,kleinwagen,2002,manuell,75,fiesta,150000,Nov,Gasoline,ford,No,2016-03-15 00:00:00,52068,2016-03-24 10:17:10,2016,2016,March,March,14,1
2016-03-13 23:51:21,Ford_Fiesta_1.3_JAS_klima_schiebedach_tuev_ist_neu,privat,Offer,1650,test,kleinwagen,2002,manuell,60,fiesta,150000,Jul,Gasoline,ford,No,2016-03-13 00:00:00,10969,2016-03-23 07:49:26,2016,2016,March,March,14,5
2016-04-03 16:53:36,Ford_KA2_Snow_Edition_mit_Klima,privat,Offer,1200,control,kleinwagen,1999,manuell,60,ka,60000,Apr,Gasoline,ford,No,2016-04-03 00:00:00,22047,2016-04-05 16:46:16,2016,2016,April,April,17,8
2016-03-08 15:46:56,Ford_Fiesta,privat,Offer,650,test,kleinwagen,1999,manuell,50,fiesta,150000,Jun,Gasoline,ford,No,2016-03-08 00:00:00,1814,2016-03-17 11:44:53,2016,2016,March,March,17,6
2016-03-30 09:39:14,Ford_Ka_Titanium,privat,Offer,4200,control,kleinwagen,2009,manuell,69,ka,100000,Mar,Gasoline,ford,No,2016-03-30 00:00:00,21635,2016-04-06 23:46:16,2016,2016,March,March,7,9
2016-03-10 12:57:27,Mit_Klima,privat,Offer,500,test,kleinwagen,2001,manuell,0,ka,150000,Apr,Gasoline,ford,No,2016-03-10 00:00:00,44388,2016-03-12 17:18:05,2016,2016,March,March,15,8
2016-03-27 20:53:56,Ford_Ka,privat,Offer,1100,control,kleinwagen,1998,Unspecified,0,ka,150000,Apr,Gasoline,ford,No,2016-03-27 00:00:00,51145,2016-04-05 20:18:51,2016,2016,March,March,18,8
2016-03-20 13:40:14,Ford_Ka___Gepflegt__Wenige_Kilometer___Tuev,privat,Offer,649,test,kleinwagen,2001,manuell,44,ka,125000,Jan,Gasoline,ford,No,2016-03-20 00:00:00,52351,2016-03-20 13:40:14,2016,2016,March,March,15,11
2016-03-11 19:38:40,Ford_Ka,privat,Offer,780,test,kleinwagen,1998,manuell,50,ka,70000,May,Gasoline,ford,No,2016-03-11 00:00:00,17033,2016-03-16 08:16:15,2016,2016,March,March,18,7
2016-03-20 22:53:05,Ford_Ka_guenstiges_Anfaengerauto!!,privat,Offer,1650,test,kleinwagen,2006,manuell,60,ka,150000,Nov,Gasoline,ford,No,2016-03-20 00:00:00,24613,2016-03-27 15:16:05,2016,2016,March,March,10,1
2016-03-06 13:51:12,Ford_Fusion,privat,Offer,2800,test,kleinwagen,2006,manuell,68,fusion,150000,Jul,Diesel,ford,No,2016-03-06 00:00:00,25920,2016-03-13 03:16:46,2016,2016,March,March,10,5
2016-03-14 09:55:34,verkaufe_meinen_Ford_fiesta,privat,Offer,3600,control,kleinwagen,2008,manuell,0,fiesta,80000,Jan,,ford,Other,2016-03-14 00:00:00,4808,2016-04-07 10:45:02,2016,2016,March,March,8,11
2016-03-12 11:58:56,Ford_fiesta_1.4_klima,privat,Offer,2200,test,kleinwagen,2005,manuell,80,Other,125000,Apr,Gasoline,ford,No,2016-03-12 00:00:00,15526,2016-03-13 03:45:24,2016,2016,March,March,11,8
2016-03-22 20:37:01,Ford_ka_mit_klima_und_servo,privat,Offer,300,control,kleinwagen,1999,manuell,60,ka,150000,Jun,Gasoline,ford,No,2016-03-22 00:00:00,45772,2016-03-22 20:37:01,2016,2016,March,March,17,6
2016-03-18 07:51:49,Ford_Fiesta_1.6_Sport,privat,Offer,4200,test,kleinwagen,2006,manuell,101,fiesta,150000,Jun,Gasoline,ford,No,2016-03-18 00:00:00,34587,2016-04-05 21:47:55,2016,2016,March,March,10,6
2016-03-12 21:57:34,Ford_Fiesta_Ghia,privat,Offer,590,test,kleinwagen,2000,manuell,60,fiesta,150000,Nov,Gasoline,ford,No,2016-03-12 00:00:00,50827,2016-03-23 16:49:42,2016,2016,March,March,16,1
2016-03-25 09:54:44,Ford_Fiesta,privat,Offer,3200,test,kleinwagen,2004,manuell,69,fiesta,50000,Mar,Gasoline,ford,No,2016-03-25 00:00:00,79618,2016-04-06 08:46:13,2016,2016,March,March,12,9
2016-03-05 16:47:37,Ford_fiesta_mk4,privat,Offer,950,control,kleinwagen,1998,manuell,60,fiesta,125000,Mar,Gasoline,ford,No,2016-03-05 00:00:00,45699,2016-04-07 11:46:58,2016,2016,March,March,18,9
2016-03-22 16:54:34,guterhaltener__tiefergelegter_Ford_KA,privat,Offer,600,test,kleinwagen,2005,manuell,60,ka,80000,Jan,Gasoline,ford,No,2016-03-22 00:00:00,25845,2016-03-28 07:17:31,2016,2016,March,March,11,11
2016-03-20 18:39:07,Ford_Fiesta_privat_vercafan,privat,Offer,950,test,kleinwagen,1998,manuell,0,fiesta,150000,Oct,Gasoline,ford,No,2016-03-20 00:00:00,88400,2016-04-07 01:45:14,2016,2016,March,March,18,2
2016-03-08 21:50:55,Ford_Fusion_1.4_Durashift_EST_+,privat,Offer,2590,control,kleinwagen,2004,automatik,80,fusion,150000,Jan,Gasoline,ford,No,2016-03-08 00:00:00,49179,2016-03-17 08:47:13,2016,2016,March,March,12,11
2016-04-01 21:45:28,Ka_TÜV_Neu_bis_03/2018_Klima__el._FH___Leder,privat,Offer,950,test,kleinwagen,2000,manuell,60,ka,125000,Oct,Gasoline,ford,Other,2016-04-01 00:00:00,67310,2016-04-05 19:17:31,2016,2016,April,April,16,2
2016-03-10 13:51:46,Ford_Fiesta_1_3_Toller_Zustand_viele_Rechnungen...Neuteile!,privat,Offer,2099,test,kleinwagen,2004,manuell,60,fiesta,150000,Jun,Gasoline,ford,No,2016-03-10 00:00:00,71739,2016-03-22 04:45:18,2016,2016,March,March,12,6
2016-03-17 21:46:31,Ford_focus_voll_fahrbereit_tauschen_moeglich,privat,Offer,650,test,kleinwagen,1999,manuell,131,focus,150000,Oct,Gasoline,ford,Yes,2016-03-17 00:00:00,44789,2016-03-17 21:46:31,2016,2016,March,March,17,2
2016-03-11 18:47:50,Ford_Puma_Tuev_6/16_125_PS,privat,Offer,499,test,kleinwagen,1998,manuell,125,andere,150000,Dec,Gasoline,ford,Other,2016-03-11 00:00:00,52068,2016-03-15 11:44:12,2016,2016,March,March,18,0
2016-03-26 16:46:46,Ford_Fiesta_1.25_Trend,privat,Offer,4900,control,kleinwagen,2009,manuell,60,fiesta,80000,Nov,Gasoline,ford,No,2016-03-26 00:00:00,74722,2016-04-06 05:16:27,2016,2016,March,March,7,1
2016-03-17 17:53:31,Fahranfaenger_aufgepasst_Ford_Ka_TÜV_neu_03/2018,privat,Offer,999,control,kleinwagen,2001,manuell,60,ka,150000,Nov,Gasoline,ford,No,2016-03-17 00:00:00,17391,2016-04-01 08:45:49,2016,2016,March,March,15,1
2016-03-22 00:25:24,Ford_Ka_1er_Hand__Klimaanlage__TÜV_2_Jahre_&_wenig_Kilometer,privat,Offer,799,control,kleinwagen,2003,manuell,60,ka,125000,Dec,Gasoline,ford,No,2016-03-21 00:00:00,60528,2016-03-25 05:46:57,2016,2016,March,March,13,0
2016-03-14 09:52:33,Ford_KA___Farbe:_Tuerkis___TÜV_06/2017___sofort_fahrbereit,privat,Offer,500,control,kleinwagen,2000,Unspecified,0,ka,125000,May,Gasoline,ford,Yes,2016-03-14 00:00:00,64297,2016-03-16 22:58:21,2016,2016,March,March,16,7
2016-03-13 11:06:17,Auto_Ford_Fiesta_Klimaanlage_TÜV_04/2016,privat,Offer,175,test,kleinwagen,1997,manuell,60,fiesta,150000,May,Gasoline,ford,Yes,2016-03-13 00:00:00,63225,2016-03-18 03:44:58,2016,2016,March,March,19,7
2016-03-08 13:38:08,Ford_ka_diesen_Monat_noch_TÜV,privat,Offer,250,control,kleinwagen,2002,manuell,0,ka,150000,Mar,Gasoline,ford,Other,2016-03-08 00:00:00,49084,2016-03-08 13:38:08,2016,2016,March,March,14,9
2016-04-01 12:37:51,Ford_Focus,privat,Offer,1000,test,kleinwagen,2004,manuell,110,focus,150000,Feb,Gasoline,ford,No,2016-04-01 00:00:00,23847,2016-04-05 06:17:31,2016,2016,April,April,12,10
2016-03-08 21:47:18,Super_Angebot_!!!,privat,Offer,200,control,kleinwagen,1994,manuell,0,fiesta,150000,Jan,Gasoline,ford,Yes,2016-03-08 00:00:00,99734,2016-03-13 02:16:55,2016,2016,March,March,22,11
2016-03-22 18:50:52,Ford_Fiesta_Diesel_Klima,privat,Offer,1700,test,kleinwagen,2005,Unspecified,68,fiesta,150000,Sep,Diesel,ford,Other,2016-03-22 00:00:00,65934,2016-04-07 10:17:19,2016,2016,March,March,11,3
2016-03-19 21:51:40,Verkaufe_Ford_fiesta_75_Ps,privat,Offer,647,control,kleinwagen,1997,manuell,75,fiesta,70000,Jan,Gasoline,ford,No,2016-03-19 00:00:00,84307,2016-04-05 11:18:09,2016,2016,March,March,19,11
2016-03-24 12:37:00,Ford_Fiesta_1.4_TDCI__Gruene_Plakette__1.Hand__Scheckh,privat,Offer,3450,test,kleinwagen,2005,manuell,68,fiesta,125000,Mar,Diesel,ford,No,2016-03-24 00:00:00,52428,2016-04-07 03:16:48,2016,2016,March,March,11,9
2016-03-27 00:37:01,ford_ka_nur_zwei_besitzer,privat,Offer,2200,test,kleinwagen,2006,manuell,60,ka,100000,May,Gasoline,ford,Other,2016-03-27 00:00:00,30855,2016-04-07 02:46:48,2016,2016,March,March,10,7
2016-03-16 15:38:22,Ford_Fiesta,privat,Offer,950,test,kleinwagen,2000,manuell,60,fiesta,150000,Oct,Gasoline,ford,No,2016-03-16 00:00:00,74632,2016-03-22 21:47:29,2016,2016,March,March,16,2
2016-03-15 10:51:58,Ford_Ford_Fiesta_1.3_60PS_mit_Klima_&_TÜV,privat,Offer,1750,control,kleinwagen,2005,manuell,60,fiesta,150000,Aug,Gasoline,ford,Yes,2016-03-15 00:00:00,41352,2016-03-17 05:16:21,2016,2016,March,March,11,4
2016-04-01 20:37:20,Ford_Ka_bj._97_mit_drei_Monaten_TÜV,privat,Offer,100,test,kleinwagen,1997,manuell,60,Other,150000,Jun,Gasoline,ford,No,2016-04-01 00:00:00,97497,2016-04-05 17:26:17,2016,2016,April,April,19,6
2016-03-22 11:37:39,Ford_Ford_Fiesta_mit_Sommer+Winterreifen_&_TÜV/HU,privat,Offer,2600,control,kleinwagen,2004,manuell,80,fiesta,150000,Aug,Gasoline,ford,No,2016-03-22 00:00:00,54290,2016-04-05 23:16:56,2016,2016,March,March,12,4
2016-03-14 20:57:33,Ford_Fiesta,privat,Offer,800,control,kleinwagen,1998,manuell,50,fiesta,150000,Jan,Gasoline,ford,Other,2016-03-14 00:00:00,17213,2016-03-28 08:47:22,2016,2016,March,March,18,11
2016-03-28 16:53:58,Ford_Fiesta_GFJ__S__16v,privat,Offer,3000,test,kleinwagen,1992,manuell,105,fiesta,40000,Nov,Gasoline,ford,Other,2016-03-28 00:00:00,84478,2016-04-06 22:17:47,2016,2016,March,March,24,1
2016-03-07 12:51:17,Ford_Fiesta_Klima_12/16_TÜV_Frontschaden,privat,Offer,500,control,kleinwagen,2007,manuell,70,fiesta,150000,Feb,Gasoline,ford,Yes,2016-03-07 00:00:00,56317,2016-03-10 10:15:24,2016,2016,March,March,9,10
2016-04-01 10:42:07,Ford_Fiesta_1.3_~Rentnerauto/wenig_KM_~_S_Heft~_Klima,privat,Offer,4480,control,kleinwagen,2007,manuell,60,fiesta,40000,Jun,Gasoline,ford,No,2016-04-01 00:00:00,52076,2016-04-07 06:46:21,2016,2016,April,April,9,6
2016-03-10 19:57:37,Fiesta_1_25_16V_75_Ps_Klima_Frontscheibenheizung_ABS_usw,privat,Offer,1390,control,kleinwagen,2001,manuell,75,fiesta,100000,Jul,Gasoline,ford,Other,2016-03-10 00:00:00,23554,2016-04-06 06:16:56,2016,2016,March,March,15,5
2016-03-15 17:45:04,Fiesta_TÜV/AU_3/2018_Servo__ZV__5tuerig_128TKM,privat,Offer,800,control,kleinwagen,1999,manuell,72,fiesta,150000,Jul,Gasoline,ford,No,2016-03-15 00:00:00,37191,2016-03-17 12:47:40,2016,2016,March,March,17,5
2016-04-03 14:50:45,Ford_ka_zu_verkaufen,privat,Offer,119,test,kleinwagen,1997,manuell,0,ka,100000,Dec,,ford,Yes,2016-04-03 00:00:00,14199,2016-04-05 13:47:44,2016,2016,April,April,19,0
2016-03-07 23:56:47,Ford_Fiesta_2003__1.4L_Duratec__75/80PS__Silber,privat,Offer,1490,test,kleinwagen,2003,manuell,80,fiesta,150000,Apr,Gasoline,ford,Yes,2016-03-07 00:00:00,47877,2016-04-07 12:47:18,2016,2016,March,March,13,8
2016-03-25 16:45:07,Ford_Fiesta_*_1_3_Liter_*_technisch_einwandfrei_*_guter_Zustand,privat,Offer,2000,control,kleinwagen,2005,manuell,0,fiesta,125000,Aug,Gasoline,ford,Other,2016-03-25 00:00:00,93494,2016-03-28 16:16:24,2016,2016,March,March,11,4
2016-03-15 13:52:01,FORD_FIESTA_1_3_BENZINER_TÜV_04/2017,privat,Offer,530,control,kleinwagen,1998,manuell,0,fiesta,150000,Mar,Gasoline,ford,No,2016-03-15 00:00:00,13403,2016-04-02 05:17:11,2016,2016,March,March,18,9
2016-03-27 16:50:01,Ford_Fiesta_Style,privat,Offer,500,test,kleinwagen,1998,manuell,75,fiesta,150000,Sep,Gasoline,ford,Yes,2016-03-27 00:00:00,38228,2016-04-05 12:21:32,2016,2016,March,March,18,3
2016-03-05 20:51:08,Ford_Focus_1.4_Langstreckenfahrzeug_von_Oma,privat,Offer,1490,control,kleinwagen,2001,manuell,75,focus,150000,Sep,Gasoline,ford,No,2016-03-05 00:00:00,13355,2016-04-05 05:18:19,2016,2016,March,March,15,3
2016-03-10 12:39:57,Ford_Fiesta_1.4_Style,privat,Offer,2600,test,kleinwagen,2008,manuell,80,fiesta,125000,Jul,Gasoline,ford,No,2016-03-10 00:00:00,87647,2016-03-10 12:39:57,2016,2016,March,March,8,5
2016-03-22 20:37:36,Ford_Focus_1.4__Klimaanlage__TÜV_12/2016__Unfallfrei,privat,Offer,1199,control,kleinwagen,2000,manuell,75,focus,150000,May,Gasoline,ford,No,2016-03-22 00:00:00,12109,2016-04-06 16:16:51,2016,2016,March,March,16,7
2016-04-02 13:52:50,Ford_Fiesta_EZ_20/6/2002_TÜV_+_AU_8/2017_KM_144_677,privat,Offer,1350,test,kleinwagen,2002,manuell,60,fiesta,150000,Jun,Gasoline,ford,No,2016-04-02 00:00:00,25727,2016-04-06 12:46:11,2016,2016,April,April,14,6
2016-03-28 15:52:09,Ford_Fiesta,privat,Offer,250,control,kleinwagen,2000,manuell,60,Other,150000,Dec,Gasoline,ford,Other,2016-03-28 00:00:00,6188,2016-04-06 14:36:17,2016,2016,March,March,16,0
2016-03-21 13:37:34,TOP___Ford_Fiesta_1.4___TOP,privat,Offer,2250,test,kleinwagen,2004,manuell,0,fiesta,125000,Jan,Gasoline,ford,No,2016-03-21 00:00:00,48153,2016-03-25 09:47:42,2016,2016,March,March,12,11
2016-03-09 18:46:25,Ideales_Anfaengerauto,privat,Offer,790,test,kleinwagen,2000,manuell,50,fiesta,150000,Dec,Gasoline,ford,No,2016-03-09 00:00:00,31711,2016-04-07 14:32:42,2016,2016,March,March,16,0
2016-03-16 03:36:18,Ford_Fiesta,privat,Offer,270,test,kleinwagen,2000,manuell,54,fiesta,150000,Nov,Gasoline,ford,Yes,2016-03-16 00:00:00,94431,2016-03-17 06:16:20,2016,2016,March,March,16,1
2016-03-27 14:51:22,Ford_Ka_zu_verkaufen,privat,Offer,350,control,kleinwagen,2003,manuell,0,ka,150000,Jan,Gasoline,ford,Yes,2016-03-27 00:00:00,27239,2016-03-27 14:51:22,2016,2016,March,March,13,11
2016-04-03 16:52:03,Ford_fiesta_3_Tueren_Flair_ohne_TÜV,privat,Offer,299,control,kleinwagen,1996,manuell,50,Other,20000,May,Gasoline,ford,Other,2016-04-03 00:00:00,32312,2016-04-05 16:46:08,2016,2016,April,April,20,7
2016-03-28 00:59:07,Ford_Fiesta_1.4_TDCI,privat,Offer,2100,control,kleinwagen,2002,manuell,68,fiesta,150000,Jul,Diesel,ford,Yes,2016-03-28 00:00:00,71686,2016-04-06 10:18:00,2016,2016,March,March,14,5
2016-03-30 07:57:33,Fiesta_Facelift,privat,Offer,2450,control,kleinwagen,2006,manuell,60,fiesta,150000,Nov,Gasoline,ford,No,2016-03-30 00:00:00,26340,2016-04-06 23:16:43,2016,2016,March,March,10,1
2016-03-27 19:47:58,Verkaufe_einen_ford_fiesta,privat,Offer,300,control,kleinwagen,1995,manuell,45,fiesta,150000,Apr,Gasoline,ford,No,2016-03-27 00:00:00,58452,2016-03-27 19:47:58,2016,2016,March,March,21,8
2016-03-08 14:54:16,Ford_Focus_1.6,privat,Offer,850,test,kleinwagen,2001,manuell,101,focus,150000,May,Gasoline,ford,Yes,2016-03-08 00:00:00,99310,2016-03-16 11:16:12,2016,2016,March,March,15,7
2016-03-28 21:48:05,Ford_Fusion_1.4_TDCI_Durashift_EST,privat,Offer,3900,control,kleinwagen,2007,automatik,68,fusion,125000,Sep,Diesel,ford,No,2016-03-28 00:00:00,53639,2016-04-07 04:44:41,2016,2016,March,March,9,3
2016-03-19 23:56:30,Ford_Fiesta_1.4_TÜV_2018_8fach_bereift_Checkheft,privat,Offer,1999,control,kleinwagen,2003,manuell,80,fiesta,150000,Jul,Gasoline,ford,No,2016-03-19 00:00:00,14163,2016-03-25 06:15:32,2016,2016,March,March,13,5
2016-03-06 23:49:04,Ford_Fiesta_1.3_/_EURO_4_/_Guter_Zustand,privat,Offer,1650,control,kleinwagen,2003,manuell,60,fiesta,150000,May,Gasoline,ford,No,2016-03-06 00:00:00,34127,2016-03-30 07:17:37,2016,2016,March,March,13,7
2016-03-30 18:41:30,Ford_KA_Basis_SERVO/Technisch_Tip_/Top_/Sommer+Winterreifen____,privat,Offer,1040,test,kleinwagen,2005,manuell,60,ka,125000,Dec,Gasoline,ford,No,2016-03-30 00:00:00,45896,2016-03-30 18:41:30,2016,2016,March,March,11,0
2016-03-22 17:58:12,Ford_Fiesta_1.3,privat,Offer,1900,control,kleinwagen,2002,manuell,69,fiesta,70000,Nov,Gasoline,ford,No,2016-03-22 00:00:00,61440,2016-03-22 20:47:48,2016,2016,March,March,14,1
2016-03-16 18:39:56,Weisser_Ford_Fiesta,privat,Offer,4200,control,kleinwagen,2009,manuell,82,fiesta,150000,Jun,Gasoline,ford,No,2016-03-16 00:00:00,73235,2016-04-07 02:16:08,2016,2016,March,March,7,6
2016-03-22 14:38:20,Ford_Ka,privat,Offer,1750,control,kleinwagen,2004,manuell,69,ka,100000,Jun,Gasoline,ford,No,2016-03-22 00:00:00,45663,2016-04-06 03:17:29,2016,2016,March,March,12,6
2016-03-19 15:47:10,Ford_KA_TÜV_Au_neu,privat,Offer,1049,control,kleinwagen,2002,manuell,60,ka,150000,Nov,Gasoline,ford,Other,2016-03-19 00:00:00,51491,2016-03-23 02:16:26,2016,2016,March,March,14,1
2016-03-09 15:45:47,Ford_Fiesta_GFJ,privat,Offer,150,control,kleinwagen,1998,manuell,75,Other,150000,Apr,,ford,Other,2016-03-09 00:00:00,31675,2016-03-12 14:44:56,2016,2016,March,March,18,8
2016-03-21 17:38:57,FORD_Fiesta_TÜV_BIS_9.2016,privat,Offer,600,control,kleinwagen,2000,manuell,0,Other,150000,May,Gasoline,ford,Other,2016-03-21 00:00:00,47137,2016-04-06 17:46:47,2016,2016,March,March,16,7
2016-03-14 16:57:07,Ford_Fusion_1.4_TDCI_Euro_4_Kat._Klima_Top_Zustand,privat,Offer,1799,test,kleinwagen,2005,manuell,68,fusion,150000,Mar,Diesel,ford,No,2016-03-14 00:00:00,57584,2016-03-15 11:39:21,2016,2016,March,March,11,9
2016-03-14 22:36:17,ford_fiesta_1.1__50_ps__bj.12.96__137047_km__tuev_2.18__tuev_neu...,privat,Offer,1050,control,kleinwagen,1995,manuell,50,fiesta,150000,Dec,Gasoline,ford,No,2016-03-14 00:00:00,51149,2016-04-03 12:49:17,2016,2016,March,March,21,0
2016-04-04 00:58:47,Ford_fiesta,privat,Offer,400,test,kleinwagen,2001,manuell,60,fiesta,150000,Nov,Gasoline,ford,Other,2016-04-04 00:00:00,76661,2016-04-06 08:44:30,2016,2016,April,April,15,1
2016-03-13 14:51:25,Ford_Fiesta_1.3_Ambiente___Top_Zustand,privat,Offer,2100,test,kleinwagen,2006,manuell,60,fiesta,150000,Jun,Gasoline,ford,No,2016-03-13 00:00:00,61169,2016-03-13 18:24:14,2016,2016,March,March,10,6
2016-03-21 14:54:28,Ford_Fiesta_1.4_Sport__TÜV_NEU,privat,Offer,2490,control,kleinwagen,2005,manuell,80,fiesta,150000,Mar,Gasoline,ford,No,2016-03-21 00:00:00,92318,2016-03-22 19:19:51,2016,2016,March,March,11,9
2016-03-20 14:41:14,Ford_Ka_mit_Servo__Klima__TÜV_bis_08/2017_Fuer_Bastler,privat,Offer,180,test,kleinwagen,1999,manuell,0,ka,125000,Aug,Gasoline,ford,Other,2016-03-20 00:00:00,40822,2016-03-27 00:17:27,2016,2016,March,March,17,4
2016-03-05 17:39:55,Ford_Fiesta_Tuev_bis_10/2016,privat,Offer,550,test,kleinwagen,1998,manuell,60,fiesta,150000,Jan,Gasoline,ford,Other,2016-03-05 00:00:00,40789,2016-03-19 17:44:28,2016,2016,March,March,18,11
2016-03-26 16:49:46,Ford_Fiesta_Rentnerfahrzeug_Tuev_3/_2018_1_Hand,privat,Offer,990,control,kleinwagen,2001,manuell,60,fiesta,80000,Sep,Gasoline,ford,No,2016-03-26 00:00:00,41236,2016-03-26 16:49:46,2016,2016,March,March,15,3
2016-03-31 05:36:17,Ford_Fiesta_BJ_1996_mit_Resttuev__ausdruecklich__Bastlerfahrzeug,privat,Offer,250,test,kleinwagen,1996,manuell,45,fiesta,150000,Jun,Gasoline,ford,Yes,2016-03-31 00:00:00,21244,2016-03-31 09:39:57,2016,2016,March,March,20,6
2016-03-12 16:40:38,Ford_Fiesta_1.3_Klima_beheizbare_Frontscheibe,privat,Offer,1750,control,kleinwagen,2004,manuell,69,fiesta,150000,May,Gasoline,ford,No,2016-03-12 00:00:00,33098,2016-04-07 06:15:59,2016,2016,March,March,12,7
2016-03-17 11:49:19,Ford_Fiesta_16_V_75_PS,privat,Offer,400,control,kleinwagen,1998,manuell,75,fiesta,150000,Jun,,ford,No,2016-03-17 00:00:00,55411,2016-04-05 22:47:09,2016,2016,March,March,18,6
2016-03-14 00:48:01,Ford_Fiesta_1.3,privat,Offer,3499,control,kleinwagen,2004,manuell,60,fiesta,40000,Sep,Gasoline,ford,No,2016-03-13 00:00:00,91522,2016-03-24 10:45:50,2016,2016,March,March,12,3
2016-03-20 11:40:15,Ford_Fiesta,privat,Offer,1000,test,kleinwagen,2000,manuell,60,fiesta,150000,Jun,Gasoline,ford,No,2016-03-20 00:00:00,74592,2016-03-31 16:15:41,2016,2016,March,March,16,6
2016-03-23 18:47:36,Ford_Fiesta_1.3_Ambiente,privat,Offer,3200,test,kleinwagen,2005,manuell,69,fiesta,125000,Oct,Gasoline,ford,No,2016-03-23 00:00:00,31812,2016-04-05 23:45:27,2016,2016,March,March,11,2
2016-04-04 15:48:12,Ford_Ka_1_2_Discoschwarz_met.__Klima,privat,Offer,5690,test,kleinwagen,2010,manuell,69,ka,70000,Jan,Gasoline,ford,No,2016-04-04 00:00:00,59387,2016-04-06 17:44:32,2016,2016,April,April,6,11
2016-03-09 22:37:38,Ford__Fiesta_Schoene_auto_/_Fast_2_jahre_TÜV/Servo,privat,Offer,860,test,kleinwagen,1999,manuell,0,fiesta,125000,Oct,Gasoline,ford,No,2016-03-09 00:00:00,58642,2016-03-10 11:15:17,2016,2016,March,March,17,2
2016-04-02 22:48:18,Ford_Fiesta,privat,Offer,850,test,kleinwagen,1998,manuell,54,fiesta,60000,Jul,Gasoline,ford,No,2016-04-02 00:00:00,32457,2016-04-07 00:45:40,2016,2016,April,April,18,5
2016-03-22 11:56:28,Ford_Ka_Royal_2HAND_Sehr_gepflegt,privat,Offer,1300,control,kleinwagen,2005,manuell,69,ka,125000,Sep,Gasoline,ford,No,2016-03-22 00:00:00,74336,2016-03-22 12:42:35,2016,2016,March,March,11,3
2016-04-02 15:46:38,Verkaufe_Ford_Fiesata,privat,Offer,350,control,kleinwagen,1997,manuell,50,fiesta,150000,Sep,Gasoline,ford,No,2016-04-02 00:00:00,96274,2016-04-06 14:18:19,2016,2016,April,April,19,3
2016-03-31 00:50:05,Ford_Ka_1.2_Start_Stopp_System_Ambiente,privat,Offer,4955,control,kleinwagen,2013,manuell,69,ka,90000,Jan,Gasoline,ford,No,2016-03-30 00:00:00,77815,2016-04-05 23:17:32,2016,2016,March,March,3,11
2016-04-01 21:56:35,3_Bastler_Fahrzeuge_Fiesta_Twingo_Ibiza,privat,Offer,299,test,kleinwagen,1996,Unspecified,0,Other,125000,Jan,Gasoline,ford,Other,2016-04-01 00:00:00,35457,2016-04-05 14:44:35,2016,2016,April,April,20,11
2016-03-05 15:48:41,Ford_Fiesta_1.4_TDCI,privat,Offer,1499,control,kleinwagen,2003,manuell,68,fiesta,150000,May,Diesel,ford,No,2016-03-05 00:00:00,89312,2016-03-05 15:48:41,2016,2016,March,March,13,7
2016-03-11 12:41:51,Ford_Fiesta,privat,Offer,350,test,kleinwagen,1998,manuell,50,fiesta,100000,Jan,Gasoline,ford,No,2016-03-11 00:00:00,16356,2016-03-12 16:18:33,2016,2016,March,March,18,11
2016-04-03 09:50:27,Verkaufe_einen_kleinen_Flitzer,privat,Offer,750,control,kleinwagen,1999,manuell,0,fiesta,150000,Dec,Gasoline,ford,Other,2016-04-03 00:00:00,65195,2016-04-06 16:47:04,2016,2016,April,April,17,0
2016-03-30 00:57:43,Ford_Fiesta_Ghia,privat,Offer,3150,test,kleinwagen,2003,manuell,69,fiesta,90000,Aug,Gasoline,ford,Other,2016-03-29 00:00:00,59174,2016-04-06 20:46:27,2016,2016,March,March,13,4
2016-03-14 22:53:33,Verkaufe_Ford_Fiesta,privat,Offer,400,control,kleinwagen,1999,manuell,754,fiesta,150000,Jan,Gasoline,ford,Other,2016-03-14 00:00:00,22393,2016-03-17 14:46:09,2016,2016,March,March,17,11
2016-03-25 12:47:41,Ford_Ka_1.2_Titanium,privat,Offer,3950,test,kleinwagen,2009,manuell,69,ka,20000,Jun,Gasoline,ford,No,2016-03-25 00:00:00,45889,2016-03-30 01:46:53,2016,2016,March,March,7,6
2016-03-30 16:52:23,Ford_Fiesta,privat,Offer,300,test,kleinwagen,2001,manuell,0,fiesta,150000,Jun,Gasoline,ford,No,2016-03-30 00:00:00,6124,2016-04-01 11:17:23,2016,2016,March,March,15,6
2016-04-01 09:51:00,Ford_Ka_mit_TÜV___Neu!!!_2018_Maerz,privat,Offer,650,test,kleinwagen,1999,manuell,60,ka,125000,Oct,Gasoline,ford,No,2016-04-01 00:00:00,41061,2016-04-05 04:17:13,2016,2016,April,April,17,2
2016-03-07 18:43:37,Ford_Ka,privat,Offer,1300,control,kleinwagen,2005,manuell,69,ka,80000,Feb,Gasoline,ford,No,2016-03-07 00:00:00,58511,2016-03-09 16:15:15,2016,2016,March,March,11,10
2016-03-15 20:51:18,Ford_Ford_Ka_gepflegt_nur_114tkm,privat,Offer,999,test,kleinwagen,2005,manuell,60,ka,125000,Oct,Gasoline,ford,No,2016-03-15 00:00:00,78628,2016-04-07 03:45:28,2016,2016,March,March,11,2
2016-03-28 12:54:27,Ford_Ka_1999,privat,Offer,100,test,kleinwagen,1999,manuell,0,ka,5000,Jan,,ford,Other,2016-03-28 00:00:00,45329,2016-04-02 16:47:57,2016,2016,March,March,17,11
2016-03-21 10:42:15,Ford_Fiesta_1_3l_Benziner,privat,Offer,1990,test,kleinwagen,2004,manuell,60,fiesta,150000,Feb,Gasoline,ford,No,2016-03-21 00:00:00,24223,2016-04-06 03:17:00,2016,2016,March,March,12,10
2016-03-09 10:49:00,Ford_Fiesta,privat,Offer,990,control,kleinwagen,1998,manuell,60,fiesta,70000,Mar,Gasoline,ford,No,2016-03-09 00:00:00,59821,2016-03-12 20:16:04,2016,2016,March,March,18,9
2016-04-02 15:47:00,Verkaufe_Ford_Focus_!,privat,Offer,360,control,kleinwagen,1999,Unspecified,1988,focus,150000,Feb,Gasoline,ford,Other,2016-04-02 00:00:00,54459,2016-04-06 14:44:28,2016,2016,April,April,17,10
2016-03-16 21:37:56,Verkaufen_unseren_treuen_fiesta,privat,Offer,800,control,kleinwagen,2001,manuell,60,fiesta,150000,Oct,,ford,Other,2016-03-16 00:00:00,38300,2016-04-07 13:15:35,2016,2016,March,March,15,2
2016-03-20 12:55:36,Ford_Fiesta_1_3__Klima__1._Hand__Scheckheftgepflegt_bei_Ford,privat,Offer,2500,test,kleinwagen,2007,manuell,60,fiesta,150000,Sep,Gasoline,ford,No,2016-03-20 00:00:00,19348,2016-03-31 19:15:31,2016,2016,March,March,9,3
2016-03-15 14:00:34,Ford_Fiesta_8_Fach_Bereift__guter_Austattung__Scheckheft_bei_Ford,privat,Offer,5199,control,kleinwagen,2009,manuell,82,fiesta,125000,Nov,Gasoline,ford,No,2016-03-15 00:00:00,71263,2016-04-06 18:16:11,2016,2016,March,March,7,1
2016-04-01 21:47:06,Ford_Focus_Tuev_08/2016,privat,Offer,599,test,kleinwagen,2001,manuell,101,focus,150000,Jun,Gasoline,ford,No,2016-04-01 00:00:00,18461,2016-04-03 19:15:46,2016,2016,April,April,15,6
2016-03-23 20:57:36,Ford_Fiesta_1.3_Futura,privat,Offer,3100,test,kleinwagen,2005,manuell,60,fiesta,70000,Jun,Gasoline,ford,No,2016-03-23 00:00:00,41849,2016-04-06 02:16:51,2016,2016,March,March,11,6
2016-03-09 14:56:28,Ford_Focus_1.8_TDCI_DPF___TÜV/AU_04/2017___126100KM___EZ:_03/2002,privat,Offer,2690,test,kleinwagen,2002,manuell,116,focus,150000,Mar,Diesel,ford,No,2016-03-09 00:00:00,53518,2016-03-11 23:45:02,2016,2016,March,March,14,9
2016-03-13 18:38:14,Ford_Ka_K2_Edetion_Klima_Festpreis,privat,Offer,350,test,kleinwagen,1999,manuell,60,ka,150000,Jun,Gasoline,ford,Yes,2016-03-13 00:00:00,45661,2016-03-19 13:16:00,2016,2016,March,March,17,6
2016-03-15 13:51:55,Ford_Fiesta_zu_verkaufen,privat,Offer,450,control,kleinwagen,2001,manuell,50,fiesta,150000,Aug,Gasoline,ford,Other,2016-03-15 00:00:00,74374,2016-03-26 15:16:32,2016,2016,March,March,15,4
2016-03-14 14:42:05,Ford_KA__TÜV_02/2018__Klima__ABS__Servo__4xAirbag,privat,Offer,1100,control,kleinwagen,1999,manuell,60,ka,150000,Sep,Gasoline,ford,No,2016-03-14 00:00:00,31848,2016-04-05 16:44:34,2016,2016,March,March,17,3
2016-03-22 19:48:35,ford_ka_zur_zeit_nicht_fahrbereit,privat,Offer,250,test,kleinwagen,1999,Unspecified,0,ka,150000,Jan,Gasoline,ford,Yes,2016-03-22 00:00:00,21776,2016-03-26 21:47:05,2016,2016,March,March,17,11
2016-03-30 09:51:32,FORD__PUMA_1_4_mit_Klimaanlage_&_Alufelgen_TÜV_bis__06.2017,privat,Offer,1600,control,kleinwagen,1998,manuell,90,andere,5000,Jan,Gasoline,ford,No,2016-03-30 00:00:00,59065,2016-04-04 22:18:29,2016,2016,March,March,18,11
2016-03-15 22:51:43,Ford_Fiesta_1.25,privat,Offer,600,control,kleinwagen,1999,manuell,75,fiesta,150000,Mar,Gasoline,ford,No,2016-03-15 00:00:00,68309,2016-03-17 22:46:19,2016,2016,March,March,17,9
2016-04-04 13:45:32,Fuer_Bastler,privat,Offer,150,control,kleinwagen,2001,manuell,0,ka,150000,Sep,Gasoline,ford,Yes,2016-04-04 00:00:00,31162,2016-04-06 14:46:16,2016,2016,April,April,15,3
2016-03-07 12:55:34,Ford_Fusion_1.4_Viva,privat,Offer,5750,test,kleinwagen,2010,manuell,80,fusion,50000,Sep,Gasoline,ford,Yes,2016-03-07 00:00:00,30827,2016-04-06 03:17:20,2016,2016,March,March,6,3
2016-03-29 12:49:47,Ford_Fiesta,privat,Offer,1950,test,kleinwagen,2006,manuell,70,fiesta,150000,Apr,,ford,No,2016-03-29 00:00:00,75391,2016-03-31 05:17:14,2016,2016,March,March,10,8
2016-03-19 16:47:38,Ford_Ka_Bj_1998_Tuev+Au_03/2017,privat,Offer,690,test,kleinwagen,1998,manuell,45,ka,125000,Oct,Gasoline,ford,No,2016-03-19 00:00:00,26133,2016-04-07 02:44:27,2016,2016,March,March,18,2
2016-03-10 16:49:56,Top_Anfaenger_Auto_!!!_79.000_km,privat,Offer,1550,control,kleinwagen,2000,manuell,60,fiesta,80000,Apr,Gasoline,ford,No,2016-03-10 00:00:00,26826,2016-03-12 21:45:50,2016,2016,March,March,16,8
2016-03-31 20:57:08,Ford_Fiesta_1.3_i,privat,Offer,350,test,kleinwagen,1998,manuell,60,fiesta,150000,May,,ford,Yes,2016-03-31 00:00:00,17493,2016-03-31 21:41:55,2016,2016,March,March,18,7
2016-03-06 11:42:52,Ford_Fiesta_1.25_Ambiente__Klima__8_fach_bereift,privat,Offer,2400,test,kleinwagen,2004,manuell,69,fiesta,125000,Feb,Gasoline,ford,No,2016-03-06 00:00:00,39108,2016-03-11 08:16:49,2016,2016,March,March,12,10
2016-03-10 21:56:40,Ford_Fiesta_Bj_97,privat,Offer,90,control,kleinwagen,1997,manuell,50,fiesta,125000,Jan,Gasoline,ford,Yes,2016-03-10 00:00:00,85386,2016-04-07 00:17:16,2016,2016,March,March,19,11
2016-03-11 08:37:59,Ford_Fusion_1.25_Ambiente_mit_neuem_Zahnriemen_u._Inspektion,privat,Offer,2800,test,kleinwagen,2006,manuell,75,fusion,150000,Mar,Gasoline,ford,No,2016-03-11 00:00:00,28777,2016-03-13 04:15:56,2016,2016,March,March,10,9
2016-03-19 12:53:48,Ford_Fiesta_mit_2_Jahre_TÜV,privat,Offer,1800,test,kleinwagen,1998,automatik,75,fiesta,50000,Oct,Gasoline,ford,No,2016-03-19 00:00:00,44623,2016-03-20 14:46:10,2016,2016,March,March,18,2
2016-03-11 14:53:35,Ford_Fokus_500__fast_geschenkt,privat,Offer,500,control,kleinwagen,1999,manuell,0,focus,150000,Sep,Gasoline,ford,Yes,2016-03-11 00:00:00,92533,2016-03-16 01:45:44,2016,2016,March,March,17,3
2016-03-09 18:53:30,Ford_Focus,privat,Offer,700,test,kleinwagen,2001,manuell,115,focus,150000,Jan,Gasoline,ford,Yes,2016-03-09 00:00:00,66117,2016-03-12 19:19:59,2016,2016,March,March,15,11
2016-03-22 11:57:51,Ford_Fiesta_TÜV_10.2017,privat,Offer,1250,control,kleinwagen,2002,manuell,55,fiesta,150000,Mar,Gasoline,ford,Other,2016-03-22 00:00:00,53474,2016-04-06 00:16:25,2016,2016,March,March,14,9
2016-03-10 10:25:20,Ford_fiesta_1.3,privat,Offer,2600,test,kleinwagen,2005,manuell,69,ka,150000,Jan,Gasoline,ford,Other,2016-03-10 00:00:00,35576,2016-03-15 18:47:19,2016,2016,March,March,11,11
2016-03-17 11:52:40,Ford_Focus_gegen_Handy_!,privat,Offer,1,control,kleinwagen,1999,manuell,115,focus,150000,Jan,Gasoline,ford,Other,2016-03-17 00:00:00,4603,2016-03-17 12:43:09,2016,2016,March,March,17,11
2016-03-21 18:36:17,Diesel!!_TÜV_neu!_1.Hand!!_Ford_Fusion,privat,Offer,2599,test,kleinwagen,2003,manuell,68,fusion,150000,Jan,Diesel,ford,No,2016-03-21 00:00:00,96369,2016-03-24 07:50:12,2016,2016,March,March,13,11
2016-03-21 01:56:37,Ford_Fiesta_Ghia,privat,Offer,750,test,kleinwagen,2000,manuell,75,fiesta,150000,May,Gasoline,ford,No,2016-03-21 00:00:00,66333,2016-04-06 00:17:05,2016,2016,March,March,16,7
2016-03-23 12:48:25,Ford_Fusion_1.4,privat,Offer,2000,control,kleinwagen,2002,manuell,80,fusion,80000,Oct,Gasoline,ford,No,2016-03-23 00:00:00,89340,2016-03-23 12:48:25,2016,2016,March,March,14,2
2016-03-11 12:38:56,Ford_Fiesta_1_3_60_PS,privat,Offer,550,test,kleinwagen,1999,manuell,0,fiesta,150000,Jan,Gasoline,ford,Yes,2016-03-11 00:00:00,41516,2016-03-12 16:18:14,2016,2016,March,March,17,11
2016-03-07 23:52:22,Ka_TÜV/_AU_mangelfrei_neu__gepflegt!!!,privat,Offer,1490,test,kleinwagen,2002,manuell,60,ka,150000,Aug,Gasoline,ford,No,2016-03-07 00:00:00,44625,2016-03-10 12:45:46,2016,2016,March,March,14,4
2016-03-19 17:44:51,Tausch_moeglich!Ford_Fiesta_Florida_Erstzulassung_31.01.2002!,privat,Offer,300,control,kleinwagen,2002,manuell,60,fiesta,150000,Jan,Gasoline,ford,Other,2016-03-19 00:00:00,56826,2016-03-19 17:44:51,2016,2016,March,March,14,11
2016-03-24 19:37:41,Ford_Fiesta,privat,Offer,800,control,kleinwagen,1998,manuell,60,Other,150000,Jul,Gasoline,ford,Other,2016-03-24 00:00:00,21683,2016-04-03 14:19:20,2016,2016,March,March,18,5
2016-03-09 12:51:25,Ford_Ka,privat,Offer,890,control,kleinwagen,2001,manuell,60,ka,125000,Jul,Gasoline,ford,No,2016-03-09 00:00:00,15711,2016-03-27 22:18:05,2016,2016,March,March,15,5
2016-03-22 15:49:07,Ford_Fiesta_TÜV/ASU_09/2016_Angemeldet_Fahrbereit!!,privat,Offer,400,control,kleinwagen,1995,manuell,50,fiesta,150000,Jun,Gasoline,ford,No,2016-03-22 00:00:00,6862,2016-03-22 15:49:07,2016,2016,March,March,21,6
2016-03-24 20:53:18,Ford_Fiesta_1.4_Style,privat,Offer,3950,test,kleinwagen,2007,manuell,80,fiesta,125000,Oct,Gasoline,ford,No,2016-03-24 00:00:00,96328,2016-04-05 14:46:25,2016,2016,March,March,9,2
2016-03-14 17:46:56,Ford_fiesta,privat,Offer,799,test,kleinwagen,1998,manuell,45,fiesta,100000,Sep,Gasoline,ford,No,2016-03-14 00:00:00,78532,2016-04-02 02:18:46,2016,2016,March,March,18,3
2016-03-19 07:56:04,FORD_KA_IN_SCHWARZ,privat,Offer,300,control,kleinwagen,2000,manuell,75,ka,50000,Mar,Gasoline,ford,No,2016-03-19 00:00:00,12353,2016-03-19 07:56:04,2016,2016,March,March,16,9
2016-03-11 19:52:37,Gepflegter_Ford_Fiesta,privat,Offer,650,test,kleinwagen,1995,manuell,54,fiesta,150000,Jan,,ford,No,2016-03-11 00:00:00,66333,2016-04-06 01:17:26,2016,2016,March,March,21,11
2016-03-16 23:55:17,Ford_Fiesta_/_Mit_TÜV_!,privat,Offer,899,test,kleinwagen,2001,manuell,75,fiesta,150000,Nov,Gasoline,ford,No,2016-03-16 00:00:00,4178,2016-03-21 09:44:13,2016,2016,March,March,15,1
2016-03-12 10:50:40,Ford_ka_tuev_bastel_auto_Anfaenger_auto,privat,Offer,200,control,kleinwagen,1996,manuell,55,Other,150000,Aug,Gasoline,ford,Yes,2016-03-12 00:00:00,46325,2016-03-13 01:46:35,2016,2016,March,March,20,4
2016-03-16 18:54:09,Ford__Fiesta_1.3_Tuev/Au_03/2018,privat,Offer,1900,control,kleinwagen,2005,manuell,60,fiesta,125000,Feb,Gasoline,ford,No,2016-03-16 00:00:00,30419,2016-03-19 17:19:29,2016,2016,March,March,11,10
2016-04-05 08:52:49,Ford_ka,privat,Offer,800,test,kleinwagen,2007,manuell,60,ka,100000,Mar,Gasoline,ford,Other,2016-04-05 00:00:00,8107,2016-04-05 08:52:49,2016,2016,April,April,9,9
2016-03-20 16:59:13,Ford_fiesta,privat,Offer,500,test,kleinwagen,1996,manuell,0,Other,150000,Apr,Gasoline,ford,No,2016-03-20 00:00:00,59425,2016-04-02 22:50:33,2016,2016,March,March,20,8
2016-03-24 11:40:20,Ford_Ka_Bj_97_60PS_Guter_Gebrauchter_Zustand,privat,Offer,100,test,kleinwagen,1997,manuell,60,ka,125000,Jan,Gasoline,ford,Yes,2016-03-24 00:00:00,15806,2016-03-28 19:45:04,2016,2016,March,March,19,11
2016-04-02 02:36:40,!!_TOP_FORD_FIESTA_1.3_!!_Bitte_lesen,privat,Offer,0,control,kleinwagen,2001,manuell,0,fiesta,150000,Jan,Gasoline,ford,No,2016-04-02 00:00:00,59379,2016-04-06 00:46:03,2016,2016,April,April,15,11
2016-03-28 12:49:19,Ford_Ka_Fun_X,privat,Offer,1550,test,kleinwagen,2007,manuell,60,ka,80000,Oct,Gasoline,ford,No,2016-03-28 00:00:00,74321,2016-03-28 12:49:19,2016,2016,March,March,9,2
2016-03-21 10:49:58,Ford_Fiesta_TÜV/ASU_09/2016_Angemeldet_Fahrbereit!!,privat,Offer,450,test,kleinwagen,1995,manuell,50,fiesta,150000,Jun,Gasoline,ford,No,2016-03-21 00:00:00,6844,2016-03-22 15:18:37,2016,2016,March,March,21,6
2016-03-12 18:50:59,Ford_Ka_2003,privat,Offer,599,test,kleinwagen,2003,Unspecified,0,ka,150000,Mar,Gasoline,ford,Other,2016-03-12 00:00:00,13357,2016-03-12 18:50:59,2016,2016,March,March,13,9
2016-03-29 12:50:22,Ford_Ka_Kool,privat,Offer,250,test,kleinwagen,1997,manuell,0,ka,150000,Jan,,ford,Other,2016-03-29 00:00:00,27339,2016-03-31 05:17:16,2016,2016,March,March,19,11
2016-03-19 19:40:13,Gebraucht__Ford_Fiesta_1.4.59kw/80Ps,privat,Offer,2850,control,kleinwagen,2003,manuell,80,fiesta,80000,Oct,Gasoline,ford,Other,2016-03-19 00:00:00,68305,2016-04-07 07:15:22,2016,2016,March,March,13,2
2016-03-30 08:37:20,Ford_Ka_an_Bastler_zu_verkaufen!_Kein_TÜV,privat,Offer,130,control,kleinwagen,2001,manuell,0,ka,150000,Sep,Gasoline,ford,Yes,2016-03-30 00:00:00,40470,2016-04-07 00:16:24,2016,2016,March,March,15,3
2016-03-24 15:52:49,Ford_Fiesta_1.3,privat,Offer,2300,test,kleinwagen,2003,manuell,60,fiesta,125000,Dec,Gasoline,ford,No,2016-03-24 00:00:00,50321,2016-03-30 17:17:23,2016,2016,March,March,13,0
2016-03-19 13:36:18,Ford_KA_LPG_Prince_VSI,privat,Offer,850,test,kleinwagen,2007,manuell,60,ka,150000,Apr,Lpg,ford,No,2016-03-19 00:00:00,31246,2016-03-25 15:19:57,2016,2016,March,March,9,8
2016-03-15 10:37:03,Ford_Ford_Fiesta_1.3_60PS_mit_Klima_&_TÜV,privat,Offer,1750,control,kleinwagen,2005,manuell,60,fiesta,150000,Aug,Gasoline,ford,Yes,2016-03-15 00:00:00,41352,2016-04-05 21:15:56,2016,2016,March,March,11,4
2016-03-23 12:48:44,Ford_Fiesta_S,privat,Offer,4150,control,kleinwagen,2006,manuell,101,fiesta,90000,May,Gasoline,ford,No,2016-03-23 00:00:00,50829,2016-04-05 12:44:59,2016,2016,March,March,10,7
2016-03-18 21:47:22,Ford_Fiesta_1.3_Ambiente,privat,Offer,1500,control,kleinwagen,2005,manuell,60,fiesta,150000,Jan,Gasoline,ford,Yes,2016-03-18 00:00:00,82256,2016-04-05 23:15:42,2016,2016,March,March,11,11
2016-03-14 17:47:47,FORD_FIESTA_MIT_NEUEM_TÜV_11.2017_SCHWARZ_Preis:_1.050_,privat,Offer,1050,test,kleinwagen,2001,manuell,60,fiesta,150000,Sep,Gasoline,ford,No,2016-03-14 00:00:00,58239,2016-03-28 01:16:47,2016,2016,March,March,15,3
2016-04-02 20:39:53,Ford_Fiesta_Florida,privat,Offer,1799,test,kleinwagen,2001,manuell,60,fiesta,70000,Feb,Gasoline,ford,No,2016-04-02 00:00:00,41517,2016-04-06 20:47:24,2016,2016,April,April,15,10
2016-03-14 20:58:33,Ford_Fiesta_Calypso,privat,Offer,550,control,kleinwagen,1995,manuell,60,fiesta,80000,Jan,Gasoline,ford,No,2016-03-14 00:00:00,96106,2016-03-25 10:19:16,2016,2016,March,March,21,11
2016-03-15 21:54:29,Ford_Fiesta_Flair,privat,Offer,850,control,kleinwagen,1998,manuell,75,fiesta,100000,Feb,Gasoline,ford,Yes,2016-03-15 00:00:00,65189,2016-04-07 04:44:23,2016,2016,March,March,18,10
2016-04-03 23:53:40,Ford_Ka#Tuev_12.2017#Klima#Servolenkung,privat,Offer,1500,control,kleinwagen,2003,manuell,60,ka,125000,Aug,Gasoline,ford,Other,2016-04-03 00:00:00,77815,2016-04-06 08:16:15,2016,2016,April,April,13,4
2016-03-29 19:44:47,Ford_Fiesta_1.4,privat,Offer,3299,control,kleinwagen,2005,Unspecified,0,fiesta,50000,May,Gasoline,ford,No,2016-03-29 00:00:00,35683,2016-03-31 15:10:38,2016,2016,March,March,11,7
2016-03-26 07:53:57,FORD_Fiesta_Ghia,privat,Offer,800,test,kleinwagen,1996,manuell,90,fiesta,150000,Jul,,ford,No,2016-03-26 00:00:00,29308,2016-04-05 18:46:57,2016,2016,March,March,20,5
2016-03-11 22:06:21,Ford_Ka_TueV_neu_/_Klima,privat,Offer,950,control,kleinwagen,2001,manuell,60,ka,70000,Dec,Gasoline,ford,No,2016-03-11 00:00:00,65933,2016-03-12 10:47:07,2016,2016,March,March,15,0
2016-03-19 09:52:41,Ford_Focus_Tausch_oder_Verkauf,privat,Offer,800,test,kleinwagen,1999,manuell,103,focus,150000,Jan,Gasoline,ford,Other,2016-03-19 00:00:00,66780,2016-04-06 10:15:46,2016,2016,March,March,17,11
2016-03-25 10:47:22,Ford_Fiesta,privat,Offer,1250,test,kleinwagen,1999,manuell,50,fiesta,150000,Nov,Gasoline,ford,No,2016-03-25 00:00:00,90766,2016-04-04 09:44:36,2016,2016,March,March,17,1
2016-03-11 18:57:55,Ford_Fiesta__nur_88000_Kilometerstand__zuverlaessig,privat,Offer,350,test,kleinwagen,1997,manuell,0,fiesta,90000,Jan,Gasoline,ford,No,2016-03-11 00:00:00,53881,2016-04-05 21:17:51,2016,2016,March,March,19,11
2016-03-29 16:54:46,Ford_Fiesta_1.6_Diesel__Unfallauto__TÜV__2018,privat,Offer,800,control,kleinwagen,2005,manuell,90,fiesta,150000,Mar,Diesel,ford,Other,2016-03-29 00:00:00,30827,2016-03-29 17:40:38,2016,2016,March,March,11,9
2016-03-17 17:44:42,Ford_KA/_Klima/_TÜV_Neu/_Sehr_Sauber!,privat,Offer,995,control,kleinwagen,1998,manuell,71,ka,125000,Mar,Gasoline,ford,Other,2016-03-17 00:00:00,50354,2016-04-01 06:44:42,2016,2016,March,March,18,9
2016-04-04 22:36:19,Ford_Fiesta_sucht_neuen_Besitzer,privat,Offer,330,test,kleinwagen,1996,manuell,60,Other,150000,Aug,Gasoline,ford,No,2016-04-04 00:00:00,89191,2016-04-07 03:17:10,2016,2016,April,April,20,4
2016-03-21 08:56:09,Ford_Ka___Benziner,privat,Offer,255,control,kleinwagen,1999,manuell,60,ka,150000,Jul,Gasoline,ford,Other,2016-03-21 00:00:00,53117,2016-04-06 07:45:21,2016,2016,March,March,17,5
2016-03-28 20:56:33,Fuer_Bastler,privat,Offer,150,control,kleinwagen,2002,manuell,60,ka,150000,Mar,Gasoline,ford,No,2016-03-28 00:00:00,30455,2016-03-30 13:15:28,2016,2016,March,March,14,9
2016-03-07 18:49:07,Verkaufe_Ford_Focus,privat,Offer,1300,control,kleinwagen,2001,manuell,101,focus,150000,Jan,Gasoline,ford,No,2016-03-07 00:00:00,1917,2016-03-08 17:18:25,2016,2016,March,March,15,11
2016-03-14 14:56:51,Ford_Ka__Klima___mit_TÜV_bis_12/2017__1A_Motor,privat,Offer,649,control,kleinwagen,2000,manuell,60,mondeo,70000,Jan,Gasoline,ford,Other,2016-03-14 00:00:00,59174,2016-03-27 20:17:56,2016,2016,March,March,16,11
2016-03-12 20:51:25,Ford_Fiesta,privat,Offer,840,test,kleinwagen,2001,manuell,60,fiesta,150000,Jul,Gasoline,ford,No,2016-03-12 00:00:00,64839,2016-03-22 07:48:02,2016,2016,March,March,15,5
2016-03-16 14:49:59,Ford_Ka__Kleinwagen_TÜV_NEU,privat,Offer,1450,test,kleinwagen,2000,manuell,60,ka,125000,Apr,Gasoline,ford,Other,2016-03-16 00:00:00,51377,2016-03-25 13:18:40,2016,2016,March,March,16,8
2016-03-24 21:54:59,Ford_Ka_Colani,privat,Offer,4500,test,kleinwagen,1999,manuell,60,ka,150000,Apr,Gasoline,ford,Other,2016-03-24 00:00:00,45327,2016-04-05 18:47:05,2016,2016,March,March,17,8
2016-03-09 15:45:05,Ford_Fiesta_5tuerig_Klima__2005/_134.000km_Neue_Kupplung_TÜV_2/17,privat,Offer,1700,control,kleinwagen,2005,manuell,60,fiesta,150000,May,Gasoline,ford,Yes,2016-03-09 00:00:00,97082,2016-03-11 23:45:45,2016,2016,March,March,11,7
2016-03-31 14:55:35,Ford_Fiesta_1.3,privat,Offer,1300,control,kleinwagen,2005,manuell,69,fiesta,150000,Mar,Gasoline,ford,No,2016-03-31 00:00:00,85375,2016-04-06 08:16:51,2016,2016,March,March,11,9
2016-04-05 00:56:28,Ford_Fiesta_1.3_Ambiente_1.Hand,privat,Offer,2500,control,kleinwagen,2005,manuell,60,fiesta,125000,Dec,Gasoline,ford,No,2016-04-05 00:00:00,51065,2016-04-07 10:17:01,2016,2016,April,April,11,0
2016-03-28 20:43:28,Ford_Fiesta_1.3,privat,Offer,2600,control,kleinwagen,2005,manuell,69,fiesta,100000,Aug,Gasoline,ford,No,2016-03-28 00:00:00,87527,2016-04-07 02:47:10,2016,2016,March,March,11,4
2016-03-29 08:53:16,Ford_Fiesta_2004,privat,Offer,1250,control,kleinwagen,2004,manuell,0,fiesta,150000,Oct,Gasoline,ford,Yes,2016-03-29 00:00:00,64521,2016-03-29 10:40:38,2016,2016,March,March,12,2
2016-03-24 17:47:59,Ford_Fiesta_55,privat,Offer,55,control,kleinwagen,1996,manuell,55,fiesta,150000,Feb,Gasoline,ford,No,2016-03-24 00:00:00,6712,2016-03-24 17:47:59,2016,2016,March,March,20,10
2016-03-08 15:25:24,Ford_Ka_Zu_verkaufen_Tuev_03/2016,privat,Offer,50,test,kleinwagen,1999,manuell,0,ka,150000,May,Gasoline,ford,Other,2016-03-08 00:00:00,65199,2016-03-08 19:28:48,2016,2016,March,March,17,7
2016-03-29 19:46:50,Ford_Fiesta__Erstzulassung_28.11.2002__TÜV_abgelaufen,privat,Offer,400,control,kleinwagen,2002,manuell,60,fiesta,150000,Nov,Gasoline,ford,No,2016-03-29 00:00:00,44787,2016-03-29 19:46:50,2016,2016,March,March,14,1
2016-03-25 13:39:39,Ford_Ka_NEU_TÜV_BIS___10.2017_KLIMA,privat,Offer,999,test,kleinwagen,2002,manuell,60,ka,125000,Mar,Gasoline,ford,No,2016-03-25 00:00:00,99087,2016-04-06 15:44:38,2016,2016,March,March,14,9
2016-03-14 18:55:03,Ford_Fiesta_1.4_TDCi_Titanium_Scheckheft_PDC_SHZG,privat,Offer,5700,test,kleinwagen,2012,manuell,69,fiesta,70000,Nov,Diesel,ford,No,2016-03-14 00:00:00,15234,2016-04-06 03:17:03,2016,2016,March,March,4,1
2016-03-23 12:47:49,Ford_Fiesta_1_3_Bj_2001_KLIMA_SERVO_ALUFELGEN_nur_93000km_D4_Kat,privat,Offer,899,control,kleinwagen,2001,manuell,60,fiesta,100000,May,Gasoline,ford,Other,2016-03-23 00:00:00,10967,2016-03-30 22:15:25,2016,2016,March,March,15,7
2016-03-23 14:56:51,Ford_Fiesta_1.4_TDCI,privat,Offer,2600,test,kleinwagen,2004,manuell,68,fiesta,150000,Nov,Diesel,ford,No,2016-03-23 00:00:00,31224,2016-04-05 17:21:40,2016,2016,March,March,12,1
2016-03-22 13:47:07,Ford_Fiesta,privat,Offer,1500,control,kleinwagen,2000,manuell,60,fiesta,125000,Apr,Gasoline,ford,No,2016-03-22 00:00:00,74626,2016-04-06 02:17:37,2016,2016,March,March,16,8
2016-03-19 10:57:55,VERKAUFEN_FORD_FIESTA,privat,Offer,350,test,kleinwagen,1997,automatik,75,fiesta,100000,Aug,Gasoline,ford,No,2016-03-19 00:00:00,26603,2016-03-20 13:15:19,2016,2016,March,March,19,4
2016-03-22 11:55:19,Ford_Fiesta_TÜV_neu_15.3.2016___springt_nicht_mehr_an,privat,Offer,550,control,kleinwagen,1998,manuell,75,fiesta,125000,Nov,Gasoline,ford,No,2016-03-22 00:00:00,72654,2016-03-26 12:45:20,2016,2016,March,March,18,1
2016-04-04 14:54:42,Fiesta_Champ_178,privat,Offer,4099,test,kleinwagen,2007,manuell,80,fiesta,125000,Jul,Gasoline,ford,Yes,2016-04-04 00:00:00,50171,2016-04-06 16:17:41,2016,2016,April,April,9,5
2016-03-20 19:50:47,Ford_Focus_1_4,privat,Offer,350,test,kleinwagen,1999,manuell,75,focus,150000,Feb,Gasoline,ford,Yes,2016-03-20 00:00:00,58453,2016-03-20 19:50:47,2016,2016,March,March,17,10
2016-03-29 19:57:28,Ford_fiesta,privat,Offer,750,control,kleinwagen,1998,manuell,0,fiesta,150000,Jan,Gasoline,ford,No,2016-03-29 00:00:00,99085,2016-04-02 08:44:42,2016,2016,March,March,18,11
2016-03-31 19:38:22,Ford_KA_mit_Tuev_bis_Jan_2017_wenig_Km_Gute_Ausstattung,privat,Offer,450,control,kleinwagen,1999,manuell,60,ka,150000,Dec,Gasoline,ford,Yes,2016-03-31 00:00:00,45966,2016-03-31 19:38:22,2016,2016,March,March,17,0
2016-03-19 16:50:50,Ford_Fiesta,privat,Offer,1100,test,kleinwagen,2000,manuell,75,fiesta,150000,Aug,Gasoline,ford,No,2016-03-19 00:00:00,71732,2016-04-07 02:46:29,2016,2016,March,March,16,4
2016-03-17 15:55:02,Ford_Fiesta_1.6_TDCI_Unfallwagen_Unfall_als_Teile_oder_Reparatur,privat,Offer,2700,test,kleinwagen,2009,manuell,95,fiesta,100000,Dec,Diesel,ford,Yes,2016-03-17 00:00:00,47166,2016-03-17 15:55:02,2016,2016,March,March,7,0
2016-03-08 19:57:38,Ford_Fiesta_BJ:_2000_Tuev_4/2017,privat,Offer,600,test,kleinwagen,2000,manuell,44,fiesta,150000,Jun,Gasoline,ford,Other,2016-03-08 00:00:00,26133,2016-03-12 22:44:21,2016,2016,March,March,16,6
2016-03-10 16:57:13,Ford_Fiesta_1.4_Ambiente,privat,Offer,2699,control,kleinwagen,2002,manuell,80,fiesta,150000,Jan,Gasoline,ford,No,2016-03-10 00:00:00,75446,2016-04-05 18:18:25,2016,2016,March,March,14,11
2016-03-26 14:58:27,Ford_Fiesta_Fusion_1.4_TDCI_Ambiente_TÜV_NEU_Gruene_Pl,privat,Offer,4300,control,kleinwagen,2004,automatik,68,fiesta,70000,Dec,Diesel,ford,No,2016-03-26 00:00:00,65207,2016-03-30 02:17:10,2016,2016,March,March,12,0
2016-03-07 23:53:55,Fiesta_4Tuerig_HU/AU:03.2018_Klima__Euro4,privat,Offer,1199,test,kleinwagen,2002,manuell,60,Other,150000,May,Gasoline,ford,No,2016-03-07 00:00:00,28199,2016-03-08 13:16:45,2016,2016,March,March,14,7
2016-03-19 17:06:22,Ford_Fiesta_|_Fahrtauglich_|_ohne_TÜV,privat,Offer,250,control,kleinwagen,2000,manuell,60,fiesta,90000,Oct,Gasoline,ford,Other,2016-03-19 00:00:00,56299,2016-03-20 13:41:35,2016,2016,March,March,16,2
2016-03-20 10:50:31,Ford_Fiesta_sucht_neuen_Besitzer__neuer_TÜV!!,privat,Offer,1600,control,kleinwagen,2005,manuell,60,fiesta,150000,Mar,Gasoline,ford,No,2016-03-20 00:00:00,61118,2016-03-20 14:30:22,2016,2016,March,March,11,9
2016-03-17 14:50:22,Ford_Ka_Edition_Lufthansa,privat,Offer,1000,control,kleinwagen,1997,manuell,60,ka,70000,Dec,Gasoline,ford,No,2016-03-17 00:00:00,44145,2016-04-06 21:17:50,2016,2016,March,March,19,0
2016-03-06 15:44:05,Ford_Fiesta_TÜV_Neu_8x_Bereift,privat,Offer,650,test,kleinwagen,1999,manuell,75,fiesta,150000,Aug,Gasoline,ford,No,2016-03-06 00:00:00,89079,2016-03-09 07:16:17,2016,2016,March,March,17,4
2016-03-07 20:49:43,Ford_Ka_Viva_1.3_Klima_1.Hand_TÜV_09/2017,privat,Offer,1450,test,kleinwagen,2004,manuell,69,ka,60000,Sep,Gasoline,ford,No,2016-03-07 00:00:00,30455,2016-03-08 20:18:29,2016,2016,March,March,12,3
2016-03-07 17:44:58,Morgen_abholen__UNFALLWAGEN__FORD,privat,Offer,250,test,kleinwagen,2005,manuell,0,Other,150000,May,Diesel,ford,Yes,2016-03-07 00:00:00,50931,2016-03-08 09:17:40,2016,2016,March,March,11,7
2016-03-25 11:54:18,FESTPREIS_Ford_Fiesta_MK_6_Baujahr_2002_Euro_4_Klima,privat,Offer,1100,test,kleinwagen,2002,manuell,80,fiesta,150000,Jan,,ford,Yes,2016-03-25 00:00:00,26188,2016-04-06 12:45:07,2016,2016,March,March,14,11
2016-03-17 15:46:18,Ford_Fiesta_Ghia,privat,Offer,1050,test,kleinwagen,2002,manuell,75,fiesta,150000,Jun,Gasoline,ford,No,2016-03-17 00:00:00,31737,2016-03-19 15:18:48,2016,2016,March,March,14,6
2016-03-20 16:51:59,Ford_Fiesta_1.3_Benzin_TÜV_BIS_06.2017,privat,Offer,680,test,kleinwagen,1996,manuell,60,fiesta,100000,Mar,Gasoline,ford,Other,2016-03-20 00:00:00,23730,2016-03-24 09:44:51,2016,2016,March,March,20,9
2016-03-22 18:56:59,Ford_Fiesta_1.25_Trend_5Tuerig_Klima_neue_Sommerreifen,privat,Offer,4800,control,kleinwagen,2009,manuell,82,fiesta,150000,Sep,Gasoline,ford,No,2016-03-22 00:00:00,53721,2016-04-04 11:16:42,2016,2016,March,March,7,3
2016-03-26 14:55:11,Ford_KA_*Neuer_TÜV_heute_26.03.16_gemacht*,privat,Offer,980,control,kleinwagen,2002,manuell,60,ka,70000,Mar,Gasoline,ford,Other,2016-03-26 00:00:00,55543,2016-03-28 03:47:25,2016,2016,March,March,14,9
2016-03-19 16:45:43,Ford_Ka,privat,Offer,890,test,kleinwagen,2001,manuell,60,ka,150000,Sep,Gasoline,ford,No,2016-03-19 00:00:00,74366,2016-03-20 18:46:43,2016,2016,March,March,15,3
2016-03-30 16:57:34,Ford_Ka_zum_Ausschlachten,privat,Offer,100,test,kleinwagen,2002,manuell,44,ka,150000,Jun,Gasoline,ford,Yes,2016-03-30 00:00:00,33189,2016-03-30 16:57:34,2016,2016,March,March,14,6
2016-04-07 08:06:37,Gepflegter_Ford_Ka_zu_verkaufen,privat,Offer,4700,test,kleinwagen,2009,Unspecified,0,ka,80000,Mar,Gasoline,ford,Other,2016-04-07 00:00:00,65232,2016-04-07 08:25:24,2016,2016,April,April,7,9
2016-03-14 14:49:21,Ford_Fiesta_Trend,privat,Offer,1800,control,kleinwagen,2002,manuell,75,fiesta,125000,Nov,Gasoline,ford,No,2016-03-14 00:00:00,23923,2016-03-15 09:44:42,2016,2016,March,March,14,1
2016-03-12 14:52:17,Ford_Fiesta_GT,privat,Offer,1250,test,kleinwagen,1997,manuell,75,fiesta,150000,May,Gasoline,ford,No,2016-03-12 00:00:00,89269,2016-03-20 18:30:49,2016,2016,March,March,19,7
2016-03-13 15:42:43,FORD_KA_1.3L___TÜV_01/2018_??,privat,Offer,1190,test,kleinwagen,2003,manuell,60,ka,150000,Oct,Gasoline,ford,No,2016-03-13 00:00:00,45355,2016-03-13 15:42:43,2016,2016,March,March,13,2
2016-03-23 08:51:44,Ford_Fiesta_D,privat,Offer,0,control,kleinwagen,2001,manuell,55,fiesta,125000,Sep,Gasoline,ford,No,2016-03-23 00:00:00,46483,2016-03-27 12:47:38,2016,2016,March,March,15,3
2016-03-29 09:52:58,Ford_KA_mit_TÜV_bis_07/2017_guter_Allgemeinzustand_8_Fach_bereift,privat,Offer,1111,test,kleinwagen,2002,manuell,60,ka,90000,Feb,Gasoline,ford,No,2016-03-29 00:00:00,92237,2016-04-05 18:47:12,2016,2016,March,March,14,10
2016-03-10 18:50:34,Ford_Ka_Kleinwagen,privat,Offer,500,test,kleinwagen,1998,manuell,0,Other,150000,Jun,Gasoline,ford,No,2016-03-10 00:00:00,48231,2016-03-21 08:44:53,2016,2016,March,March,18,6
2016-04-03 23:44:16,Ford_Fiesta_4tuerig__TÜV_04/17_Alufelgen__Klima__98000km,privat,Offer,999,control,kleinwagen,2001,manuell,60,fiesta,100000,Aug,Gasoline,ford,No,2016-04-03 00:00:00,38685,2016-04-06 00:45:24,2016,2016,April,April,15,4
2016-03-22 10:25:21,Ford_Ka,privat,Offer,1350,test,kleinwagen,2007,manuell,60,ka,150000,Oct,Gasoline,ford,No,2016-03-22 00:00:00,65232,2016-04-06 08:17:44,2016,2016,March,March,9,2
2016-03-14 21:50:37,Ford_Fiesta_Trend_Klima_Servo_5_Tuerig_Tuev_11_/_2017,privat,Offer,1400,control,kleinwagen,2002,manuell,75,fiesta,150000,Apr,Gasoline,ford,No,2016-03-14 00:00:00,63225,2016-03-16 17:29:54,2016,2016,March,March,14,8
2016-03-09 22:51:25,Ford_Ka_2010_aus_erste_Hand!!,privat,Offer,4290,test,kleinwagen,2010,manuell,69,ka,125000,Oct,Gasoline,ford,No,2016-03-09 00:00:00,32429,2016-03-27 04:45:42,2016,2016,March,March,6,2
2016-03-14 15:38:18,Fuer_Bastler_oder_Export_wegen_Neuanschaffung,privat,Offer,950,control,kleinwagen,2002,manuell,0,focus,150000,Jan,Diesel,ford,No,2016-03-14 00:00:00,78333,2016-04-05 18:45:12,2016,2016,March,March,14,11
2016-03-07 22:52:11,Ford_Ka_1.3__TÜV_Neu_02.2018_Gruene_Plakette_Euro_4_Viele_Extras,privat,Offer,950,test,kleinwagen,2002,manuell,60,ka,150000,Jun,Gasoline,ford,No,2016-03-07 00:00:00,45326,2016-03-09 09:18:07,2016,2016,March,March,14,6
2016-03-12 19:47:59,Ford_Ka,privat,Offer,799,test,kleinwagen,1998,Unspecified,60,ka,125000,Oct,Gasoline,ford,No,2016-03-12 00:00:00,67459,2016-04-01 17:16:41,2016,2016,March,March,18,2
2016-03-26 20:50:02,Ford_Fiesta_1.4_Ambiente_5Tuerer_Tuev_6/2017,privat,Offer,1350,control,kleinwagen,2002,manuell,80,fiesta,150000,Mar,Gasoline,ford,No,2016-03-26 00:00:00,49843,2016-03-28 10:16:59,2016,2016,March,March,14,9
2016-03-31 10:54:25,Ford_Fiesta_1.4_Viva,privat,Offer,2299,control,kleinwagen,2004,manuell,80,fiesta,100000,Jun,Gasoline,ford,No,2016-03-31 00:00:00,74867,2016-03-31 11:47:24,2016,2016,March,March,12,6
2016-03-14 14:54:52,Ford_KA_1_4_D4_1_jahr_tuev,privat,Offer,500,control,kleinwagen,1998,manuell,60,ka,150000,Dec,Gasoline,ford,No,2016-03-14 00:00:00,64853,2016-04-05 18:45:17,2016,2016,March,March,18,0
2016-03-15 15:50:05,Ford_Ka,privat,Offer,1150,test,kleinwagen,2006,manuell,0,ka,125000,Aug,Gasoline,ford,No,2016-03-15 00:00:00,61231,2016-03-17 08:29:35,2016,2016,March,March,10,4
2016-03-25 22:51:15,Ford_Fiesta,privat,Offer,0,control,kleinwagen,2005,manuell,85,fiesta,150000,Jun,Diesel,ford,Yes,2016-03-25 00:00:00,93453,2016-04-05 12:44:53,2016,2016,March,March,11,6
2016-03-29 19:53:31,FORD_KA_1.3_OHNE_TÜV,privat,Offer,0,control,kleinwagen,1998,manuell,50,ka,90000,Feb,Gasoline,ford,Other,2016-03-29 00:00:00,49084,2016-04-06 06:15:49,2016,2016,March,March,18,10
2016-03-16 20:50:49,Ford_Fusion_1.4_Ambiente,privat,Offer,1900,control,kleinwagen,2003,manuell,80,fusion,90000,Jul,Gasoline,ford,No,2016-03-16 00:00:00,37276,2016-03-16 20:50:49,2016,2016,March,March,13,5
2016-03-17 21:43:10,Ford_Fusion_1.4_TDCI_Ambiente,privat,Offer,2500,test,kleinwagen,2008,manuell,68,fusion,150000,Oct,Diesel,ford,No,2016-03-17 00:00:00,23923,2016-04-05 08:46:33,2016,2016,March,March,8,2
2016-03-07 19:36:24,Ford_Fiesta_1.4_TDCI_Ambiente_mit_Unfallschaden,privat,Offer,850,control,kleinwagen,2003,manuell,68,fiesta,150000,Jul,Diesel,ford,Yes,2016-03-07 00:00:00,32549,2016-03-07 19:36:24,2016,2016,March,March,13,5
2016-03-19 08:50:56,Ford_fiesta,privat,Offer,450,test,kleinwagen,1999,manuell,60,fiesta,150000,Jan,Gasoline,ford,Other,2016-03-19 00:00:00,34123,2016-03-28 07:17:25,2016,2016,March,March,17,11
2016-03-07 21:47:09,Ford_Fiesta_2.0_ST,privat,Offer,5190,control,kleinwagen,2006,manuell,150,fiesta,125000,Aug,Gasoline,ford,No,2016-03-07 00:00:00,86316,2016-03-15 13:47:58,2016,2016,March,March,10,4
2016-03-08 22:58:14,Ford_Fiesta_JH1,privat,Offer,2700,test,kleinwagen,2002,manuell,80,fiesta,100000,Jul,Gasoline,ford,No,2016-03-08 00:00:00,78176,2016-03-19 11:15:37,2016,2016,March,March,14,5
2016-04-04 01:55:51,Ford_Ka_Viva_X,privat,Offer,1650,control,kleinwagen,2006,manuell,60,ka,90000,Apr,Gasoline,ford,No,2016-04-03 00:00:00,52353,2016-04-06 08:16:37,2016,2016,April,April,10,8
2016-03-12 14:50:43,Ford_Fiesta,privat,Offer,400,test,kleinwagen,1997,manuell,60,fiesta,150000,Mar,Gasoline,ford,No,2016-03-12 00:00:00,91301,2016-04-07 01:17:12,2016,2016,March,March,19,9
2016-03-25 09:57:25,Ford_Fiesta_Diesel_17zoll_Alufelgen_Tausch_einfach_alles_anbieten,privat,Offer,3100,test,kleinwagen,2008,manuell,68,fiesta,5000,Jul,Diesel,ford,Other,2016-03-25 00:00:00,50829,2016-04-06 08:46:15,2016,2016,March,March,8,5
2016-03-05 14:16:13,Ford_Ka_Klima_Tuev_Neu,privat,Offer,1590,test,kleinwagen,2006,manuell,60,ka,125000,Aug,Gasoline,ford,No,2016-03-04 00:00:00,56235,2016-04-07 07:45:28,2016,2016,March,March,10,4
2016-03-14 18:54:50,Ford_Fusion_1.25_Klima,privat,Offer,3550,test,kleinwagen,2005,manuell,75,fusion,80000,Oct,Gasoline,ford,No,2016-03-14 00:00:00,58513,2016-03-17 08:17:24,2016,2016,March,March,11,2
2016-03-26 09:57:05,Topp_Ford_Sierra_mit_tuev_zu_verkaufen,privat,Offer,1333,control,kleinwagen,1989,manuell,75,Other,125000,Apr,Gasoline,ford,No,2016-03-26 00:00:00,37547,2016-03-29 11:45:36,2016,2016,March,March,27,8
2016-03-12 10:55:09,Ford_Fiesta_1.4_ST_SPORT_TÜV_04/2017,privat,Offer,3650,control,kleinwagen,2006,manuell,80,Other,150000,Apr,Gasoline,ford,Other,2016-03-12 00:00:00,53783,2016-03-17 13:44:33,2016,2016,March,March,10,8
2016-03-27 09:37:11,Fiesta_4Tuerig_ZV_144_000Tkm_TÜV_/Au_2_Jahre_neu,privat,Offer,950,test,kleinwagen,1999,manuell,58,fiesta,150000,Mar,Gasoline,ford,Other,2016-03-27 00:00:00,52146,2016-03-27 10:38:34,2016,2016,March,March,17,9
2016-03-27 20:49:02,Geliebter_Ford_Ka,privat,Offer,1000,control,kleinwagen,2001,manuell,60,ka,125000,Jan,Gasoline,ford,Other,2016-03-27 00:00:00,6112,2016-03-31 02:47:16,2016,2016,March,March,15,11
2016-04-02 15:43:25,Ford_Ka_gebraucht,privat,Offer,220,control,kleinwagen,2000,manuell,0,Other,125000,Aug,Gasoline,ford,Other,2016-04-02 00:00:00,32547,2016-04-02 15:43:25,2016,2016,April,April,16,4
2016-03-12 19:37:52,Ford_Ka_Zum_Verkauven,privat,Offer,1399,test,kleinwagen,2004,manuell,60,ka,70000,Dec,Gasoline,ford,Other,2016-03-12 00:00:00,32312,2016-03-21 01:46:02,2016,2016,March,March,12,0
2016-03-17 14:47:31,Ford_Ka_ohne_TÜV___an_Bastler_oder_Ersatzteilspender,privat,Offer,200,control,kleinwagen,1997,manuell,44,ka,150000,Dec,Gasoline,ford,No,2016-03-17 00:00:00,49504,2016-04-06 21:17:29,2016,2016,March,March,19,0
2016-03-28 17:56:51,Ford_Fusion_1.4_Trend,privat,Offer,600,test,kleinwagen,2005,manuell,80,fusion,150000,Jul,Gasoline,ford,Yes,2016-03-28 00:00:00,45888,2016-03-30 10:15:30,2016,2016,March,March,11,5
2016-03-15 01:36:18,Ford_Fiesta_Ghia,privat,Offer,950,test,kleinwagen,1996,manuell,75,fiesta,150000,Jun,Gasoline,ford,No,2016-03-15 00:00:00,55126,2016-04-07 03:17:39,2016,2016,March,March,20,6
2016-03-10 17:55:33,Ford_Ka__Rot__2008,privat,Offer,3000,control,kleinwagen,2008,manuell,0,ka,90000,Feb,,ford,Other,2016-03-10 00:00:00,26903,2016-04-05 19:46:02,2016,2016,March,March,8,10
2016-03-24 18:52:22,Ford_Ka,privat,Offer,800,test,kleinwagen,2001,manuell,60,ka,150000,Mar,Gasoline,ford,No,2016-03-24 00:00:00,66629,2016-04-07 13:15:53,2016,2016,March,March,15,9
2016-03-21 09:55:56,Ford_Fiesta_Flitzer_mit_Tuev,privat,Offer,350,control,kleinwagen,1997,automatik,0,fiesta,80000,Jan,Gasoline,ford,Other,2016-03-21 00:00:00,19077,2016-03-21 09:55:56,2016,2016,March,March,19,11
2016-03-27 17:06:22,Ford_Fiesta_1.4_TDCI,privat,Offer,1099,test,kleinwagen,2004,manuell,68,fiesta,150000,Aug,Diesel,ford,No,2016-03-27 00:00:00,63263,2016-04-05 22:46:14,2016,2016,March,March,12,4
2016-03-07 18:42:59,Ford_Fiesta_1_2,privat,Offer,800,control,kleinwagen,2001,manuell,75,fiesta,150000,Sep,Gasoline,ford,Other,2016-03-07 00:00:00,26135,2016-04-07 01:44:59,2016,2016,March,March,15,3
2016-03-15 13:57:24,Ford_ka_mit_Leder__Klima_servo_abs_Airbag__Motor_Getriebe_1a,privat,Offer,850,control,kleinwagen,1999,manuell,60,ka,150000,Dec,Gasoline,ford,Other,2016-03-15 00:00:00,41747,2016-03-16 11:18:05,2016,2016,March,March,17,0
2016-03-26 14:49:46,Wunderschoener_Ford_Ka,privat,Offer,3390,control,kleinwagen,2009,manuell,0,ka,150000,Jul,Gasoline,ford,Other,2016-03-26 00:00:00,47053,2016-04-06 02:46:23,2016,2016,March,March,7,5
2016-03-22 17:55:03,Ford_Fiesta_1.3_11/2002_wenig_km_guter_Zustand,privat,Offer,1900,control,kleinwagen,2002,manuell,69,fiesta,70000,Nov,Gasoline,ford,No,2016-03-22 00:00:00,61440,2016-03-22 20:47:35,2016,2016,March,March,14,1
2016-04-01 08:38:05,Ford_fiesta_1.3,privat,Offer,1550,test,kleinwagen,2004,manuell,0,Other,125000,Jan,Gasoline,ford,Other,2016-04-01 00:00:00,39221,2016-04-05 02:17:31,2016,2016,April,April,12,11
2016-03-16 14:37:22,Ford_ka_ist_sauber,privat,Offer,300,test,kleinwagen,1998,manuell,0,ka,30000,Apr,,ford,No,2016-03-16 00:00:00,51381,2016-03-17 12:16:59,2016,2016,March,March,18,8
2016-03-17 15:45:59,Biete_Ford_Ka_zum_Ausschlachten_oder_wieder_Aufbauen,privat,Offer,125,test,kleinwagen,1998,Unspecified,0,ka,150000,Jan,Gasoline,ford,Yes,2016-03-17 00:00:00,32699,2016-04-01 02:18:13,2016,2016,March,March,18,11
2016-03-17 21:53:29,Ford_Ford_Fiesta_1.4_TDCI,privat,Offer,1500,test,kleinwagen,2004,manuell,68,fiesta,150000,Dec,Diesel,ford,No,2016-03-17 00:00:00,51709,2016-03-17 22:45:37,2016,2016,March,March,12,0
2016-03-20 17:48:41,Ford_Ka_2_Jahre_TÜV,privat,Offer,800,test,kleinwagen,1998,manuell,0,ka,150000,Dec,Gasoline,ford,Other,2016-03-20 00:00:00,22117,2016-03-28 18:46:06,2016,2016,March,March,18,0
2016-03-11 14:36:58,Ford_Ka,privat,Offer,899,control,kleinwagen,2000,manuell,60,ka,125000,Aug,Gasoline,ford,No,2016-03-11 00:00:00,4552,2016-03-17 23:15:29,2016,2016,March,March,16,4
2016-03-07 11:55:27,Ford_Fiesta_1.3__Euro_4__2_J_TÜV__Klima,privat,Offer,1950,test,kleinwagen,2004,manuell,60,fiesta,5000,Jun,Gasoline,ford,No,2016-03-07 00:00:00,20537,2016-03-09 11:16:48,2016,2016,March,March,12,6
2016-03-21 22:55:07,Ford_Focus_ST170_mit_Vollleder_Recaro_Sitzen,privat,Offer,2999,control,kleinwagen,2002,manuell,173,focus,150000,Oct,Gasoline,ford,No,2016-03-21 00:00:00,1683,2016-04-07 08:16:53,2016,2016,March,March,14,2
2016-03-29 15:53:53,Ford_Fiesta_Bj_01.2001,privat,Offer,1350,control,kleinwagen,2001,manuell,75,fiesta,80000,Jan,Gasoline,ford,No,2016-03-29 00:00:00,51109,2016-03-29 16:41:56,2016,2016,March,March,15,11
2016-03-28 14:46:58,Ford_Ka_Futura_92300_km__Klima_Servo_Alu_Tuev_03/2016,privat,Offer,450,test,kleinwagen,2000,manuell,60,ka,100000,Dec,Gasoline,ford,Other,2016-03-28 00:00:00,41372,2016-04-06 19:15:30,2016,2016,March,March,16,0
2016-03-28 14:57:42,Verkaufe_Ford_Ka,privat,Offer,650,test,kleinwagen,1996,manuell,60,ka,150000,Dec,Gasoline,ford,No,2016-03-28 00:00:00,29462,2016-03-28 14:57:42,2016,2016,March,March,20,0
2016-03-16 19:47:53,Ford_ka_zu_verkaufen,privat,Offer,3499,test,kleinwagen,2009,manuell,0,ka,150000,Sep,Gasoline,ford,No,2016-03-16 00:00:00,48565,2016-03-17 18:17:25,2016,2016,March,March,7,3
2016-03-05 15:57:40,Ford_Ka_TÜV_NEU_TOP_FAHRZEUG,privat,Offer,1199,control,kleinwagen,2002,manuell,60,ka,50000,Jul,Gasoline,ford,No,2016-03-05 00:00:00,26133,2016-03-18 03:45:31,2016,2016,March,March,14,5
2016-03-20 17:48:17,Ford_Ka_Billig_mit_TÜV,privat,Offer,0,test,kleinwagen,2001,manuell,60,ka,60000,Dec,Gasoline,ford,No,2016-03-20 00:00:00,33034,2016-03-23 02:18:20,2016,2016,March,March,15,0
2016-03-05 21:49:43,Ford_Fusion_1.4_TDCI_Titanium_edition,privat,Offer,1799,test,kleinwagen,2002,manuell,68,fusion,150000,Dec,Diesel,ford,No,2016-03-05 00:00:00,39112,2016-04-07 08:45:28,2016,2016,March,March,14,0
2016-03-19 16:50:33,Ford_Fiesta_/_1.Hand_/_Laeuft_1.A_/_Mit_TÜV,privat,Offer,550,test,kleinwagen,1999,manuell,50,fiesta,150000,Mar,Gasoline,ford,No,2016-03-19 00:00:00,55232,2016-03-19 16:50:33,2016,2016,March,March,17,9
2016-03-30 10:54:33,Ford_Klima,privat,Offer,1299,test,kleinwagen,2003,manuell,60,fiesta,150000,Dec,Gasoline,ford,No,2016-03-30 00:00:00,45770,2016-03-30 10:54:33,2016,2016,March,March,13,0
2016-03-17 07:56:50,ford_fiesta_bj_97_tuev_08.2016_fahrbereit,privat,Offer,377,control,kleinwagen,1997,manuell,60,fiesta,20000,Jun,Gasoline,ford,Other,2016-03-17 00:00:00,12057,2016-03-19 08:17:57,2016,2016,March,March,19,6
2016-03-11 15:52:47,Ford_Fiesta_1.3_TÜV_neu,privat,Offer,1100,test,kleinwagen,2001,manuell,60,fiesta,150000,Apr,Gasoline,ford,No,2016-03-11 00:00:00,1968,2016-03-25 09:18:42,2016,2016,March,March,15,8
2016-03-14 03:52:47,Ford_Fiesta_1.4_TDCI,privat,Offer,1699,test,kleinwagen,2004,manuell,68,fiesta,150000,May,Diesel,ford,No,2016-03-14 00:00:00,41466,2016-04-07 01:45:20,2016,2016,March,March,12,7
2016-03-20 18:38:21,Ford_Focus_1.6l,privat,Offer,1200,test,kleinwagen,2002,manuell,101,focus,150000,Apr,Gasoline,ford,No,2016-03-20 00:00:00,4924,2016-03-24 11:17:38,2016,2016,March,March,14,8
2016-03-16 11:45:11,Ford_Fiesta_1.4,privat,Offer,1990,test,kleinwagen,2006,Unspecified,0,fiesta,150000,Nov,Gasoline,ford,No,2016-03-16 00:00:00,56727,2016-03-20 09:19:04,2016,2016,March,March,10,1
2016-03-10 00:36:16,Ford_Ka,privat,Offer,1450,control,kleinwagen,2002,manuell,60,ka,125000,Sep,Gasoline,ford,No,2016-03-10 00:00:00,47574,2016-03-22 12:16:52,2016,2016,March,March,14,3
2016-03-29 14:54:57,FordFiesta_5_TÜRE_/_Tuev/Au_07/2016_/_8_fach_Bereift._Steuerkette.,privat,Offer,650,test,kleinwagen,1998,manuell,60,fiesta,80000,Feb,Gasoline,ford,No,2016-03-29 00:00:00,50823,2016-04-03 23:47:12,2016,2016,March,March,18,10
2016-03-22 21:58:59,Ford_Fiesta_12/2004_grau_5_Tuerer,privat,Offer,1650,control,kleinwagen,2004,manuell,68,fiesta,150000,Dec,Diesel,ford,Yes,2016-03-22 00:00:00,48149,2016-03-22 21:58:59,2016,2016,March,March,12,0
2016-03-09 02:02:42,Ford_Fiesta_1.3_TÜV_3/2016,privat,Offer,195,control,kleinwagen,1998,manuell,0,fiesta,150000,Jan,Gasoline,ford,Other,2016-03-09 00:00:00,48149,2016-03-09 08:46:48,2016,2016,March,March,18,11
2016-03-17 14:56:08,Ford_Fiesta_1.25_Trend,privat,Offer,4999,control,kleinwagen,2010,manuell,82,fiesta,50000,Aug,Gasoline,ford,No,2016-03-17 00:00:00,52249,2016-03-17 15:41:26,2016,2016,March,March,6,4
2016-03-09 17:38:12,Ford_Fiesta_4_tuerig_ohne_TÜV,privat,Offer,130,test,kleinwagen,1998,manuell,60,fiesta,150000,Sep,Gasoline,ford,Other,2016-03-09 00:00:00,35396,2016-03-10 20:35:10,2016,2016,March,March,18,3
2016-03-07 18:47:52,ford_ka_futura,privat,Offer,950,control,kleinwagen,2002,manuell,60,ka,90000,Jun,Gasoline,ford,Other,2016-03-07 00:00:00,21073,2016-03-11 12:15:24,2016,2016,March,March,14,6
2016-03-22 18:06:16,Ford_Fiesta_Automatik_8x_Bereift_TÜV_NEU,privat,Offer,750,control,kleinwagen,1998,automatik,75,fiesta,100000,Jul,Gasoline,ford,No,2016-03-22 00:00:00,55218,2016-04-07 08:44:58,2016,2016,March,March,18,5
2016-03-17 17:45:58,Ford_Ka_Tuev_05/2016_guenstig_2_Satz_Reifen,privat,Offer,200,control,kleinwagen,1997,manuell,0,ka,90000,Jan,,ford,Other,2016-03-17 00:00:00,49401,2016-03-19 17:44:35,2016,2016,March,March,19,11
2016-03-25 21:52:00,Ford_Ka_mit_Tuev_bis_2018,privat,Offer,1100,test,kleinwagen,2000,manuell,60,ka,125000,Aug,Gasoline,ford,No,2016-03-25 00:00:00,77767,2016-04-07 05:16:41,2016,2016,March,March,16,4
2016-03-05 23:53:55,Ford_Ka_1.2_Start_Stopp_System,privat,Offer,5300,control,kleinwagen,2012,manuell,69,ka,30000,Jul,Gasoline,ford,No,2016-03-05 00:00:00,10963,2016-04-06 01:46:49,2016,2016,March,March,4,5
2016-04-03 22:47:43,Ford_Ka_TÜV_bis_07/2017_Servo._Klima._el.Fenster,privat,Offer,1200,control,kleinwagen,2002,manuell,60,ka,150000,Jul,Gasoline,ford,No,2016-04-03 00:00:00,46325,2016-04-06 00:15:43,2016,2016,April,April,14,5
2016-03-18 22:49:41,Ford_Fiesta,privat,Offer,725,test,kleinwagen,2002,manuell,0,Other,150000,Jan,,ford,Other,2016-03-18 00:00:00,48268,2016-04-04 01:17:48,2016,2016,March,March,14,11
2016-03-16 16:55:23,Ford_Fiesta,privat,Offer,2199,control,kleinwagen,2002,manuell,69,fiesta,150000,Jul,Gasoline,ford,No,2016-03-16 00:00:00,42853,2016-03-20 16:44:37,2016,2016,March,March,14,5
2016-03-27 13:55:04,Ford_Fiesta_1.3_Ambiente_Ori.28941km.,privat,Offer,4800,test,kleinwagen,2007,manuell,69,fiesta,30000,May,Gasoline,ford,No,2016-03-27 00:00:00,79650,2016-04-07 09:46:25,2016,2016,March,March,9,7
2016-03-10 16:49:20,Ford_Ka,privat,Offer,3500,control,kleinwagen,2009,manuell,69,ka,70000,May,Gasoline,ford,No,2016-03-10 00:00:00,29693,2016-03-12 21:45:27,2016,2016,March,March,7,7
2016-03-08 13:54:28,Ford_Fiesta,privat,Offer,300,control,kleinwagen,2000,manuell,59,fiesta,150000,Aug,Gasoline,ford,Other,2016-03-08 00:00:00,86972,2016-04-05 19:44:40,2016,2016,March,March,16,4
2016-03-22 15:54:07,Ford_ka_zu_verkaufen,privat,Offer,0,control,kleinwagen,2001,manuell,60,ka,125000,Mar,Gasoline,ford,No,2016-03-22 00:00:00,18609,2016-03-31 13:47:53,2016,2016,March,March,15,9
2016-03-31 22:51:12,Ford_Focus,privat,Offer,3400,test,kleinwagen,2005,manuell,0,focus,125000,Jan,Gasoline,ford,Other,2016-03-31 00:00:00,64625,2016-04-06 19:47:19,2016,2016,March,March,11,11
2016-03-24 11:48:38,Ford_Fiesta_1.4_Klima_Scheckheft_Zahnriemen_TÜV_neu,privat,Offer,2950,test,kleinwagen,2005,manuell,80,fiesta,90000,May,Gasoline,ford,No,2016-03-24 00:00:00,54290,2016-03-24 11:48:38,2016,2016,March,March,11,7
2016-03-08 19:47:02,Ford_Ka_prima_Anfaenger_Auto_guenstig,privat,Offer,350,test,kleinwagen,1997,manuell,50,ka,90000,Mar,,ford,Other,2016-03-08 00:00:00,49401,2016-03-17 02:15:53,2016,2016,March,March,19,9
2016-03-24 19:36:43,Ford_Ka_TÜv/ASU_06/2016_D3_Norm_Servo_Angemeldet_Voll_Fahrbereit,privat,Offer,450,control,kleinwagen,1998,manuell,60,ka,150000,Sep,Gasoline,ford,No,2016-03-24 00:00:00,6862,2016-03-24 20:45:53,2016,2016,March,March,18,3
2016-03-28 14:40:49,Ford_Ka_kein_Tuev_mit_Maengel_2004_Servo,privat,Offer,150,test,kleinwagen,2004,Unspecified,60,ka,5000,Mar,Gasoline,ford,Other,2016-03-28 00:00:00,45879,2016-03-28 14:40:49,2016,2016,March,March,12,9
2016-04-04 18:44:02,Ford_Fiesta,privat,Offer,1400,test,kleinwagen,2003,manuell,60,fiesta,150000,Mar,Gasoline,ford,No,2016-04-04 00:00:00,57223,2016-04-06 20:44:52,2016,2016,April,April,13,9
2016-03-23 12:52:34,Ford_Fiesta_Style_Family,privat,Offer,650,control,kleinwagen,1998,manuell,75,fiesta,150000,Nov,Gasoline,ford,No,2016-03-23 00:00:00,34246,2016-03-29 06:17:57,2016,2016,March,March,18,1
2016-03-30 23:58:44,Ford_Fiesta,privat,Offer,550,control,kleinwagen,1997,manuell,60,fiesta,150000,Jul,Gasoline,ford,No,2016-03-30 00:00:00,64589,2016-03-31 08:40:32,2016,2016,March,March,19,5
2016-03-10 18:49:41,Verkaufe_einen_Ford_Fiesta___TÜV_AU_bis_03.2018__75_PS_67.000KM,privat,Offer,1599,test,kleinwagen,1999,manuell,75,fiesta,70000,Jan,Gasoline,ford,No,2016-03-10 00:00:00,51789,2016-04-06 00:16:58,2016,2016,March,March,17,11
2016-03-19 11:49:01,Ford_Fusion,privat,Offer,4500,test,kleinwagen,2007,manuell,75,fusion,30000,May,Gasoline,ford,Other,2016-03-19 00:00:00,9577,2016-04-06 14:46:27,2016,2016,March,March,9,7
2016-04-03 18:59:16,Ford_Ka_1.3_60PS_Bj.10/2000_TÜV_5/2016_Auto_gebraucht_wagen,privat,Offer,0,control,kleinwagen,2000,manuell,60,ka,150000,Oct,Gasoline,ford,Other,2016-04-03 00:00:00,23769,2016-04-05 19:44:31,2016,2016,April,April,16,2
2016-03-30 22:53:56,Ford_Fiesta,privat,Offer,450,control,kleinwagen,1997,Unspecified,0,fiesta,125000,Sep,,ford,Other,2016-03-30 00:00:00,51103,2016-04-05 19:15:29,2016,2016,March,March,19,3
2016-03-20 08:57:24,Ford_Ka_RBT_1.3,privat,Offer,300,test,kleinwagen,2003,manuell,70,ka,150000,Apr,Gasoline,ford,Other,2016-03-20 00:00:00,87629,2016-03-20 09:45:51,2016,2016,March,March,13,8
2016-03-21 18:39:54,Ford_Fiesta!!!_NOTVERKAUF!Dringend!,privat,Offer,300,test,kleinwagen,1998,manuell,0,fiesta,150000,Jan,,ford,No,2016-03-21 00:00:00,52525,2016-03-25 15:49:53,2016,2016,March,March,18,11
2016-03-31 11:55:04,Ford_Ka_mit_Servo,privat,Offer,699,control,kleinwagen,2005,manuell,60,ka,150000,Feb,Gasoline,ford,Other,2016-03-31 00:00:00,46045,2016-04-06 04:46:51,2016,2016,March,March,11,10
2016-03-31 14:58:24,Ford_Fiesta_1.25,privat,Offer,4950,control,kleinwagen,2009,manuell,82,fiesta,100000,Apr,Gasoline,ford,No,2016-03-31 00:00:00,70565,2016-04-06 08:16:54,2016,2016,March,March,7,8
2016-04-01 16:39:30,Ford_Fies1_3_Euro_4__sehr_Sparsam__44_KW_/_60_PS__Dunkel_Blau,privat,Offer,3300,control,kleinwagen,2007,manuell,60,fiesta,150000,Aug,Gasoline,ford,Other,2016-04-01 00:00:00,52477,2016-04-01 16:39:30,2016,2016,April,April,9,4
2016-03-20 21:56:33,**Ford_Fiesta_Titanium**,privat,Offer,0,test,kleinwagen,2009,manuell,98,fiesta,125000,Sep,,ford,Other,2016-03-20 00:00:00,22177,2016-03-30 16:45:08,2016,2016,March,March,7,3
2016-03-10 11:52:43,Ford_Fiesta_1.3,privat,Offer,1100,test,kleinwagen,2004,manuell,60,fiesta,150000,May,Gasoline,ford,No,2016-03-10 00:00:00,41238,2016-03-10 12:43:14,2016,2016,March,March,12,7
2016-03-16 16:47:03,"Ford_Fiesta_""_Florida_""",privat,Offer,1200,control,kleinwagen,2002,manuell,50,fiesta,100000,Jan,Gasoline,ford,No,2016-03-16 00:00:00,29640,2016-03-16 16:47:03,2016,2016,March,March,14,11
2016-03-25 17:53:02,Ford_Fiesta,privat,Offer,450,test,kleinwagen,1998,manuell,75,fiesta,150000,Nov,Gasoline,ford,No,2016-03-25 00:00:00,24321,2016-03-30 09:15:53,2016,2016,March,March,18,1
2016-03-05 15:56:06,Ford_Fiesta_Automatik_TÜV/AU_NEU_wenig_Kilometer,privat,Offer,250,control,kleinwagen,1993,automatik,60,fiesta,80000,Sep,Gasoline,ford,No,2016-03-05 00:00:00,56457,2016-03-06 13:08:55,2016,2016,March,March,23,3
2016-03-20 11:47:41,Ford_Fiesta_MK1,privat,Offer,499,test,kleinwagen,1982,manuell,40,fiesta,100000,Jan,Gasoline,ford,Yes,2016-03-20 00:00:00,66687,2016-04-06 09:45:19,2016,2016,March,March,34,11
2016-03-14 15:39:13,Ford_Fiesta_JBS,privat,Offer,1300,control,kleinwagen,1999,manuell,75,fiesta,125000,Dec,Gasoline,ford,Other,2016-03-14 00:00:00,21035,2016-03-18 02:18:12,2016,2016,March,March,17,0
2016-03-24 14:53:02,Ford_Fiesta,privat,Offer,555,test,kleinwagen,1996,manuell,60,fiesta,150000,Oct,Gasoline,ford,No,2016-03-24 00:00:00,21380,2016-04-07 07:17:00,2016,2016,March,March,20,2
2016-03-28 13:53:42,Verkaufe_Ford_Ka_Bastlerfahrzeug,privat,Offer,250,test,kleinwagen,1998,manuell,60,ka,90000,Feb,Gasoline,ford,Other,2016-03-28 00:00:00,18146,2016-04-02 18:16:38,2016,2016,March,March,18,10
2016-03-30 18:55:30,Ford_Fiesta__Unfallschaden_,privat,Offer,450,test,kleinwagen,2003,manuell,60,fiesta,150000,May,Gasoline,ford,Other,2016-03-30 00:00:00,53881,2016-03-30 18:55:30,2016,2016,March,March,13,7
2016-04-02 18:36:19,Ford_Fiesta_1.3,privat,Offer,1500,control,kleinwagen,2004,manuell,69,fiesta,150000,Sep,Gasoline,ford,No,2016-04-02 00:00:00,74523,2016-04-04 17:45:30,2016,2016,April,April,12,3
2016-03-21 20:39:30,Ford_Fusion_1.4_Ambiente_mit_neuen_Tuev_seher_gepflegt,privat,Offer,2290,control,kleinwagen,2004,manuell,80,fusion,150000,Dec,Gasoline,ford,No,2016-03-21 00:00:00,41061,2016-03-21 20:39:30,2016,2016,March,March,12,0
2016-03-08 17:39:57,Bastlerfahzeug,privat,Offer,300,control,kleinwagen,1997,manuell,75,fiesta,150000,Sep,Gasoline,ford,Yes,2016-03-08 00:00:00,17033,2016-04-07 06:17:05,2016,2016,March,March,19,3
2016-03-10 17:25:18,Ford_Fiesta_1.3,privat,Offer,2300,control,kleinwagen,2006,manuell,60,fiesta,150000,Jul,Gasoline,ford,No,2016-03-10 00:00:00,61169,2016-03-11 15:41:25,2016,2016,March,March,10,5
2016-04-01 19:39:33,Verkaufe_Ford_Fiesta_Ghia_1_3_16V_75PS,privat,Offer,0,control,kleinwagen,1997,manuell,75,fiesta,125000,Jan,Gasoline,ford,Other,2016-04-01 00:00:00,58453,2016-04-03 16:17:46,2016,2016,April,April,19,11
2016-03-15 23:43:51,Ford_KA_HU/TÜV_bis_02/2018_nur_68000_km_Gepflegt_sauberes_auto_!!,privat,Offer,1250,control,kleinwagen,2006,manuell,69,ka,70000,Mar,Gasoline,ford,No,2016-03-15 00:00:00,20539,2016-04-07 09:45:38,2016,2016,March,March,10,9
2016-03-05 19:51:00,Ford_Ka_Servo_Klimaanlage,privat,Offer,549,test,kleinwagen,2003,manuell,60,ka,150000,Oct,Gasoline,ford,No,2016-03-05 00:00:00,44309,2016-04-07 14:57:54,2016,2016,March,March,13,2
2016-03-22 00:58:00,Ford_Ka_tuev_1.2018_klima_/winterreifen/_Alufelgen,privat,Offer,950,control,kleinwagen,2002,manuell,95,Other,150000,Jan,,ford,Other,2016-03-21 00:00:00,27570,2016-03-24 22:48:17,2016,2016,March,March,14,11
2016-03-05 19:57:13,Ford_Ka_TÜV_Neu,privat,Offer,1499,test,kleinwagen,2007,manuell,69,ka,125000,Mar,Gasoline,ford,Other,2016-03-05 00:00:00,47803,2016-03-06 04:46:43,2016,2016,March,March,9,9
2016-03-12 12:44:59,Ford_Ka_Bastlerfahrzeug,privat,Offer,250,test,kleinwagen,1999,manuell,60,ka,150000,Apr,Gasoline,ford,Other,2016-03-12 00:00:00,48268,2016-03-17 10:46:03,2016,2016,March,March,17,8
2016-03-26 13:58:40,Ford_1Hand_Tuev_Neu.5Tuerer.Schiebedach,privat,Offer,999,control,kleinwagen,1999,manuell,60,fiesta,150000,Mar,Gasoline,ford,No,2016-03-26 00:00:00,59229,2016-04-04 00:45:45,2016,2016,March,March,17,9
2016-03-19 13:56:53,Ford_fiesta__1.2,privat,Offer,0,test,kleinwagen,1996,manuell,60,fiesta,150000,Oct,,ford,No,2016-03-19 00:00:00,79098,2016-04-06 20:18:57,2016,2016,March,March,20,2
2016-03-12 21:45:26,Ford_Ka_CallYa_Edition,privat,Offer,899,test,kleinwagen,1999,manuell,69,ka,125000,Jun,Gasoline,ford,No,2016-03-12 00:00:00,45731,2016-04-05 16:44:46,2016,2016,March,March,17,6
2016-03-26 16:25:17,Ford_Fiesta_Mk3_TÜV_bis_Jan.2018,privat,Offer,999,control,kleinwagen,1993,manuell,60,fiesta,90000,Jan,,ford,Other,2016-03-26 00:00:00,35630,2016-04-06 16:46:25,2016,2016,March,March,23,11
2016-03-24 00:58:47,Ford_Fiesta_1.6_TDCi_Trend,privat,Offer,4990,test,kleinwagen,2009,manuell,90,fiesta,150000,Jan,Diesel,ford,No,2016-03-23 00:00:00,67063,2016-03-28 16:15:30,2016,2016,March,March,7,11
2016-03-09 12:53:58,Ford_Fiesta___Kleinwagen___Billig___letzte_Gelegenheit,privat,Offer,100,control,kleinwagen,1998,manuell,60,fiesta,150000,Apr,Gasoline,ford,Yes,2016-03-09 00:00:00,18196,2016-03-09 12:53:58,2016,2016,March,March,18,8
2016-03-11 10:42:43,Ford_Ka_DEFEKT,privat,Offer,100,test,kleinwagen,1998,manuell,60,ka,150000,May,Gasoline,ford,Yes,2016-03-11 00:00:00,24576,2016-04-06 22:15:21,2016,2016,March,March,18,7
2016-03-05 16:42:22,Ford_ka._Bj_2001,privat,Offer,100,control,kleinwagen,2001,Unspecified,0,ka,150000,Sep,Gasoline,ford,Other,2016-03-05 00:00:00,58511,2016-03-06 04:44:53,2016,2016,March,March,15,3
2016-04-03 11:53:45,Bastlerauto,privat,Offer,200,control,kleinwagen,1998,Unspecified,0,fiesta,30000,Jan,,ford,Other,2016-04-03 00:00:00,29313,2016-04-07 13:15:38,2016,2016,April,April,18,11
2016-03-22 15:51:04,Ford_Fiesta_1.3_Fun,privat,Offer,3850,control,kleinwagen,2007,manuell,69,fiesta,70000,Aug,Gasoline,ford,No,2016-03-22 00:00:00,28876,2016-03-23 23:46:08,2016,2016,March,March,9,4
2016-04-02 09:52:50,Ford_Fiesta_Sport,privat,Offer,200,control,kleinwagen,2000,manuell,103,fiesta,150000,Mar,Gasoline,ford,Yes,2016-04-02 00:00:00,25364,2016-04-02 10:39:17,2016,2016,April,April,16,9
2016-03-17 19:52:38,Ford_Fiesta_1.3_Fun_X,privat,Offer,3600,control,kleinwagen,2007,manuell,69,fiesta,70000,Jan,Gasoline,ford,No,2016-03-17 00:00:00,50259,2016-03-17 19:52:38,2016,2016,March,March,9,11
2016-04-01 22:47:58,FORD_Focus_1_6_TÜV_NEU___Maengelfrei_!_140000_km___8_fach_Bereift,privat,Offer,1200,test,kleinwagen,2000,manuell,0,focus,150000,Jan,Gasoline,ford,No,2016-04-01 00:00:00,78112,2016-04-05 20:46:58,2016,2016,April,April,16,11
2016-03-24 12:55:03,Ford_KA_TÜV_10/16,privat,Offer,980,test,kleinwagen,2002,manuell,60,ka,150000,Mar,Gasoline,ford,Other,2016-03-24 00:00:00,55543,2016-03-27 09:47:19,2016,2016,March,March,14,9
2016-04-03 08:59:03,Ford_Fiesta_1.4,privat,Offer,2400,test,kleinwagen,2007,Unspecified,0,fiesta,90000,Apr,Gasoline,ford,No,2016-04-03 00:00:00,82024,2016-04-05 07:17:33,2016,2016,April,April,9,8
2016-03-08 13:51:36,Ford_Ka,privat,Offer,1150,control,kleinwagen,2003,manuell,69,ka,100000,May,Gasoline,ford,No,2016-03-08 00:00:00,39179,2016-03-17 06:17:51,2016,2016,March,March,13,7
2016-04-04 17:52:07,Ford_Fiesta_1.3_TÜV_NEU,privat,Offer,3690,test,kleinwagen,2007,manuell,60,fiesta,50000,Apr,Gasoline,ford,No,2016-04-04 00:00:00,42287,2016-04-06 19:48:14,2016,2016,April,April,9,8
2016-03-25 17:52:12,Ford_Ka__Servo__Klima__Euro4__Tuev&Au_08/2016,privat,Offer,1100,test,kleinwagen,2002,manuell,60,ka,150000,Jan,Gasoline,ford,No,2016-03-25 00:00:00,73312,2016-03-30 09:15:49,2016,2016,March,March,14,11
2016-03-31 12:58:08,Ford_Winterauto!!!_FORD_FIESTA!!!,privat,Offer,500,test,kleinwagen,1997,manuell,60,fiesta,125000,Oct,Gasoline,ford,No,2016-03-31 00:00:00,94065,2016-04-06 05:46:48,2016,2016,March,March,19,2
2016-03-31 13:48:37,Kleiner_spritziger_Fiesta_Orginal_117000,privat,Offer,750,control,kleinwagen,1997,manuell,60,fiesta,125000,Jul,Gasoline,ford,No,2016-03-31 00:00:00,53111,2016-04-02 08:47:47,2016,2016,March,March,19,5
2016-03-23 15:57:15,Ford_Ka,privat,Offer,750,test,kleinwagen,2006,manuell,60,ka,100000,Apr,Gasoline,ford,No,2016-03-23 00:00:00,73635,2016-03-26 09:45:31,2016,2016,March,March,10,8
2016-03-16 21:51:09,Ford_Ka_mit_Neuem_TÜV,privat,Offer,1250,control,kleinwagen,2002,manuell,60,ka,125000,Jun,Gasoline,ford,No,2016-03-16 00:00:00,40233,2016-03-26 02:17:56,2016,2016,March,March,14,6
2016-03-14 21:39:19,Ford_Fiesta_Bj_12/2005__114000_Km_Guter_Zustand,privat,Offer,2900,test,kleinwagen,2005,manuell,60,fiesta,125000,Dec,Gasoline,ford,No,2016-03-14 00:00:00,52076,2016-03-17 11:47:59,2016,2016,March,March,11,0
2016-03-26 18:25:23,!!!_Ford_Ka_!!!,privat,Offer,1250,test,kleinwagen,2004,manuell,60,ka,125000,Oct,Gasoline,ford,Other,2016-03-26 00:00:00,55494,2016-03-31 22:45:14,2016,2016,March,March,12,2
2016-03-22 00:59:04,Ford_Fiesta_Neu_TÜV_03/18,privat,Offer,950,control,kleinwagen,2001,manuell,60,fiesta,150000,Mar,Gasoline,ford,No,2016-03-15 00:00:00,24340,2016-03-29 11:17:03,2016,2016,March,March,15,9
2016-03-23 21:25:21,Ford_Fiesta_1.3__Tuev_+_Asu_Neu_3_/_2018_Klima_5_Tuerer,privat,Offer,1600,test,kleinwagen,2003,manuell,60,fiesta,150000,Feb,Gasoline,ford,No,2016-03-23 00:00:00,63225,2016-03-25 19:11:12,2016,2016,March,March,13,10
2016-03-08 17:38:21,Ford_Fiesta_style,privat,Offer,600,control,kleinwagen,1997,Unspecified,60,Other,150000,Sep,Gasoline,ford,Other,2016-03-08 00:00:00,45772,2016-03-14 08:44:34,2016,2016,March,March,19,3
2016-03-31 11:41:31,Verkaufe_ein_Ford_Focus_1_4.16v__mit_tuef_2017.,privat,Offer,999,control,kleinwagen,1999,manuell,71,focus,125000,Mar,Gasoline,ford,No,2016-03-31 00:00:00,39576,2016-04-06 03:46:58,2016,2016,March,March,17,9
2016-03-08 14:50:16,Ford_Fiesta_Ghia,privat,Offer,600,test,kleinwagen,1996,manuell,75,fiesta,125000,May,Gasoline,ford,No,2016-03-08 00:00:00,79787,2016-03-10 09:16:38,2016,2016,March,March,20,7
2016-03-20 01:51:02,Ford_Fiesta_Ghia,privat,Offer,650,test,kleinwagen,1997,manuell,75,fiesta,80000,Jun,Gasoline,ford,No,2016-03-19 00:00:00,28876,2016-04-04 00:46:17,2016,2016,March,March,19,6
2016-03-26 09:37:38,Ford_ka_TÜV_Rentner__Servo_sehr_gepflegt_!!!,privat,Offer,690,control,kleinwagen,1997,manuell,60,ka,125000,Jan,Gasoline,ford,No,2016-03-26 00:00:00,44575,2016-03-26 09:37:38,2016,2016,March,March,19,11
2016-03-30 12:52:51,Ford_Focus_1.8_116_PS,privat,Offer,2199,control,kleinwagen,2002,manuell,116,focus,150000,Jun,Gasoline,ford,Other,2016-03-30 00:00:00,53859,2016-04-07 03:44:59,2016,2016,March,March,14,6
2016-03-09 12:54:39,Ford_Fiesta__weiss__guter_Zustand_und_fahrbereit_mit_TÜV,privat,Offer,200,control,kleinwagen,1989,manuell,52,fiesta,100000,Jan,Gasoline,ford,No,2016-03-09 00:00:00,81377,2016-03-10 08:16:46,2016,2016,March,March,27,11
2016-04-02 07:58:39,Ford_KA_neue_Kupplung!!!,privat,Offer,1000,test,kleinwagen,1998,manuell,60,ka,80000,May,Gasoline,ford,No,2016-04-02 00:00:00,28755,2016-04-06 07:15:35,2016,2016,April,April,18,7
2016-03-24 19:52:42,Ford_Ka,privat,Offer,4500,control,kleinwagen,2011,manuell,69,ka,50000,Sep,Gasoline,ford,No,2016-03-24 00:00:00,90587,2016-03-26 05:46:53,2016,2016,March,March,5,3
2016-03-19 11:54:28,Ford_Focus__2.0l_16v,privat,Offer,150,test,kleinwagen,1999,manuell,0,Other,150000,Jul,,ford,Other,2016-03-19 00:00:00,55459,2016-03-21 16:47:53,2016,2016,March,March,17,5
2016-03-12 22:56:30,Ford_Fiesta_Style,privat,Offer,700,control,kleinwagen,1999,manuell,50,fiesta,70000,Jan,Gasoline,ford,No,2016-03-12 00:00:00,12203,2016-03-13 04:41:30,2016,2016,March,March,17,11
2016-03-24 20:53:51,Verkaufe_Ford_Ka_Bj.2003_TÜV_bis_Maerz_2018,privat,Offer,1350,test,kleinwagen,2003,manuell,0,ka,150000,Mar,Gasoline,ford,Other,2016-03-24 00:00:00,73525,2016-03-26 06:47:17,2016,2016,March,March,13,9
2016-03-25 12:47:59,Ford_Focus_MK1_mit_neu_TÜV,privat,Offer,1300,test,kleinwagen,2001,manuell,68,focus,150000,Jan,Gasoline,ford,No,2016-03-25 00:00:00,66955,2016-04-06 13:46:17,2016,2016,March,March,15,11
2016-04-05 01:53:51,Ford_Fiesta_Sport/_2_Jahre_TÜV_NEU,privat,Offer,1400,control,kleinwagen,2001,manuell,103,fiesta,125000,Jan,Gasoline,ford,No,2016-04-04 00:00:00,22415,2016-04-07 10:15:28,2016,2016,April,April,15,11
2016-04-02 13:46:06,Ford_Fiesta_1.4_Black_Magic__Zahnriemen_neu__Klima,privat,Offer,4690,test,kleinwagen,2007,manuell,80,fiesta,150000,Dec,Gasoline,ford,No,2016-04-02 00:00:00,49661,2016-04-06 11:47:00,2016,2016,April,April,9,0
2016-03-12 23:51:13,Ford_Fiesta_1.3,privat,Offer,2800,control,kleinwagen,2006,manuell,69,fiesta,60000,Aug,Gasoline,ford,No,2016-03-12 00:00:00,93138,2016-03-13 04:40:46,2016,2016,March,March,10,4
2016-03-16 13:57:23,Ford_Focus_zu_verkaufen,privat,Offer,970,control,kleinwagen,2001,manuell,75,focus,125000,Jan,Gasoline,ford,No,2016-03-16 00:00:00,21781,2016-03-17 12:17:09,2016,2016,March,March,15,11
2016-03-13 08:48:42,Ford_Fiesta_1.4_Style,privat,Offer,2450,control,kleinwagen,2007,manuell,80,fiesta,125000,Nov,Gasoline,ford,No,2016-03-13 00:00:00,63654,2016-03-13 08:48:42,2016,2016,March,March,9,1
2016-03-30 22:51:02,Ford_Fiesta_1.3_Viva,privat,Offer,2900,control,kleinwagen,2004,manuell,60,fiesta,60000,Apr,Gasoline,ford,No,2016-03-30 00:00:00,85774,2016-03-30 23:43:52,2016,2016,March,March,12,8
2016-04-03 16:58:57,Ford_Fiesta_1.25_Trend,privat,Offer,4500,control,kleinwagen,2010,manuell,82,fiesta,90000,Mar,Gasoline,ford,No,2016-04-03 00:00:00,41063,2016-04-03 16:58:57,2016,2016,April,April,6,9
2016-03-14 02:22:39,Ford_Fiesta_1.4_TDCI_Ghia,privat,Offer,2500,control,kleinwagen,2005,manuell,68,fiesta,150000,Mar,Diesel,ford,No,2016-03-13 00:00:00,35390,2016-03-16 13:45:25,2016,2016,March,March,11,9
2016-03-14 00:49:12,Ford_Fiesta,privat,Offer,500,control,kleinwagen,2001,manuell,50,fiesta,150000,Nov,Gasoline,ford,Yes,2016-03-13 00:00:00,46499,2016-04-05 03:18:09,2016,2016,March,March,15,1
2016-03-28 17:52:44,Ford_Fusion_1.6_Ambiente_Schiebedach_Bloutooth_TOP,privat,Offer,1900,test,kleinwagen,2003,manuell,101,fusion,150000,Aug,Gasoline,ford,No,2016-03-28 00:00:00,46535,2016-04-01 02:46:25,2016,2016,March,March,13,4
2016-03-08 10:49:09,Ford_fiesta,privat,Offer,100,test,kleinwagen,1990,manuell,60,fiesta,100000,May,Gasoline,ford,Yes,2016-03-08 00:00:00,88518,2016-03-08 10:49:09,2016,2016,March,March,26,7
2016-04-04 11:31:01,Ford_Fiesta_Diesel_von_2007_Unfall,privat,Offer,0,control,kleinwagen,2007,manuell,68,fiesta,150000,Aug,Diesel,ford,Yes,2016-04-03 00:00:00,56112,2016-04-04 14:23:49,2016,2016,April,April,9,4
2016-03-07 12:28:50,Ford_Fusion_1.6+___TueV_Neu_bis_03/2018___101PS__,privat,Offer,2700,control,kleinwagen,2004,manuell,101,fusion,150000,Jul,Gasoline,ford,No,2016-03-06 00:00:00,60385,2016-04-06 20:45:12,2016,2016,March,March,12,5
2016-03-23 19:53:04,Ford_Fiesta_97_mit_TÜV_4_Tuerer!,privat,Offer,0,control,kleinwagen,1997,manuell,60,fiesta,150000,Jul,Gasoline,ford,Other,2016-03-23 00:00:00,22335,2016-04-06 01:45:46,2016,2016,March,March,19,5
2016-03-21 18:41:47,Fiesta_mit_Klima_und_TÜV_bis_12/17,privat,Offer,1050,test,kleinwagen,1997,manuell,60,fiesta,150000,Jan,Gasoline,ford,No,2016-03-21 00:00:00,49377,2016-03-27 03:16:58,2016,2016,March,March,19,11
2016-03-23 19:06:19,Ford_Fiesta,privat,Offer,1800,test,kleinwagen,2002,manuell,80,fiesta,150000,Jun,Gasoline,ford,No,2016-03-23 00:00:00,35039,2016-04-06 20:17:49,2016,2016,March,March,14,6
2016-03-20 00:56:34,Ford_Fiesta_Ghia,privat,Offer,650,control,kleinwagen,1997,manuell,75,fiesta,80000,Jun,Gasoline,ford,No,2016-03-19 00:00:00,28876,2016-04-04 02:16:11,2016,2016,March,March,19,6
2016-04-03 14:50:04,Ford_Fiesta_1.3_Ambiente,privat,Offer,2200,test,kleinwagen,2005,manuell,60,fiesta,150000,Aug,Gasoline,ford,No,2016-04-03 00:00:00,22111,2016-04-05 13:47:42,2016,2016,April,April,11,4
2016-03-20 15:50:26,Ford_Fiesta_1_3_Sparsam,privat,Offer,2550,control,kleinwagen,2005,manuell,0,fiesta,150000,Sep,Gasoline,ford,Other,2016-03-20 00:00:00,47053,2016-04-06 20:45:27,2016,2016,March,March,11,3
2016-03-28 19:55:26,Ford_Fiesta_1_4l_Klima_TÜV_01/18_Checkheft_gepflegt,privat,Offer,1699,control,kleinwagen,2003,manuell,80,fiesta,150000,Jul,Gasoline,ford,No,2016-03-28 00:00:00,14163,2016-04-07 02:17:56,2016,2016,March,March,13,5
2016-03-12 21:52:02,Ford_Fiesta_1.3_Futura,privat,Offer,1990,test,kleinwagen,2004,manuell,60,fiesta,125000,Jul,Gasoline,ford,No,2016-03-12 00:00:00,84034,2016-03-18 02:17:28,2016,2016,March,March,12,5
2016-03-06 18:16:43,Ford_Ka___ENDURA_E____BJ_2003__Scheckheft__81.000_Km_TÜV_03/2017,privat,Offer,1200,control,kleinwagen,2003,manuell,60,ka,90000,Mar,Gasoline,ford,No,2016-03-05 00:00:00,35039,2016-03-10 09:44:49,2016,2016,March,March,13,9
2016-03-17 07:56:48,Schnaeppchen,privat,Offer,399,control,kleinwagen,1997,manuell,50,ka,40000,Jul,Gasoline,ford,Yes,2016-03-17 00:00:00,53115,2016-04-06 05:16:35,2016,2016,March,March,19,5
2016-03-30 09:55:29,Ford_Ford_Focus_1.6,privat,Offer,1500,control,kleinwagen,2000,manuell,101,focus,90000,Feb,Gasoline,ford,Yes,2016-03-30 00:00:00,6721,2016-04-07 01:17:26,2016,2016,March,March,16,10
2016-04-01 04:36:55,Ford_KA_Bj._98_8_fach_bereift__Anfaenger___Winter___Schlachtauto,privat,Offer,250,control,kleinwagen,1998,manuell,60,ka,150000,Dec,Gasoline,ford,No,2016-04-01 00:00:00,76149,2016-04-07 06:15:25,2016,2016,April,April,18,0
2016-03-06 01:25:24,Ford_Fusion_1.6_+,privat,Offer,2700,control,kleinwagen,2004,manuell,101,fusion,150000,Jul,Gasoline,ford,No,2016-03-06 00:00:00,60385,2016-04-07 06:17:12,2016,2016,March,March,12,5
2016-03-19 16:50:47,Ford_Fiesta_1.4_TDCi_Futura,privat,Offer,2850,test,kleinwagen,2004,manuell,68,fiesta,150000,Nov,Diesel,ford,Other,2016-03-19 00:00:00,93152,2016-03-24 12:16:32,2016,2016,March,March,12,1
2016-03-23 20:36:18,Kein_TÜV__________,privat,Offer,250,test,kleinwagen,1997,manuell,0,fiesta,80000,Jan,Gasoline,ford,Other,2016-03-23 00:00:00,57610,2016-04-07 00:16:01,2016,2016,March,March,19,11
2016-03-07 01:48:23,Ford_Fiesta_1.3_Style,privat,Offer,3990,control,kleinwagen,2007,manuell,60,fiesta,125000,Dec,Gasoline,ford,No,2016-03-06 00:00:00,76456,2016-04-05 15:17:55,2016,2016,March,March,9,0
2016-03-20 16:58:17,Ford_Fiesta_1.25,privat,Offer,1800,test,kleinwagen,2003,manuell,69,fiesta,150000,Aug,Gasoline,ford,No,2016-03-20 00:00:00,78078,2016-03-24 10:16:53,2016,2016,March,March,13,4
2016-03-29 14:48:54,Ford_KA__TÜV_bis_05/2016,privat,Offer,250,test,kleinwagen,1999,manuell,60,ka,150000,Apr,Gasoline,ford,Other,2016-03-29 00:00:00,64859,2016-03-31 07:45:13,2016,2016,March,March,17,8
2016-03-10 20:47:42,Ford_Fiesta_Style_JH1,privat,Offer,3200,test,kleinwagen,2008,manuell,69,fiesta,90000,May,Gasoline,ford,No,2016-03-10 00:00:00,12487,2016-03-19 09:46:08,2016,2016,March,March,8,7
2016-03-19 12:42:45,Ford_Fiesta_1_4,privat,Offer,2700,test,kleinwagen,2006,manuell,80,fiesta,150000,Aug,Gasoline,ford,No,2016-03-19 00:00:00,41541,2016-03-21 16:47:59,2016,2016,March,March,10,4
2016-03-12 13:55:43,Ford_Fiesta_1.4,privat,Offer,3449,control,kleinwagen,2007,Unspecified,0,fiesta,100000,May,Gasoline,ford,No,2016-03-12 00:00:00,66620,2016-03-17 15:15:51,2016,2016,March,March,9,7
2016-03-23 13:38:53,Ford_Fiesta,privat,Offer,150,test,kleinwagen,1999,manuell,50,fiesta,150000,Oct,Gasoline,ford,No,2016-03-23 00:00:00,47559,2016-03-26 06:16:15,2016,2016,March,March,17,2
2016-03-24 21:38:58,Ford_Fiesta_Kool_TÜV_08/2017_kein_Rost,privat,Offer,1000,test,kleinwagen,1999,manuell,75,fiesta,150000,Sep,,ford,No,2016-03-24 00:00:00,6126,2016-03-30 23:46:03,2016,2016,March,March,17,3
2016-03-19 21:46:00,Ford_Fiesta_1.3_/_70_PS_/_inkl._Klimaanlage_/_3_Tuerer,privat,Offer,2900,control,kleinwagen,2005,manuell,69,fiesta,80000,Apr,Gasoline,ford,No,2016-03-19 00:00:00,74321,2016-03-24 17:46:01,2016,2016,March,March,11,8
2016-03-23 12:55:14,Ford_Fiesta,privat,Offer,600,control,kleinwagen,2001,manuell,50,fiesta,90000,May,Gasoline,ford,Yes,2016-03-23 00:00:00,90766,2016-03-27 17:16:03,2016,2016,March,March,15,7
2016-03-16 19:57:20,Ford_fiesta_tuev_9/16_voll_fahrbereit.,privat,Offer,250,test,kleinwagen,1995,manuell,50,fiesta,150000,Jun,Gasoline,ford,No,2016-03-16 00:00:00,49152,2016-03-17 18:46:11,2016,2016,March,March,21,6
2016-03-12 16:50:04,Ford_/_Mazda_121_tuev_neu,privat,Offer,980,control,kleinwagen,1998,manuell,60,fiesta,100000,Feb,Gasoline,ford,No,2016-03-12 00:00:00,73441,2016-03-19 19:45:48,2016,2016,March,March,18,10
2016-03-23 13:06:26,Ford__Focus__2001_tuev_August___2017_Diesel_Auto_s_850_Euro,privat,Offer,950,test,kleinwagen,2001,manuell,90,focus,150000,Feb,Diesel,ford,No,2016-03-23 00:00:00,65589,2016-04-06 10:46:20,2016,2016,March,March,15,10
2016-03-07 14:54:41,Ford_KA_BJ_2000_Tuev_Neu__Klima__EFH,privat,Offer,900,control,kleinwagen,2000,manuell,60,ka,150000,Dec,Gasoline,ford,No,2016-03-07 00:00:00,27607,2016-03-15 05:17:10,2016,2016,March,March,16,0
2016-04-02 16:47:21,Ford_Fiesta_1.3_Fun,privat,Offer,3100,control,kleinwagen,2006,manuell,69,fiesta,125000,Jun,Gasoline,ford,No,2016-04-02 00:00:00,84036,2016-04-06 15:46:53,2016,2016,April,April,10,6
2016-03-18 17:51:21,FORD_FIESTA_1_3,privat,Offer,2999,test,kleinwagen,2006,manuell,0,fiesta,90000,May,Gasoline,ford,Yes,2016-03-18 00:00:00,49082,2016-03-23 18:17:21,2016,2016,March,March,10,7
2016-03-27 15:56:01,Verkaufe_mein_Ford_ka,privat,Offer,600,control,kleinwagen,1998,manuell,59,ka,125000,Jan,Gasoline,ford,Yes,2016-03-27 00:00:00,70199,2016-03-27 16:41:17,2016,2016,March,March,18,11
2016-03-22 20:37:19,Ford_Ka_Tuev,privat,Offer,1699,control,kleinwagen,2001,manuell,60,ka,125000,May,Gasoline,ford,No,2016-03-22 00:00:00,64711,2016-04-06 16:16:51,2016,2016,March,March,15,7
2016-03-23 12:58:47,Ford_Ka_Bastlerfahrzeug,privat,Offer,450,control,kleinwagen,1997,manuell,60,ka,150000,Nov,Gasoline,ford,Other,2016-03-23 00:00:00,76448,2016-04-05 13:45:42,2016,2016,March,March,19,1
2016-03-14 16:31:07,Ford_Focus_1.8,privat,Offer,800,control,kleinwagen,1999,manuell,116,focus,150000,Feb,Gasoline,ford,No,2016-03-14 00:00:00,35444,2016-04-06 01:45:15,2016,2016,March,March,17,10
2016-03-17 11:36:16,Ford_Fiesta_1.6_TDCI_Trend,privat,Offer,2300,control,kleinwagen,2006,manuell,90,fiesta,150000,Jun,Diesel,ford,No,2016-03-17 00:00:00,23552,2016-03-26 20:17:42,2016,2016,March,March,10,6
2016-03-21 14:58:09,Ford_Fiesta_1.4_TÜV&Bremsen_NEU,privat,Offer,3500,control,kleinwagen,2006,manuell,80,fiesta,150000,Dec,Gasoline,ford,No,2016-03-21 00:00:00,56276,2016-03-27 14:15:38,2016,2016,March,March,10,0
2016-04-01 22:54:03,Fort_Fiesta_TÜV_12/2017_auch_Tausch_..,privat,Offer,1350,test,kleinwagen,2003,manuell,0,fiesta,150000,Dec,Gasoline,ford,No,2016-04-01 00:00:00,57368,2016-04-06 00:46:05,2016,2016,April,April,13,0
2016-04-01 20:48:31,Verkaufe_Ford_Fiesta_1_3_mit_60PS,privat,Offer,490,test,kleinwagen,1999,manuell,60,fiesta,100000,Mar,Gasoline,ford,Other,2016-04-01 00:00:00,52072,2016-04-05 18:18:36,2016,2016,April,April,17,9
2016-03-31 08:55:30,Ford_Ka_1_3,privat,Offer,650,control,kleinwagen,2000,manuell,1299,ka,150000,Apr,Gasoline,ford,Other,2016-03-31 00:00:00,26871,2016-04-06 03:15:43,2016,2016,March,March,16,8
2016-03-30 22:54:49,Ford_Ka__guenstig__Kupplung_defekt_+_4_Winterreifen_mit_Felgen,privat,Offer,220,control,kleinwagen,1999,manuell,60,ka,125000,Mar,Gasoline,ford,Yes,2016-03-30 00:00:00,21756,2016-04-05 17:45:22,2016,2016,March,March,17,9
2016-03-19 16:55:06,Ford_Ka_1.2_Start_Stopp_System_Trend_Edition,privat,Offer,5200,test,kleinwagen,2012,manuell,69,ka,70000,Jul,Gasoline,ford,No,2016-03-19 00:00:00,84323,2016-04-07 02:46:47,2016,2016,March,March,4,5
2016-03-05 15:52:37,Ford_Ka_1_3_60Ps,privat,Offer,1290,control,kleinwagen,1999,manuell,60,ka,150000,Sep,Gasoline,ford,Other,2016-03-05 00:00:00,41542,2016-03-16 05:17:39,2016,2016,March,March,17,3
2016-03-28 00:49:11,Fiesta_aus_1.Hand_zum_Herrichten_oder_Ausschlachten,privat,Offer,150,control,kleinwagen,1994,manuell,50,fiesta,150000,Aug,Gasoline,ford,No,2016-03-27 00:00:00,86438,2016-04-06 09:15:32,2016,2016,March,March,22,4
2016-04-04 23:38:16,Ford_Fiesta_1.3_Viva,privat,Offer,2750,control,kleinwagen,2004,manuell,69,fiesta,150000,Jun,Gasoline,ford,No,2016-04-04 00:00:00,44369,2016-04-07 05:16:27,2016,2016,April,April,12,6
2016-03-10 19:58:22,dunkel_blauer_Ford_Fiesta,privat,Offer,1400,control,kleinwagen,2001,manuell,60,fiesta,80000,Jul,Gasoline,ford,No,2016-03-10 00:00:00,45355,2016-03-17 08:46:18,2016,2016,March,March,15,5
2016-03-27 23:56:16,Ford_KA_TÜV_Neu_Top,privat,Offer,897,test,kleinwagen,1998,manuell,60,ka,150000,Dec,Gasoline,ford,No,2016-03-23 00:00:00,29462,2016-03-29 06:47:40,2016,2016,March,March,18,0
2016-04-04 20:55:19,Ford_Fiesta,privat,Offer,1100,control,kleinwagen,2001,manuell,75,fiesta,150000,Jan,Gasoline,ford,No,2016-04-04 00:00:00,56594,2016-04-05 12:23:24,2016,2016,April,April,15,11
2016-03-14 21:40:13,verkaufe_ford_fiesta,privat,Offer,699,test,kleinwagen,1996,manuell,55,fiesta,150000,Jan,,ford,No,2016-03-14 00:00:00,17033,2016-04-06 12:15:22,2016,2016,March,March,20,11
2016-03-29 00:56:00,Ford_Fiesta_1.25,privat,Offer,1980,test,kleinwagen,2003,manuell,0,fiesta,150000,Nov,Gasoline,ford,No,2016-03-29 00:00:00,67655,2016-04-05 16:46:52,2016,2016,March,March,13,1
2016-03-20 00:57:37,Ford_fiesta_zum_ausschlachten_oder_herrichten,privat,Offer,100,control,kleinwagen,2000,manuell,0,fiesta,150000,Dec,Gasoline,ford,Other,2016-03-19 00:00:00,38114,2016-04-06 02:17:23,2016,2016,March,March,16,0
2016-03-16 15:57:46,Ford_Fiesta__TÜV_bis_07/16_an_Bastler,privat,Offer,150,test,kleinwagen,2001,manuell,60,fiesta,150000,Apr,Gasoline,ford,Other,2016-03-16 00:00:00,51647,2016-03-16 15:57:46,2016,2016,March,March,15,8
2016-03-27 01:36:19,Ford_Ka_Tuev_Neu_Serviceheftgepflegt,privat,Offer,1050,test,kleinwagen,1999,manuell,60,ka,150000,Mar,Gasoline,ford,No,2016-03-27 00:00:00,22549,2016-04-05 02:45:32,2016,2016,March,March,17,9
2016-03-30 21:45:03,Ford_Ka_ohne_Tuev,privat,Offer,150,test,kleinwagen,2001,manuell,0,Other,150000,Jan,,ford,Yes,2016-03-30 00:00:00,27333,2016-03-30 21:45:03,2016,2016,March,March,15,11
2016-03-12 00:59:29,Ford_Focus,privat,Offer,1850,test,kleinwagen,1999,manuell,116,focus,125000,Jan,Gasoline,ford,No,2016-03-11 00:00:00,69151,2016-04-05 19:45:17,2016,2016,March,March,17,11
2016-03-12 18:59:29,Ford_fiesta_zuverkaufen,privat,Offer,0,test,kleinwagen,2007,manuell,80,fiesta,150000,Mar,Gasoline,ford,Other,2016-03-12 00:00:00,31180,2016-03-12 19:41:08,2016,2016,March,March,9,9
2016-03-22 11:46:32,Ford_Fiesta,privat,Offer,350,control,kleinwagen,1997,manuell,75,fiesta,125000,Dec,Gasoline,ford,No,2016-03-22 00:00:00,10707,2016-03-22 11:46:32,2016,2016,March,March,19,0
2016-03-25 16:31:28,Ford_Ka_1.2_Titanium,privat,Offer,4900,test,kleinwagen,2009,manuell,69,ka,40000,Mar,Gasoline,ford,No,2016-03-25 00:00:00,56276,2016-04-07 11:45:26,2016,2016,March,March,7,9
2016-03-21 22:49:00,Ford_Fiesta_mit_Klima_und_Tuev,privat,Offer,700,control,kleinwagen,1998,manuell,60,fiesta,70000,Dec,Gasoline,ford,Yes,2016-03-21 00:00:00,2747,2016-03-21 22:49:00,2016,2016,March,March,18,0
2016-03-20 15:56:38,Ford_Fiesta_2.0,privat,Offer,3499,control,kleinwagen,2005,manuell,150,fiesta,150000,Mar,Gasoline,ford,No,2016-03-20 00:00:00,21644,2016-03-20 15:56:38,2016,2016,March,March,11,9
2016-04-04 15:57:42,Ford_Fiesta_1.3,privat,Offer,2200,test,kleinwagen,2004,manuell,60,fiesta,125000,May,Gasoline,ford,No,2016-04-04 00:00:00,81377,2016-04-06 17:45:05,2016,2016,April,April,12,7
2016-04-03 17:54:00,Ford_Fiesta_Klima_servo_Schiebedach_2_Jahre_TÜV,privat,Offer,1750,test,kleinwagen,1998,automatik,75,fiesta,50000,Sep,Gasoline,ford,No,2016-04-03 00:00:00,44628,2016-04-05 18:17:41,2016,2016,April,April,18,3
2016-03-07 15:58:09,Ford_Fiesta_1.3_Klima_4tuerig_EFh_92_TKM_tuev_au_neu,privat,Offer,2550,control,kleinwagen,2005,Unspecified,0,fiesta,100000,Nov,Gasoline,ford,No,2016-03-07 00:00:00,45888,2016-04-05 16:47:27,2016,2016,March,March,11,1
2016-03-09 23:56:29,Ford_Fiesta_1.4_Style__5_trg.__Klima__1.Hd._unfallfr.,privat,Offer,4800,test,kleinwagen,2008,manuell,80,fiesta,70000,Mar,Gasoline,ford,No,2016-03-09 00:00:00,86633,2016-04-05 20:19:19,2016,2016,March,March,8,9
2016-03-11 18:57:08,Ford_Fiesta_1.3,privat,Offer,2900,test,kleinwagen,2002,manuell,69,fiesta,80000,Jun,Gasoline,ford,No,2016-03-11 00:00:00,88048,2016-03-15 11:45:55,2016,2016,March,March,14,6
2016-04-04 06:36:24,Ford_Fiesta___TÜV_AU_bis_08.2016_!!!_KLIMA_!!!,privat,Offer,650,test,kleinwagen,1999,manuell,75,fiesta,150000,Jun,Gasoline,ford,No,2016-04-04 00:00:00,6712,2016-04-06 10:16:52,2016,2016,April,April,17,6
2016-03-11 17:58:30,Ford_Focus_1.8_Tuev_bis_12.2017__Klima_1_Hand__Euro_4,privat,Offer,1450,control,kleinwagen,2004,manuell,116,focus,150000,Jul,Gasoline,ford,Other,2016-03-11 00:00:00,59065,2016-03-12 23:17:08,2016,2016,March,March,12,5
2016-03-21 18:46:28,Gepflegter_Ford_Fiesta,privat,Offer,0,test,kleinwagen,1996,manuell,0,fiesta,150000,Jan,Gasoline,ford,Yes,2016-03-21 00:00:00,49762,2016-03-21 18:46:28,2016,2016,March,March,20,11
2016-04-04 19:47:01,Ford_Fiesta_1_3_ideal_fuer_Fahranfaenger_Spritsparer_unter_6_Liter,privat,Offer,2399,test,kleinwagen,2004,manuell,60,fiesta,150000,Jun,Gasoline,ford,No,2016-04-04 00:00:00,71739,2016-04-06 22:15:38,2016,2016,April,April,12,6
2016-03-21 10:37:23,Ford_fiesta_1.4_Klima_Tuev_01.17_Service_neu_125tkm,privat,Offer,1899,test,kleinwagen,2003,manuell,80,fiesta,150000,Sep,Gasoline,ford,No,2016-03-21 00:00:00,4552,2016-04-06 04:46:15,2016,2016,March,March,13,3
2016-04-02 22:50:43,Ford_Ka_1.2_Titanium_schwarz,privat,Offer,4200,control,kleinwagen,2009,manuell,69,ka,80000,Jun,Gasoline,ford,No,2016-04-02 00:00:00,56112,2016-04-06 14:44:55,2016,2016,April,April,7,6
2016-04-04 16:54:50,Ford_Escort_2_Jahre_TÜV,privat,Offer,799,test,kleinwagen,1996,manuell,90,escort,150000,Sep,Gasoline,ford,No,2016-04-04 00:00:00,34127,2016-04-06 18:46:46,2016,2016,April,April,20,3
2016-03-07 20:47:43,Ford_Fiesta_1.4_Trend,privat,Offer,1500,test,kleinwagen,2004,manuell,80,fiesta,150000,May,Gasoline,ford,No,2016-03-07 00:00:00,36304,2016-04-01 20:44:32,2016,2016,March,March,12,7
2016-03-26 13:49:34,1a__gepfl._Ford_KA__schwarz__v.Neuteile__SD__Servo__Tuev_neu,privat,Offer,950,control,kleinwagen,2000,Unspecified,60,ka,90000,Nov,Gasoline,ford,No,2016-03-26 00:00:00,24232,2016-03-27 14:52:54,2016,2016,March,March,16,1
2016-03-29 21:57:51,Ford_Fiesta,privat,Offer,1320,test,kleinwagen,2002,manuell,60,fiesta,40000,Feb,Gasoline,ford,No,2016-03-29 00:00:00,70372,2016-04-04 08:15:26,2016,2016,March,March,14,10
2016-04-02 12:38:36,Ford_Ford_Ka_/_KLIMA_!!_TÜV_/_CD_/_KM_84.000_!,privat,Offer,999,test,kleinwagen,1999,manuell,60,ka,90000,Aug,Gasoline,ford,No,2016-04-02 00:00:00,81671,2016-04-02 12:38:36,2016,2016,April,April,17,4
2016-04-02 19:54:59,Ford_Fusion_1.4_TDCI,privat,Offer,3690,control,kleinwagen,2003,manuell,68,fusion,150000,Nov,Diesel,ford,No,2016-04-02 00:00:00,31737,2016-04-06 20:17:31,2016,2016,April,April,13,1
2016-03-14 13:53:40,Ford_Focus_ohne_TÜV_mit_kleine_Maengel,privat,Offer,300,test,kleinwagen,1999,manuell,75,focus,150000,Apr,Gasoline,ford,Other,2016-03-14 00:00:00,41541,2016-03-24 21:45:27,2016,2016,March,March,17,8
2016-03-08 17:49:52,Ford_Fiesta,privat,Offer,300,control,kleinwagen,1998,manuell,0,fiesta,150000,Jan,Gasoline,ford,Other,2016-03-08 00:00:00,46284,2016-04-05 06:16:05,2016,2016,March,March,18,11
2016-03-21 09:36:21,Ford_Fiesta,privat,Offer,100,control,kleinwagen,2000,manuell,0,fiesta,5000,Jan,Gasoline,ford,Other,2016-03-21 00:00:00,6774,2016-04-06 03:16:53,2016,2016,March,March,16,11
2016-03-06 11:46:26,Ford_Fiesta_Flair_TÜV_08/17_Winterauto_/_Anfaengerauto,privat,Offer,1490,test,kleinwagen,1996,manuell,75,fiesta,90000,Jun,Gasoline,ford,No,2016-03-06 00:00:00,51709,2016-03-20 09:18:16,2016,2016,March,March,20,6
2016-04-01 21:48:58,Ford_Fiesta,privat,Offer,550,test,kleinwagen,1999,manuell,50,fiesta,150000,Mar,Gasoline,ford,No,2016-04-01 00:00:00,38118,2016-04-03 19:17:02,2016,2016,April,April,17,9
2016-04-01 23:36:27,Zu_Verkaufen._Ford_Fiesta,privat,Offer,1400,control,kleinwagen,2005,manuell,60,fiesta,150000,Jan,Gasoline,ford,Yes,2016-04-01 00:00:00,56112,2016-04-05 15:45:54,2016,2016,April,April,11,11
2016-03-06 00:39:34,Ford_Fiesta_TÜV,privat,Offer,549,control,kleinwagen,1995,manuell,60,fiesta,90000,Sep,,ford,No,2016-03-05 00:00:00,10777,2016-04-05 13:46:31,2016,2016,March,March,21,3
2016-03-19 04:55:30,Ford_Fiesta_1.3_mit_2_Jahre_TÜV,privat,Offer,2250,test,kleinwagen,2002,manuell,60,fiesta,150000,Dec,Gasoline,ford,Other,2016-03-18 00:00:00,52477,2016-04-06 02:15:30,2016,2016,March,March,14,0
2016-03-14 15:43:11,Ford_Fiesta_1.3,privat,Offer,1500,control,kleinwagen,2005,manuell,60,fiesta,125000,Mar,Gasoline,ford,No,2016-03-14 00:00:00,95030,2016-03-14 15:43:11,2016,2016,March,March,11,9
2016-03-24 16:55:29,Fuer_Bastler_und_Selbstabholer,privat,Offer,350,control,kleinwagen,1999,manuell,60,ka,150000,Sep,Gasoline,ford,Other,2016-03-24 00:00:00,46446,2016-04-07 09:17:32,2016,2016,March,March,17,3
2016-03-07 15:49:01,Ford_Ka_Gruen_Baujahr_2001_TÜV_5/17,privat,Offer,500,control,kleinwagen,2001,manuell,0,ka,100000,Nov,Gasoline,ford,Other,2016-03-07 00:00:00,44388,2016-03-07 20:17:12,2016,2016,March,March,15,1
2016-03-10 09:57:46,Ford_Fiesta,privat,Offer,435,test,kleinwagen,1999,manuell,75,fiesta,150000,Jun,Gasoline,ford,Yes,2016-03-10 00:00:00,41372,2016-04-06 07:17:03,2016,2016,March,March,17,6
2016-03-29 18:50:14,Ford_Fiesta_1.3,privat,Offer,800,control,kleinwagen,2005,manuell,0,fiesta,150000,Aug,Gasoline,ford,Yes,2016-03-29 00:00:00,59394,2016-04-04 03:46:46,2016,2016,March,March,11,4
2016-03-30 10:55:07,Ford_Ka_Klima_Servo_wunderschoenes_Luxus_Model__Vollausstattung,privat,Offer,1200,test,kleinwagen,2004,manuell,70,ka,150000,Feb,Gasoline,ford,No,2016-03-30 00:00:00,80939,2016-04-07 02:15:59,2016,2016,March,March,12,10
2016-04-06 13:25:36,Ford_Fiesta_1_8_Diesel__Tuev_bis_10/15,privat,Offer,150,test,kleinwagen,2001,manuell,0,fiesta,125000,Jan,,ford,Yes,2016-04-06 00:00:00,55252,2016-04-06 13:25:36,2016,2016,April,April,15,11
2016-03-19 20:54:10,Ford_Fiesta_1.4,privat,Offer,2000,control,kleinwagen,2003,manuell,80,fiesta,125000,Sep,Gasoline,ford,No,2016-03-19 00:00:00,79346,2016-04-01 13:46:07,2016,2016,March,March,13,3
2016-03-14 14:53:43,Ford_Fiesta_1.4,privat,Offer,2000,control,kleinwagen,2002,manuell,80,fiesta,150000,Jul,Gasoline,ford,No,2016-03-14 00:00:00,79410,2016-03-27 19:46:07,2016,2016,March,March,14,5
2016-03-12 19:57:12,Ford_Fiesta_1.25_Titanium,privat,Offer,5290,test,kleinwagen,2009,manuell,82,fiesta,100000,Aug,Gasoline,ford,No,2016-03-12 00:00:00,46562,2016-04-05 12:21:25,2016,2016,March,March,7,4
2016-03-31 10:54:10,Ford_Ka_1.2_Titanium,privat,Offer,5100,control,kleinwagen,2009,manuell,69,ka,80000,May,Gasoline,ford,No,2016-03-31 00:00:00,39343,2016-03-31 11:46:05,2016,2016,March,March,7,7
2016-03-20 14:48:51,Ford_Fiesta_Ersatzteillager,privat,Offer,100,test,kleinwagen,2001,manuell,0,fiesta,150000,May,,ford,Yes,2016-03-20 00:00:00,94060,2016-03-24 07:16:12,2016,2016,March,March,15,7
2016-03-28 19:55:44,Ford_Fiesta_2005_mit_Unfallschaden,privat,Request,1550,control,kleinwagen,2005,manuell,90,fiesta,150000,Mar,Diesel,ford,Yes,2016-03-28 00:00:00,30827,2016-03-28 19:55:44,2016,2016,March,March,11,9
2016-03-16 20:49:44,Ford_Fiesta_1.25_Trend,privat,Offer,5350,control,kleinwagen,2009,manuell,82,fiesta,90000,Apr,Gasoline,ford,No,2016-03-16 00:00:00,50733,2016-04-07 07:45:52,2016,2016,March,March,7,8
2016-03-23 13:48:29,Ford_Fiesta_1.4_Ambiente_neues_Modell_Tuev_2/18,privat,Offer,1999,test,kleinwagen,2002,manuell,80,fiesta,150000,May,Gasoline,ford,No,2016-03-23 00:00:00,25885,2016-03-26 06:44:19,2016,2016,March,March,14,7
2016-03-23 22:49:40,Ford_Ka_TÜV___05/17,privat,Offer,1111,test,kleinwagen,2000,manuell,60,ka,125000,May,Gasoline,ford,No,2016-03-23 00:00:00,87561,2016-04-06 06:46:23,2016,2016,March,March,16,7
2016-03-27 04:41:29,Auto_Top_Ford_KA_TÜV_Neu,privat,Offer,897,test,kleinwagen,1998,manuell,60,ka,150000,Dec,Gasoline,ford,No,2016-03-23 00:00:00,29462,2016-03-29 05:45:47,2016,2016,March,March,18,0
2016-03-14 21:39:10,Ford_Ka_Servo_Sehr_gepflegt_!!!,privat,Offer,799,test,kleinwagen,1997,manuell,60,ka,125000,Jan,Gasoline,ford,No,2016-03-14 00:00:00,44575,2016-03-26 21:16:59,2016,2016,March,March,19,11
2016-03-31 09:57:32,Ford_KA__TOP_Zustand,privat,Offer,750,control,kleinwagen,1999,manuell,60,ka,125000,May,Gasoline,ford,No,2016-03-31 00:00:00,79312,2016-04-06 03:44:36,2016,2016,March,March,17,7
2016-04-01 13:46:58,Ford_ka_1998,privat,Offer,300,test,kleinwagen,1998,manuell,36,ka,100000,Dec,Gasoline,ford,No,2016-04-01 00:00:00,27576,2016-04-07 10:45:00,2016,2016,April,April,18,0
2016-03-22 12:37:56,Ford_Fiesta_TÜV_11/16_95.000_km__8_Fach,privat,Offer,550,control,kleinwagen,2001,manuell,60,fiesta,100000,Aug,Gasoline,ford,No,2016-03-22 00:00:00,95145,2016-03-26 13:16:33,2016,2016,March,March,15,4
2016-03-05 14:30:08,Ford_Puma_Bj.2000,privat,Offer,380,test,kleinwagen,2000,manuell,90,andere,150000,May,Gasoline,ford,Yes,2016-03-05 00:00:00,61276,2016-03-08 15:45:56,2016,2016,March,March,16,7
2016-03-11 11:49:57,Ford_Fiesta_1_25___16v_*GHIA*_*KLIMA*_*TÜV_bis_12/2016*,privat,Offer,550,control,kleinwagen,1999,manuell,75,fiesta,150000,Dec,Gasoline,ford,No,2016-03-11 00:00:00,38226,2016-03-12 15:46:13,2016,2016,March,March,17,0
2016-03-07 18:45:10,Ford_Fiesta_1.3,privat,Offer,4500,control,kleinwagen,2006,manuell,60,fiesta,30000,Mar,Gasoline,ford,No,2016-03-07 00:00:00,53819,2016-03-16 18:47:57,2016,2016,March,March,10,9
2016-03-23 14:53:26,Ford_Fiesta_VIVA_3tg,privat,Offer,3100,test,kleinwagen,2005,manuell,69,fiesta,60000,May,Gasoline,ford,Other,2016-03-23 00:00:00,66916,2016-03-23 15:44:16,2016,2016,March,March,11,7
2016-03-11 20:50:01,Ford_Fiesta_4_tuerig__klima.,privat,Offer,890,control,kleinwagen,2000,manuell,75,fiesta,150000,Sep,Gasoline,ford,No,2016-03-11 00:00:00,67065,2016-03-15 14:45:02,2016,2016,March,March,16,3
2016-03-25 21:50:58,Ford_Fiesta_Ghia,privat,Offer,790,test,kleinwagen,2000,manuell,75,fiesta,150000,Feb,Gasoline,ford,No,2016-03-25 00:00:00,40589,2016-03-30 15:46:42,2016,2016,March,March,16,10
2016-04-03 15:50:16,Ford_Fiesta_2.0_ST,privat,Offer,5500,test,kleinwagen,2006,manuell,150,fiesta,125000,Mar,Gasoline,ford,No,2016-04-03 00:00:00,94327,2016-04-05 15:16:15,2016,2016,April,April,10,9
2016-03-11 18:40:52,Ford_Ka,privat,Offer,888,test,kleinwagen,2001,manuell,60,ka,125000,Jun,Gasoline,ford,No,2016-03-11 00:00:00,50181,2016-04-05 19:47:50,2016,2016,March,March,15,6
2016-03-21 14:50:20,Ford_KA___gepflegtes_Fahrzeug,privat,Offer,369,control,kleinwagen,1998,Unspecified,0,ka,150000,Jan,Gasoline,ford,Other,2016-03-21 00:00:00,3130,2016-03-31 18:17:59,2016,2016,March,March,18,11
2016-03-09 22:37:23,Ford_Fiesta_in_grau_zu_verkaufen,privat,Offer,550,test,kleinwagen,1997,Unspecified,60,fiesta,70000,Jan,Gasoline,ford,Other,2016-03-09 00:00:00,38372,2016-04-07 02:44:35,2016,2016,March,March,19,11
2016-03-29 12:53:53,Ford_Fiesta,privat,Offer,100,test,kleinwagen,1999,manuell,50,fiesta,30000,Sep,Gasoline,ford,Other,2016-03-29 00:00:00,2782,2016-04-05 22:17:02,2016,2016,March,March,17,3
2016-03-23 19:38:51,Ford_Fiesta_TÜV_bis_10.2016,privat,Offer,600,control,kleinwagen,1999,manuell,50,fiesta,150000,Nov,Gasoline,ford,Other,2016-03-23 00:00:00,69115,2016-03-23 19:38:51,2016,2016,March,March,17,1
2016-04-02 11:38:15,Ford_Fusion_1.4_TDCI_+,privat,Offer,1700,test,kleinwagen,2006,manuell,68,fusion,150000,Feb,Diesel,ford,No,2016-04-02 00:00:00,27576,2016-04-02 11:38:15,2016,2016,April,April,10,10
2016-03-27 19:46:08,Ford_Fiesta_HU_3/18_Servo_167TKM_8fach_bereift,privat,Offer,990,control,kleinwagen,2002,manuell,50,fiesta,150000,Jul,Gasoline,ford,No,2016-03-27 00:00:00,47495,2016-04-05 17:25:49,2016,2016,March,March,14,5
2016-03-05 16:46:58,Ford_Fiesta_1.3,privat,Offer,2750,control,kleinwagen,2003,manuell,69,fiesta,125000,Jul,,ford,Other,2016-03-05 00:00:00,25451,2016-03-10 14:15:30,2016,2016,March,March,13,5
2016-04-04 17:42:11,Ford_Fiesta_Bj.2000_4_Tuerer_TÜV_03/18_Bastlerfahrzeug,privat,Offer,230,test,kleinwagen,2000,manuell,0,Other,150000,May,Gasoline,ford,Yes,2016-04-04 00:00:00,42277,2016-04-04 17:42:11,2016,2016,April,April,16,7
2016-03-22 18:52:54,Ford_KA__35500km,privat,Offer,2500,control,kleinwagen,2007,manuell,60,ka,40000,Dec,Gasoline,ford,No,2016-03-22 00:00:00,58553,2016-04-06 12:16:05,2016,2016,March,March,9,0
2016-03-25 13:56:49,Ford_Ka,privat,Offer,899,test,kleinwagen,2001,manuell,60,ka,150000,Dec,Gasoline,ford,No,2016-03-25 00:00:00,63263,2016-03-27 12:31:14,2016,2016,March,March,15,0
2016-03-10 23:57:38,Ford_Fiesta_1.3_Viva_X,privat,Offer,1100,test,kleinwagen,2005,manuell,69,fiesta,125000,Apr,Gasoline,ford,No,2016-03-10 00:00:00,49082,2016-03-11 07:46:56,2016,2016,March,March,11,8
2016-04-05 21:36:24,Ford_Ka_1.2_Start_Stopp_System_Trend,privat,Offer,5500,test,kleinwagen,2012,manuell,69,ka,50000,Sep,Gasoline,ford,No,2016-04-05 00:00:00,97084,2016-04-05 21:36:24,2016,2016,April,April,4,3
2016-03-26 18:57:09,Ford_Ka,privat,Offer,690,test,kleinwagen,2001,manuell,60,ka,125000,Jan,Gasoline,ford,No,2016-03-26 00:00:00,50354,2016-03-26 18:57:09,2016,2016,March,March,15,11
2016-03-21 10:52:12,Ford_Ka_mit_Leder,privat,Offer,390,test,kleinwagen,1997,manuell,50,ka,150000,Mar,Gasoline,ford,Other,2016-03-21 00:00:00,17109,2016-03-31 12:18:13,2016,2016,March,March,19,9
2016-03-12 15:51:27,Ford_Fiesta_1.4,privat,Offer,3800,control,kleinwagen,2007,manuell,80,fiesta,60000,Dec,Gasoline,ford,No,2016-03-12 00:00:00,52355,2016-03-14 07:46:21,2016,2016,March,March,9,0
2016-04-03 18:41:50,Verkaufe_Ford_Ka_Tuev_bis_2017,privat,Offer,500,control,kleinwagen,2004,manuell,60,ka,150000,Feb,Gasoline,ford,No,2016-04-03 00:00:00,9337,2016-04-05 18:46:30,2016,2016,April,April,12,10
2016-04-03 15:42:31,Ford_fiesta_st,privat,Offer,5500,test,kleinwagen,2006,manuell,150,Other,125000,Mar,Gasoline,ford,No,2016-04-03 00:00:00,94327,2016-04-05 14:45:06,2016,2016,April,April,10,9
2016-03-15 18:58:40,Ford_fiesta_tuev_neu_75ps_5_tuerer,privat,Offer,500,control,kleinwagen,1996,manuell,75,fiesta,150000,Jan,,ford,Other,2016-03-15 00:00:00,58706,2016-03-30 07:17:22,2016,2016,March,March,20,11
2016-04-04 21:55:28,Ford_Focus,privat,Offer,650,test,kleinwagen,1999,manuell,75,focus,150000,Jun,Gasoline,ford,Yes,2016-04-04 00:00:00,57482,2016-04-04 21:55:28,2016,2016,April,April,17,6
2016-03-27 18:55:49,Ford_Fiesta_DI,privat,Offer,750,control,kleinwagen,2001,manuell,75,fiesta,150000,Aug,Diesel,ford,No,2016-03-27 00:00:00,63699,2016-04-05 15:47:02,2016,2016,March,March,15,4
2016-03-08 15:50:11,Ford_Fiesta__mit_TÜV_und_ASU_bis_12/16,privat,Offer,1650,test,kleinwagen,2003,manuell,0,fiesta,150000,Nov,Gasoline,ford,No,2016-03-08 00:00:00,50829,2016-03-12 13:45:33,2016,2016,March,March,13,1
2016-03-23 19:00:40,Ford_Fiesta_silber,privat,Offer,3500,test,kleinwagen,2007,manuell,70,fiesta,90000,Aug,Gasoline,ford,No,2016-03-23 00:00:00,32657,2016-03-29 14:47:23,2016,2016,March,March,9,4
2016-03-22 12:57:09,Ford_Ka_Servo_Alufelgen_voll_Fahrbereit_Tuev_01/2017,privat,Offer,850,control,kleinwagen,1999,manuell,60,ka,150000,Sep,Gasoline,ford,No,2016-03-22 00:00:00,51147,2016-03-31 09:44:36,2016,2016,March,March,17,3
2016-03-09 16:37:38,Ford_Fiesta_1.3,privat,Offer,1250,test,kleinwagen,2004,manuell,60,fiesta,150000,Jul,Gasoline,ford,Yes,2016-03-09 00:00:00,52134,2016-03-09 16:37:38,2016,2016,March,March,12,5
2016-03-21 01:36:19,Ford_Ka_1.3_Benziner*Panorama*Alufelgen*Tuning*,privat,Offer,0,test,kleinwagen,2000,manuell,60,ka,150000,Aug,Gasoline,ford,No,2016-03-21 00:00:00,41363,2016-03-25 02:47:58,2016,2016,March,March,16,4
2016-04-04 12:58:05,Ford_Fiesta_1.4_Ghia_44200_km_neue_Reifen_Zahnriemen,privat,Offer,3600,control,kleinwagen,2004,manuell,80,fiesta,50000,Jan,Gasoline,ford,No,2016-04-04 00:00:00,30171,2016-04-06 14:45:12,2016,2016,April,April,12,11
2016-03-17 10:41:09,Ford_ka_Euro4_sehr_sauber_ohne_tuev,privat,Offer,250,test,kleinwagen,2002,manuell,60,ka,60000,Jun,Gasoline,ford,Other,2016-03-17 00:00:00,51469,2016-03-20 10:49:24,2016,2016,March,March,14,6
2016-04-03 20:43:56,Ford_KA_TÜV_abgelaufen,privat,Offer,200,test,kleinwagen,1996,manuell,58,ka,150000,Jan,Gasoline,ford,Yes,2016-04-03 00:00:00,32758,2016-04-03 20:43:56,2016,2016,April,April,20,11
2016-04-01 22:49:45,Ford_Ka_Fun,privat,Offer,1700,test,kleinwagen,2007,manuell,69,ka,90000,Jan,Gasoline,ford,No,2016-04-01 00:00:00,85235,2016-04-01 22:49:45,2016,2016,April,April,9,11
2016-04-02 22:46:49,Ford_Fiesta,privat,Offer,2800,test,kleinwagen,2004,manuell,68,fiesta,150000,Sep,Diesel,ford,Other,2016-04-02 00:00:00,44145,2016-04-06 23:45:41,2016,2016,April,April,12,3
2016-03-10 12:51:18,Ford_Fiesta_1.3_Style_Klimaanlage,privat,Offer,3650,test,kleinwagen,2008,manuell,60,fiesta,80000,Jul,Gasoline,ford,No,2016-03-10 00:00:00,45549,2016-03-12 01:46:52,2016,2016,March,March,8,5
2016-03-12 09:52:14,Ford_Fiesta_1.3,privat,Offer,2200,control,kleinwagen,2005,manuell,60,fiesta,125000,Jul,Gasoline,ford,Yes,2016-03-12 00:00:00,57439,2016-03-13 00:45:50,2016,2016,March,March,11,5
2016-03-23 11:55:52,Ford_Fiesta_Bj_97,privat,Offer,110,test,kleinwagen,1997,manuell,50,fiesta,125000,Jan,Gasoline,ford,Other,2016-03-23 00:00:00,85386,2016-04-05 11:46:45,2016,2016,March,March,19,11
2016-03-09 18:48:39,Ford_Fiesta_D_fuer_Bastller,privat,Offer,250,test,kleinwagen,1999,Unspecified,50,fiesta,50000,Jan,Gasoline,ford,Other,2016-03-09 00:00:00,89264,2016-04-07 14:56:29,2016,2016,March,March,17,11
2016-03-11 08:36:59,Ford_Fiesta_1_3_benzin_euro4,privat,Offer,1100,test,kleinwagen,2004,manuell,0,fiesta,30000,Jun,Gasoline,ford,Other,2016-03-11 00:00:00,66763,2016-03-13 02:45:37,2016,2016,March,March,12,6
2016-03-15 23:41:07,Ford_Fiesta_Style,privat,Offer,800,control,kleinwagen,1998,manuell,60,fiesta,150000,Jan,Gasoline,ford,No,2016-03-15 00:00:00,50374,2016-03-29 02:44:37,2016,2016,March,March,18,11
2016-03-20 10:46:06,Ford_Fiesta_1.4_TDCI_Leder__Klima__Navi__53tkm__80PS,privat,Offer,4300,control,kleinwagen,2004,manuell,80,fiesta,60000,Nov,Diesel,ford,No,2016-03-20 00:00:00,75173,2016-04-06 06:46:51,2016,2016,March,March,12,1
2016-03-22 23:59:28,Ford_Fiesta_rot,privat,Offer,0,test,kleinwagen,1996,manuell,75,fiesta,20000,Aug,Gasoline,ford,Other,2016-03-22 00:00:00,63069,2016-04-01 20:16:38,2016,2016,March,March,20,4
2016-03-20 21:51:58,Ford_Fiesta_1.6_TDCI_Trend_//_Gluehkerzen_defekt,privat,Offer,1650,test,kleinwagen,2007,manuell,90,fiesta,150000,Jan,Diesel,ford,No,2016-03-20 00:00:00,52428,2016-03-20 21:51:58,2016,2016,March,March,9,11
2016-03-14 12:36:23,Ford_Fiesta_1.25_Trend,privat,Offer,5200,test,kleinwagen,2009,manuell,82,fiesta,100000,Feb,Gasoline,ford,No,2016-03-14 00:00:00,84453,2016-04-05 11:50:30,2016,2016,March,March,7,10
2016-03-20 15:56:41,Ford_Fiesta_1.1,privat,Offer,690,control,kleinwagen,1988,manuell,49,fiesta,80000,Jul,Gasoline,ford,No,2016-03-20 00:00:00,53227,2016-03-21 19:19:33,2016,2016,March,March,28,5
2016-03-25 20:49:08,Ford_fiesta,privat,Offer,150,control,kleinwagen,1993,Unspecified,0,fiesta,90000,Jan,Gasoline,ford,Yes,2016-03-25 00:00:00,27711,2016-03-28 20:48:02,2016,2016,March,March,23,11
2016-03-30 17:38:21,Bastler_Auto,privat,Offer,300,control,kleinwagen,1996,manuell,55,ka,150000,Nov,Gasoline,ford,Yes,2016-03-30 00:00:00,47574,2016-04-03 07:47:05,2016,2016,March,March,20,1
2016-03-16 14:52:12,Ford_Andere,privat,Offer,1100,test,kleinwagen,2006,manuell,69,andere,150000,Apr,Gasoline,ford,Yes,2016-03-16 00:00:00,59065,2016-04-06 16:45:04,2016,2016,March,March,10,8
2016-03-21 19:49:49,Ford_Fiesta_als_Teiletraeger,privat,Offer,200,test,kleinwagen,1999,manuell,50,fiesta,150000,Dec,Gasoline,ford,No,2016-03-21 00:00:00,46485,2016-03-25 17:46:55,2016,2016,March,March,17,0
2016-03-30 09:53:47,Ford_Ka_1.3_Euro4_Gruen,privat,Offer,450,control,kleinwagen,2001,manuell,60,ka,125000,Mar,Gasoline,ford,Other,2016-03-30 00:00:00,78464,2016-04-07 00:17:46,2016,2016,March,March,15,9
2016-03-18 20:48:10,Bastlerauto,privat,Offer,250,test,kleinwagen,1999,Unspecified,75,focus,100000,Jan,Gasoline,ford,Other,2016-03-18 00:00:00,31020,2016-03-29 13:45:22,2016,2016,March,March,17,11
2016-03-19 23:55:49,Ford_Ka_zu_verkaufen,privat,Offer,270,control,kleinwagen,2001,manuell,0,ka,150000,Jan,,ford,Other,2016-03-19 00:00:00,59590,2016-04-06 03:15:27,2016,2016,March,March,15,11
2016-03-26 11:53:37,Ford_Ka,privat,Offer,1500,control,kleinwagen,2006,manuell,60,ka,125000,Apr,Gasoline,ford,No,2016-03-26 00:00:00,74343,2016-04-03 22:47:34,2016,2016,March,March,10,8
2016-03-13 22:06:19,Ford_Fiesta,privat,Offer,800,control,kleinwagen,1996,manuell,60,fiesta,125000,Jan,Gasoline,ford,Other,2016-03-13 00:00:00,56594,2016-04-06 12:44:35,2016,2016,March,March,20,11
2016-03-30 16:45:26,Ford_Ka_1.2_Titanium,privat,Offer,4290,test,kleinwagen,2009,manuell,69,ka,125000,Sep,Gasoline,ford,No,2016-03-30 00:00:00,47608,2016-04-07 07:16:48,2016,2016,March,March,7,3
2016-03-12 04:36:18,Fiesta_zum_Ausschlachten_oder_herrichten,privat,Offer,125,control,kleinwagen,1992,manuell,50,fiesta,150000,Jan,,ford,Yes,2016-03-12 00:00:00,87600,2016-03-16 05:45:19,2016,2016,March,March,24,11
2016-03-27 11:57:28,Ford_Fiesta_sehr_sparsam,privat,Offer,1850,test,kleinwagen,2004,manuell,68,fiesta,150000,Sep,Diesel,ford,No,2016-03-27 00:00:00,48249,2016-04-07 07:46:39,2016,2016,March,March,12,3
2016-03-19 09:37:40,Ford_Fiesta_1.3_TOP___Gebrauchtwagen,privat,Offer,1999,test,kleinwagen,2005,manuell,60,fiesta,125000,Jul,Gasoline,ford,No,2016-03-19 00:00:00,57439,2016-03-20 10:48:34,2016,2016,March,March,11,5
2016-03-29 00:59:29,Ford_Fiesta_Style_Family,privat,Offer,520,test,kleinwagen,1999,manuell,75,fiesta,40000,Jan,Gasoline,ford,No,2016-03-28 00:00:00,50739,2016-04-01 19:44:20,2016,2016,March,March,17,11
2016-03-08 14:46:44,Ford_Fiesta,privat,Offer,1300,test,kleinwagen,2001,manuell,74,fiesta,100000,Mar,Gasoline,ford,Other,2016-03-08 00:00:00,86972,2016-04-06 02:45:21,2016,2016,March,March,15,9
2016-03-09 19:45:09,Ford_Fiesta_1.4,privat,Offer,2500,test,kleinwagen,2003,automatik,80,fiesta,80000,Oct,Gasoline,ford,Yes,2016-03-09 00:00:00,85570,2016-03-12 20:20:18,2016,2016,March,March,13,2
2016-03-31 18:52:13,Ford_Fiesta_TÜV_08/17_Servo_EURO3_Guter_Zustand_keine_Maengel,privat,Offer,599,control,kleinwagen,1996,manuell,75,fiesta,125000,Jul,Gasoline,ford,No,2016-03-31 00:00:00,17217,2016-03-31 18:52:13,2016,2016,March,March,20,5
2016-03-20 23:48:29,Ich_verkaufe_Ford_kA,privat,Offer,1100,control,kleinwagen,2002,manuell,72,ka,125000,Sep,Gasoline,ford,No,2016-03-20 00:00:00,53879,2016-04-07 11:17:59,2016,2016,March,March,14,3
2016-03-14 14:59:25,Ford_Fiesta_1.3___Privat,privat,Offer,500,control,kleinwagen,1999,manuell,50,fiesta,125000,Dec,Gasoline,ford,No,2016-03-14 00:00:00,17094,2016-04-01 20:19:31,2016,2016,March,March,17,0
2016-03-24 09:25:22,UNFALL_FIESTA_BASTLER_ZUM_AUSSCHLACHTEN,privat,Offer,350,test,kleinwagen,1997,manuell,75,fiesta,150000,May,Gasoline,ford,Yes,2016-03-24 00:00:00,55270,2016-04-05 17:21:30,2016,2016,March,March,19,7
2016-03-20 16:43:42,Ford_Ka_sehr_gepflegt,privat,Offer,400,test,kleinwagen,2002,manuell,60,ka,150000,Jun,Gasoline,ford,No,2016-03-20 00:00:00,53757,2016-04-04 19:45:38,2016,2016,March,March,14,6
2016-03-22 15:39:13,Super_Anfaenger_Auto_Ford,privat,Offer,1450,control,kleinwagen,2002,manuell,60,fiesta,150000,Dec,Gasoline,ford,Yes,2016-03-22 00:00:00,70374,2016-03-22 15:39:13,2016,2016,March,March,14,0
2016-03-16 19:36:23,Ford_Fiesta_Futura,privat,Offer,700,test,kleinwagen,2001,manuell,60,fiesta,150000,Apr,Gasoline,ford,No,2016-03-16 00:00:00,48157,2016-04-03 03:18:41,2016,2016,March,March,15,8
2016-03-21 14:51:43,Ford_Fiesta_fahrbereit_mit_TÜV_bis_April_2017,privat,Offer,850,control,kleinwagen,1999,manuell,75,fiesta,125000,Jun,Gasoline,ford,No,2016-03-21 00:00:00,8118,2016-04-06 12:15:38,2016,2016,March,March,17,6
2016-03-21 01:56:08,Ford_Fiesta_Ghia__tuev_bis_12.2017_,privat,Offer,820,test,kleinwagen,2000,manuell,75,fiesta,150000,May,Gasoline,ford,No,2016-03-21 00:00:00,66333,2016-03-29 13:18:32,2016,2016,March,March,16,7
2016-04-04 20:50:34,Ford_Ka_Fun_X__1_5_Jahre_TÜV__erst_86TKM_Klima_eFH_ZV,privat,Offer,1850,control,kleinwagen,2006,manuell,69,ka,90000,Jul,Gasoline,ford,No,2016-04-04 00:00:00,44866,2016-04-04 20:50:34,2016,2016,April,April,10,5
2016-03-07 20:56:56,Ford_Ka,privat,Offer,800,test,kleinwagen,1999,manuell,60,ka,125000,Apr,Gasoline,ford,No,2016-03-07 00:00:00,26133,2016-04-03 22:44:36,2016,2016,March,March,17,8
2016-03-16 19:54:18,Ford_Focus_zu_verkaufen,privat,Offer,500,test,kleinwagen,2000,manuell,101,focus,150000,Mar,Gasoline,ford,Yes,2016-03-16 00:00:00,55765,2016-04-07 05:45:54,2016,2016,March,March,16,9
2016-04-04 13:38:39,ford_fiesta_sparsam_mit_tuev_mit_klima,privat,Offer,250,control,kleinwagen,1997,manuell,0,fiesta,150000,Jul,Gasoline,ford,Other,2016-04-04 00:00:00,48157,2016-04-06 14:45:08,2016,2016,April,April,19,5
2016-03-14 08:36:56,Ford_Fiesta_Ghia,privat,Offer,600,test,kleinwagen,1998,manuell,0,fiesta,150000,Nov,Gasoline,ford,Yes,2016-03-14 00:00:00,66798,2016-03-19 20:45:33,2016,2016,March,March,18,1
2016-03-17 12:56:06,Ford_focus,privat,Offer,999,test,kleinwagen,1999,manuell,75,focus,150000,Dec,Gasoline,ford,No,2016-03-17 00:00:00,12045,2016-04-06 15:17:15,2016,2016,March,March,17,0
2016-03-27 16:57:52,Ford_Ka_ideales_Anfaengerauto/Stadtauto,privat,Offer,1250,test,kleinwagen,2005,manuell,60,ka,100000,Jun,Gasoline,ford,Other,2016-03-27 00:00:00,61203,2016-03-27 17:42:14,2016,2016,March,March,11,6
2016-03-30 16:50:57,Ford_Fiesta_1.3,privat,Offer,1200,test,kleinwagen,2005,manuell,60,fiesta,150000,Jul,Gasoline,ford,Yes,2016-03-30 00:00:00,95145,2016-04-07 07:45:06,2016,2016,March,March,11,5
2016-03-25 11:06:17,Ford_Ka_1.3_Servo,privat,Offer,790,test,kleinwagen,2001,manuell,0,ka,150000,Jul,Gasoline,ford,Other,2016-03-25 00:00:00,60433,2016-04-06 21:16:41,2016,2016,March,March,15,5
2016-03-21 14:44:34,Sehr_gepflegter_Ford_KA_in_tuerkis,privat,Offer,4500,control,kleinwagen,2009,manuell,0,ka,60000,Dec,Gasoline,ford,No,2016-03-21 00:00:00,96215,2016-03-28 09:47:24,2016,2016,March,March,7,0
2016-03-19 16:58:10,Ford_Fiesta_Viva_x,privat,Offer,3200,test,kleinwagen,2004,manuell,70,fiesta,90000,Sep,Gasoline,ford,No,2016-03-19 00:00:00,83059,2016-04-05 00:16:30,2016,2016,March,March,12,3
2016-03-16 19:53:33,Ford_Ka,privat,Offer,1500,test,kleinwagen,2006,manuell,60,ka,80000,Dec,Gasoline,ford,Yes,2016-03-16 00:00:00,6132,2016-04-07 05:45:50,2016,2016,March,March,10,0
2016-03-20 19:39:15,Ford_Fiesta,privat,Offer,3950,test,kleinwagen,2007,manuell,60,Other,100000,Aug,Gasoline,ford,No,2016-03-20 00:00:00,92693,2016-04-07 03:44:23,2016,2016,March,March,9,4
2016-04-07 00:36:20,Ford_Fiesta_Ghia,privat,Offer,700,test,kleinwagen,1998,manuell,75,fiesta,150000,Oct,Gasoline,ford,No,2016-04-07 00:00:00,72622,2016-04-07 00:36:20,2016,2016,April,April,18,2
2016-03-14 15:58:06,Auto_mit_TÜV_11.2016,privat,Offer,580,control,kleinwagen,1998,Unspecified,0,fiesta,150000,Feb,Gasoline,ford,Other,2016-03-14 00:00:00,47533,2016-03-14 15:58:06,2016,2016,March,March,18,10
2016-03-13 22:43:29,Sehr_gut_erhalten_das_Fahrzeug,privat,Offer,780,control,kleinwagen,1999,manuell,44,ka,150000,May,Gasoline,ford,No,2016-03-13 00:00:00,85049,2016-03-19 13:45:58,2016,2016,March,March,17,7
2016-03-30 07:54:11,Ford_Fiesta,privat,Offer,159,control,kleinwagen,1990,manuell,50,fiesta,50000,Jan,Gasoline,ford,No,2016-03-30 00:00:00,1307,2016-04-06 23:46:27,2016,2016,March,March,26,11
2016-04-05 10:58:18,Ford_Fiesta_mit_Frontscheiben_Heizung,privat,Offer,3050,control,kleinwagen,2004,manuell,69,fiesta,100000,Jan,Gasoline,ford,Other,2016-04-05 00:00:00,76764,2016-04-05 11:37:00,2016,2016,April,April,12,11
2016-03-22 23:59:43,Ford_Fiesta_1.4_TDCI,privat,Offer,2300,test,kleinwagen,2002,manuell,68,fiesta,150000,Jun,Diesel,ford,No,2016-03-22 00:00:00,34225,2016-04-07 06:46:27,2016,2016,March,March,14,6
2016-03-16 21:56:25,Diesel_TÜV_bis_10/2017_fest_preis,privat,Offer,580,control,kleinwagen,2002,manuell,75,fiesta,150000,Oct,Diesel,ford,Other,2016-03-16 00:00:00,88499,2016-04-07 13:15:43,2016,2016,March,March,14,2
2016-04-04 21:58:05,Ford_Fiesta_Diesel___gruene_Umweltplakette,privat,Offer,3980,test,kleinwagen,2007,manuell,68,fiesta,150000,Sep,Diesel,ford,No,2016-04-04 00:00:00,4824,2016-04-07 01:16:37,2016,2016,April,April,9,3
2016-03-24 21:37:41,Ford_Fiesta_TÜV_neu,privat,Offer,1150,test,kleinwagen,2001,manuell,60,fiesta,150000,Aug,Gasoline,ford,No,2016-03-24 00:00:00,85259,2016-03-29 07:47:00,2016,2016,March,March,15,4
2016-03-09 22:47:02,Ford_Ka_TÜV_bis_2018,privat,Offer,1200,test,kleinwagen,2005,manuell,55,ka,150000,Jan,Gasoline,ford,No,2016-03-09 00:00:00,28237,2016-03-20 09:17:56,2016,2016,March,March,11,11
2016-04-06 21:25:35,Ford_Fiesta_1.4_TDCi_Klima_8_fach_bereift_TÜV_09/2017,privat,Offer,5490,control,kleinwagen,2010,manuell,69,fiesta,150000,Aug,Diesel,ford,No,2016-04-06 00:00:00,61169,2016-04-06 21:25:35,2016,2016,April,April,6,4
2016-03-28 18:46:41,**Verkaufe_Ford_Ka_mit_Tuev_02.2017**,privat,Offer,500,control,kleinwagen,2000,manuell,60,Other,60000,Oct,Gasoline,ford,No,2016-03-28 00:00:00,37327,2016-04-01 03:46:08,2016,2016,March,March,16,2
2016-03-16 12:52:45,Ford_Fiesta,privat,Offer,250,test,kleinwagen,1999,Unspecified,0,fiesta,150000,Jan,,ford,Other,2016-03-16 00:00:00,37235,2016-03-16 12:52:45,2016,2016,March,March,17,11
2016-04-04 16:40:14,Ford_mit_TÜV,privat,Offer,499,test,kleinwagen,1990,manuell,72,fiesta,125000,Sep,Gasoline,ford,No,2016-04-04 00:00:00,17109,2016-04-04 16:40:14,2016,2016,April,April,26,3
2016-04-01 19:50:42,Ford_Fusion_1.4_Trend,privat,Offer,2950,control,kleinwagen,2003,manuell,80,fusion,125000,May,Gasoline,ford,No,2016-04-01 00:00:00,96361,2016-04-05 16:45:32,2016,2016,April,April,13,7
2016-03-21 15:41:13,Ford_Fiesta_1_3_60_PS,privat,Offer,650,control,kleinwagen,2000,manuell,60,fiesta,150000,Mar,Gasoline,ford,Other,2016-03-21 00:00:00,33397,2016-03-22 20:15:27,2016,2016,March,March,16,9
2016-03-10 18:45:26,Ford_Ka_zu_verkaufen,privat,Offer,4500,test,kleinwagen,2010,manuell,0,ka,100000,May,Gasoline,ford,Other,2016-03-10 00:00:00,49201,2016-04-05 23:44:32,2016,2016,March,March,6,7
2016-03-16 11:49:49,Verkaufe_Ford_Fiesta_Bj.2002__TÜV_10.2017__Sommer_u._Winterreifen,privat,Offer,950,test,kleinwagen,2002,manuell,65,Other,150000,Feb,Gasoline,ford,No,2016-03-16 00:00:00,6118,2016-03-17 09:18:18,2016,2016,March,March,14,10
2016-03-07 21:45:49,Ford_Ka,privat,Offer,799,control,kleinwagen,1998,manuell,50,ka,125000,Feb,Gasoline,ford,No,2016-03-07 00:00:00,47805,2016-03-10 08:45:11,2016,2016,March,March,18,10
2016-03-26 20:44:47,Ford_fusion_tdci,privat,Offer,3790,control,kleinwagen,2003,manuell,68,fusion,5000,Nov,Diesel,ford,Other,2016-03-26 00:00:00,31275,2016-04-06 10:46:43,2016,2016,March,March,13,1
2016-03-17 14:51:23,Ford_KA_HU_AU_neu_in_Darmstadt_VHB_950,privat,Offer,950,control,kleinwagen,1998,manuell,60,ka,125000,Jun,Gasoline,ford,Other,2016-03-17 00:00:00,64293,2016-04-04 19:16:40,2016,2016,March,March,18,6
2016-04-01 19:48:27,Ford_Fiesta,privat,Offer,250,control,kleinwagen,1999,manuell,55,fiesta,150000,Jul,,ford,No,2016-04-01 00:00:00,71577,2016-04-03 16:47:16,2016,2016,April,April,17,5
2016-03-16 00:38:20,Ford_Focus_1.4,privat,Offer,1850,test,kleinwagen,2002,manuell,75,focus,150000,Dec,Gasoline,ford,No,2016-03-15 00:00:00,66578,2016-03-18 03:46:53,2016,2016,March,March,14,0
2016-04-02 21:40:00,Gut_erhaltener_Ford_Focus,privat,Offer,1600,test,kleinwagen,1999,manuell,75,focus,70000,Jan,Gasoline,ford,No,2016-04-02 00:00:00,99734,2016-04-02 21:40:00,2016,2016,April,April,17,11
2016-03-18 18:48:15,Ford_Ka_Fun_mit_Klima_aus_2.HD,privat,Offer,1290,control,kleinwagen,2006,manuell,60,ka,125000,Mar,Gasoline,ford,No,2016-03-18 00:00:00,44866,2016-03-22 11:15:44,2016,2016,March,March,10,9
2016-03-17 23:42:45,Ford_Fiesta_69.105_km_gelaufen___8_fach_bereift,privat,Offer,300,control,kleinwagen,1995,automatik,60,fiesta,70000,Mar,Gasoline,ford,Yes,2016-03-17 00:00:00,58452,2016-03-21 02:18:13,2016,2016,March,March,21,9
2016-03-22 15:36:58,Ford_Fiesta_1.1,privat,Offer,300,control,kleinwagen,1998,manuell,50,fiesta,150000,Mar,Gasoline,ford,Other,2016-03-22 00:00:00,52391,2016-04-06 06:45:04,2016,2016,March,March,18,9
2016-03-26 21:37:43,Ford_Fiesta_1.25_Trend,privat,Offer,5400,control,kleinwagen,2009,manuell,82,fiesta,60000,Mar,Gasoline,ford,No,2016-03-26 00:00:00,41169,2016-03-26 22:44:42,2016,2016,March,March,7,9
2016-04-04 15:40:10,FOCUS_MIT_2_Jahre_TÜV,privat,Offer,1650,test,kleinwagen,1999,manuell,75,focus,150000,Feb,Gasoline,ford,No,2016-04-04 00:00:00,44805,2016-04-06 16:47:26,2016,2016,April,April,17,10
2016-03-19 18:38:39,Ford_Fiesta_TÜV_neu_3/18_Servo_167Tkm,privat,Offer,1150,test,kleinwagen,2002,manuell,50,fiesta,150000,Nov,Gasoline,ford,No,2016-03-19 00:00:00,47495,2016-03-27 10:44:47,2016,2016,March,March,14,1
2016-03-31 14:38:33,Ford_Fiesta_1.4_Ghia,privat,Offer,1500,control,kleinwagen,2002,manuell,80,fiesta,150000,Dec,Gasoline,ford,No,2016-03-31 00:00:00,98544,2016-03-31 14:38:33,2016,2016,March,March,14,0
2016-03-20 14:54:27,Ford_Ford_KA_COOL,privat,Offer,1900,test,kleinwagen,2003,manuell,60,ka,90000,May,Gasoline,ford,No,2016-03-20 00:00:00,65599,2016-04-06 23:45:42,2016,2016,March,March,13,7
2016-03-27 14:00:20,Suche_Ford_Fiesta_fuer_meine_Freundin,privat,Offer,4500,test,kleinwagen,2009,Unspecified,0,fiesta,125000,Jan,,ford,No,2016-03-27 00:00:00,21149,2016-04-03 09:17:40,2016,2016,March,March,7,11
2016-03-25 20:57:13,Ford_Ka_zu_verkaufen,privat,Offer,1049,control,kleinwagen,2003,manuell,60,ka,70000,Dec,Gasoline,ford,No,2016-03-25 00:00:00,79183,2016-03-28 21:46:32,2016,2016,March,March,13,0
2016-03-18 18:47:45,Ford_Fiesta_____Tuev_neu__,privat,Offer,1490,control,kleinwagen,2001,manuell,60,fiesta,100000,Jan,Gasoline,ford,No,2016-03-18 00:00:00,89367,2016-03-18 18:47:45,2016,2016,March,March,15,11
2016-03-20 23:57:44,Auto_Ford_ka,privat,Offer,300,control,kleinwagen,1999,manuell,60,ka,30000,Dec,Gasoline,ford,No,2016-03-20 00:00:00,22305,2016-03-27 22:17:20,2016,2016,March,March,17,0
2016-03-16 18:41:33,Ford_Fiesta_Trend_1_25,privat,Offer,5200,control,kleinwagen,2011,manuell,60,fiesta,100000,Jun,Gasoline,ford,No,2016-03-16 00:00:00,74564,2016-04-04 23:17:45,2016,2016,March,March,5,6
2016-03-20 12:47:58,Ford_Fiesta_1.4_Ghia_nur_44500km__neue_M+S_Reifen__ZR,privat,Offer,3800,test,kleinwagen,2004,manuell,80,fiesta,50000,Jan,Gasoline,ford,No,2016-03-20 00:00:00,20095,2016-04-06 12:45:29,2016,2016,March,March,12,11
2016-04-01 11:59:20,Ford_ka_an_Bastler_ohne_TÜV,privat,Offer,200,test,kleinwagen,2000,manuell,60,ka,150000,Aug,Gasoline,ford,Other,2016-04-01 00:00:00,49811,2016-04-07 08:46:14,2016,2016,April,April,16,4
2016-04-01 23:49:20,FORD_KA___NUR_69000_KM_RUNTER___KLIMA___TÜV_UND_AU_NEU_!,privat,Offer,950,control,kleinwagen,1999,manuell,0,ka,70000,Jan,Gasoline,ford,No,2016-04-01 00:00:00,12279,2016-04-04 02:17:34,2016,2016,April,April,17,11
2016-03-06 14:41:37,Ford_Focus_Guenstig_Abzugeben!!!,privat,Offer,350,control,kleinwagen,1999,manuell,75,focus,150000,Jan,Gasoline,ford,Yes,2016-03-06 00:00:00,66787,2016-03-08 15:47:26,2016,2016,March,March,17,11
2016-03-07 13:54:12,Ford_Ka_fuer_Bastler,privat,Offer,250,control,kleinwagen,2003,manuell,0,ka,150000,Nov,Gasoline,ford,Other,2016-03-07 00:00:00,48691,2016-03-12 13:17:55,2016,2016,March,March,13,1
2016-04-04 23:57:05,Ford_TÜV_NEU_04/2018,privat,Offer,1350,control,kleinwagen,2002,manuell,60,ka,150000,Aug,Gasoline,ford,No,2016-04-04 00:00:00,24768,2016-04-07 08:16:47,2016,2016,April,April,14,4
2016-03-19 14:55:11,Ford_Fiesta,privat,Offer,2300,test,kleinwagen,2006,manuell,60,fiesta,150000,May,Gasoline,ford,No,2016-03-19 00:00:00,52076,2016-03-19 14:55:11,2016,2016,March,March,10,7
2016-03-28 19:39:15,Ford_Fiesta_an_Bastler,privat,Offer,150,control,kleinwagen,1996,manuell,0,fiesta,150000,Jan,Gasoline,ford,Other,2016-03-28 00:00:00,28759,2016-04-07 01:45:47,2016,2016,March,March,20,11
2016-03-23 03:36:40,Ford_Fiesta_1.2_mit_TÜV_.,privat,Offer,900,test,kleinwagen,2000,manuell,50,fiesta,150000,Apr,Gasoline,ford,No,2016-03-23 00:00:00,41069,2016-03-23 05:37:13,2016,2016,March,March,16,8
2016-03-05 19:51:05,Ford_Fiesta_Farbe_Silber/Grau,privat,Offer,900,test,kleinwagen,2003,manuell,60,fiesta,150000,Oct,Gasoline,ford,Yes,2016-03-05 00:00:00,32791,2016-03-07 15:46:20,2016,2016,March,March,13,2
2016-03-11 09:52:53,Ford_Fiesta_77TKM_1_3l_50PS_Eu4_ez8/01_4tuerer_tuev6/17,privat,Offer,1330,control,kleinwagen,2001,manuell,50,fiesta,80000,Aug,Gasoline,ford,No,2016-03-11 00:00:00,26203,2016-03-24 09:16:29,2016,2016,March,March,15,4
2016-03-24 18:53:39,Ford_Ka_Futura,privat,Offer,1490,test,kleinwagen,2000,manuell,60,ka,70000,Jul,Gasoline,ford,No,2016-03-24 00:00:00,29525,2016-03-26 04:16:33,2016,2016,March,March,16,5
2016-03-28 14:43:02,Ford_Fiesta_jas,privat,Offer,900,test,kleinwagen,1999,manuell,60,fiesta,100000,Jun,,ford,No,2016-03-28 00:00:00,30823,2016-04-06 18:19:35,2016,2016,March,March,17,6
2016-03-21 12:56:47,Ford_Fiesta_1.3_Style_Bastlerfahrzeug_oder_zum_schlachten,privat,Offer,650,control,kleinwagen,1999,manuell,50,fiesta,150000,May,Gasoline,ford,No,2016-03-21 00:00:00,96250,2016-04-06 07:45:46,2016,2016,March,March,17,7
2016-03-23 21:55:13,Ford_Ka,privat,Offer,699,test,kleinwagen,1999,manuell,60,ka,150000,Sep,Gasoline,ford,No,2016-03-23 00:00:00,58089,2016-03-29 19:44:47,2016,2016,March,March,17,3
2016-04-04 17:39:07,Verkaufe_Ford_KA_BJ_1999,privat,Offer,100,test,kleinwagen,1999,manuell,0,ka,90000,Mar,Gasoline,ford,Other,2016-04-04 00:00:00,84034,2016-04-04 17:39:07,2016,2016,April,April,17,9
2016-04-06 20:36:20,Ford_Fiesta_1.4_TDCI_Basis*_TÜV/AU_06/2017*Guterzustand*,privat,Offer,1290,test,kleinwagen,2003,manuell,68,fiesta,150000,Jun,Diesel,ford,No,2016-04-06 00:00:00,12353,2016-04-06 20:36:20,2016,2016,April,April,13,6
2016-03-07 18:42:13,Ford_Fiesta___Bj._2000___2._Besitzer___74900km___Kein_TÜV,privat,Offer,220,control,kleinwagen,2000,manuell,50,fiesta,80000,Apr,Gasoline,ford,No,2016-03-07 00:00:00,27619,2016-03-15 00:46:46,2016,2016,March,March,16,8
2016-04-01 17:39:11,Ford_fiesta_mit_tuev_bis_5/17,privat,Offer,590,test,kleinwagen,1997,manuell,55,fiesta,150000,Jun,Gasoline,ford,Other,2016-04-01 00:00:00,63920,2016-04-05 12:46:15,2016,2016,April,April,19,6
2016-03-26 14:38:34,Ford_Fiesta_2.0_ST,privat,Offer,5499,control,kleinwagen,2007,manuell,150,fiesta,150000,Jul,Gasoline,ford,No,2016-03-26 00:00:00,21493,2016-04-06 02:17:06,2016,2016,March,March,9,5
2016-04-04 16:58:34,Ford_Fiesta_1.25/75PS/Klima/eFH/ZV/silber,privat,Offer,150,test,kleinwagen,2000,manuell,75,fiesta,150000,Feb,Gasoline,ford,No,2016-04-04 00:00:00,41542,2016-04-06 18:47:05,2016,2016,April,April,16,10
2016-03-25 15:59:10,FORD_FIESTA_GUTE_ZUSATND_ZU_VERKAUFEN_200,privat,Offer,590,test,kleinwagen,2001,Unspecified,75,fiesta,150000,Oct,Gasoline,ford,No,2016-03-25 00:00:00,92665,2016-04-06 20:17:48,2016,2016,March,March,15,2
2016-03-09 23:41:12,Ford_Ka_Fun,privat,Offer,1300,test,kleinwagen,2006,manuell,69,ka,100000,Jan,Gasoline,ford,No,2016-03-09 00:00:00,80997,2016-03-28 07:46:32,2016,2016,March,March,10,11
2016-04-02 09:54:49,Ford_Fiesta_1.4_Ghia,privat,Offer,4200,control,kleinwagen,2009,manuell,97,fiesta,150000,Apr,Gasoline,ford,No,2016-04-02 00:00:00,45475,2016-04-02 10:39:34,2016,2016,April,April,7,8
2016-03-12 15:46:08,Ford_Fista_1.25_Titanium_/__Klima__Alu,privat,Offer,4900,control,kleinwagen,2009,manuell,82,fiesta,100000,Jan,Gasoline,ford,Other,2016-03-12 00:00:00,22081,2016-04-07 03:46:14,2016,2016,March,March,7,11
2016-03-25 00:36:41,Ford_Fiesta_1.4_Viva_X,privat,Offer,2900,control,kleinwagen,2004,manuell,80,fiesta,80000,Nov,Gasoline,ford,No,2016-03-25 00:00:00,72074,2016-03-29 20:16:51,2016,2016,March,March,12,1
2016-03-23 20:49:57,Ford_Fiesta_1600cm,privat,Offer,3900,test,kleinwagen,2004,automatik,101,fiesta,100000,Oct,Gasoline,ford,Yes,2016-03-23 00:00:00,66809,2016-04-06 02:16:41,2016,2016,March,March,12,2
2016-03-12 17:56:49,Ford_Fiesta_1.3_Ambiente,privat,Offer,3800,test,kleinwagen,2006,manuell,60,fiesta,80000,Jun,Gasoline,ford,No,2016-03-12 00:00:00,59063,2016-04-07 10:17:19,2016,2016,March,March,10,6
2016-03-27 16:58:54,Ford_Fiesta_1.3_Viva_X,privat,Offer,2290,test,kleinwagen,2004,manuell,69,fiesta,150000,Dec,Gasoline,ford,No,2016-03-27 00:00:00,47800,2016-04-03 14:44:32,2016,2016,March,March,12,0
2016-03-16 08:55:11,Ka_ohne_Tuev,privat,Offer,150,test,kleinwagen,1998,manuell,0,ka,150000,Jan,Gasoline,ford,Yes,2016-03-16 00:00:00,26506,2016-03-25 04:45:44,2016,2016,March,March,18,11
2016-03-25 11:51:44,Fuer_Bastler_oder_zum_Aufbauen,privat,Offer,600,test,kleinwagen,1997,manuell,75,fiesta,90000,Jun,Gasoline,ford,Yes,2016-03-25 00:00:00,13593,2016-04-06 12:45:01,2016,2016,March,March,19,6
2016-03-17 10:40:21,Ford_Ka_200,privat,Offer,200,test,kleinwagen,2002,manuell,0,ka,150000,May,Gasoline,ford,Other,2016-03-17 00:00:00,24960,2016-04-06 07:44:21,2016,2016,March,March,14,7
2016-03-26 15:42:45,Ford_Focus_2.0_Tdci,privat,Offer,2850,test,kleinwagen,2006,manuell,136,focus,150000,Jan,Diesel,ford,Other,2016-03-26 00:00:00,13359,2016-03-28 03:47:34,2016,2016,March,March,10,11
2016-03-05 19:36:17,Zu_verkaufen,privat,Offer,1500,test,kleinwagen,2003,manuell,0,ka,100000,Feb,Gasoline,ford,Other,2016-03-05 00:00:00,4552,2016-04-07 03:46:24,2016,2016,March,March,13,10
2016-03-05 18:55:10,Ford_Ka_*mit_Klimaanlage*,privat,Offer,3850,test,kleinwagen,2009,manuell,69,ka,125000,Jan,Gasoline,ford,No,2016-03-05 00:00:00,66787,2016-04-07 12:17:19,2016,2016,March,March,7,11
2016-03-28 22:46:23,Verkaufe_meinen_Ford_Fiesta_mit_alle_Papieren_und_achtfachbereift,privat,Offer,70,control,kleinwagen,1993,manuell,0,fiesta,125000,Apr,Gasoline,ford,Other,2016-03-28 00:00:00,4425,2016-03-30 15:45:27,2016,2016,March,March,23,8
2016-03-20 20:50:33,Ford_Fiesta_1.25,privat,Offer,1000,test,kleinwagen,2003,manuell,69,fiesta,70000,Oct,Gasoline,ford,Yes,2016-03-20 00:00:00,53229,2016-03-20 20:50:33,2016,2016,March,March,13,2
2016-03-25 14:44:45,Ford_Ka_1.2_Titanium,privat,Offer,5200,control,kleinwagen,2010,manuell,69,ka,30000,Feb,Gasoline,ford,No,2016-03-25 00:00:00,40882,2016-03-31 22:16:55,2016,2016,March,March,6,10
2016-03-28 22:37:50,Tauschen_ford_fiesta_gegen_anderes_auto,privat,Offer,0,control,kleinwagen,1998,Unspecified,0,fiesta,150000,Mar,,ford,No,2016-03-28 00:00:00,99706,2016-04-07 08:17:32,2016,2016,March,March,18,9
2016-03-09 10:55:45,Ford_Fiesta_1.3_TÜV_NEU,privat,Offer,1799,control,kleinwagen,2004,manuell,60,fiesta,150000,Mar,Gasoline,ford,No,2016-03-09 00:00:00,53639,2016-03-21 02:45:33,2016,2016,March,March,12,9
2016-03-23 21:54:53,Ford_Fiesta_1.6_Trend,privat,Offer,2150,test,kleinwagen,2002,manuell,101,fiesta,150000,Jun,Gasoline,ford,No,2016-03-23 00:00:00,44388,2016-04-06 05:44:37,2016,2016,March,March,14,6
2016-03-25 23:56:56,Ford_fiesta,privat,Offer,999,control,kleinwagen,1994,manuell,0,fiesta,90000,Jan,Gasoline,ford,Yes,2016-03-25 00:00:00,64347,2016-03-27 20:15:33,2016,2016,March,March,22,11
2016-03-24 12:51:28,Ford_Fiesta_5_Tuere,privat,Offer,700,test,kleinwagen,1998,manuell,0,fiesta,80000,Jun,Gasoline,ford,Other,2016-03-24 00:00:00,47166,2016-03-27 09:47:18,2016,2016,March,March,18,6
2016-03-15 23:44:42,Ford_Fiesta_1.4_Motorschaden,privat,Offer,1000,control,kleinwagen,2002,manuell,80,fiesta,150000,May,Gasoline,ford,Yes,2016-03-15 00:00:00,72813,2016-03-23 10:17:47,2016,2016,March,March,14,7
2016-04-03 20:45:19,Ford_Fiesta_1.3_Style,privat,Offer,2800,test,kleinwagen,2008,manuell,60,fiesta,150000,May,Gasoline,ford,No,2016-04-03 00:00:00,21109,2016-04-05 21:18:10,2016,2016,April,April,8,7
2016-03-22 00:59:58,Ford_Fiesta,privat,Offer,790,control,kleinwagen,1996,manuell,50,fiesta,100000,Aug,Gasoline,ford,No,2016-03-21 00:00:00,46535,2016-03-23 15:19:04,2016,2016,March,March,20,4
2016-03-24 07:56:52,Ford_Fiesta_16V,privat,Offer,1400,control,kleinwagen,1992,manuell,131,fiesta,30000,Jul,Gasoline,ford,Yes,2016-03-24 00:00:00,33332,2016-04-06 22:45:32,2016,2016,March,March,24,5
2016-03-06 17:51:43,Ford_Fiesta_1.4_Sport,privat,Offer,3800,control,kleinwagen,2005,manuell,80,fiesta,150000,Dec,Gasoline,ford,No,2016-03-06 00:00:00,55767,2016-04-06 22:17:36,2016,2016,March,March,11,0
2016-03-18 17:43:57,FORD_Fiesta_Bj.95,privat,Offer,150,test,kleinwagen,1995,manuell,60,fiesta,80000,Jan,,ford,No,2016-03-18 00:00:00,91088,2016-04-05 22:44:59,2016,2016,March,March,21,11
2016-04-02 11:47:18,Ford_Ka_1.3_TDCi_Titanium,privat,Offer,4500,test,kleinwagen,2009,manuell,75,ka,150000,Feb,Diesel,ford,No,2016-04-02 00:00:00,38120,2016-04-06 09:45:12,2016,2016,April,April,7,10
2016-03-08 13:50:37,Ford_Fiesta_1.4_Fun,privat,Offer,3300,control,kleinwagen,2006,manuell,80,fiesta,90000,Jun,Gasoline,ford,No,2016-03-08 00:00:00,72290,2016-03-10 07:44:08,2016,2016,March,March,10,6
2016-03-26 12:55:45,Ford_Ka_1.2,privat,Offer,3890,control,kleinwagen,2008,manuell,69,ka,125000,Nov,Gasoline,ford,No,2016-03-26 00:00:00,24145,2016-04-02 02:18:29,2016,2016,March,March,8,1
2016-04-03 12:45:28,Ford_Ka_mit_elektrischem_Faltdach,privat,Offer,0,control,kleinwagen,2004,manuell,60,ka,90000,Jul,,ford,No,2016-04-03 00:00:00,53489,2016-04-07 14:57:34,2016,2016,April,April,12,5
2016-03-10 13:53:46,Ford_Fiesta_sofort_Fahrbereit,privat,Offer,250,test,kleinwagen,1994,manuell,53,fiesta,90000,Dec,Gasoline,ford,No,2016-03-10 00:00:00,53545,2016-03-14 10:46:12,2016,2016,March,March,22,0
2016-03-10 20:37:35,Ford_Fiesta_5_Tuerig,privat,Offer,500,test,kleinwagen,2001,manuell,75,fiesta,80000,Mar,Gasoline,ford,No,2016-03-10 00:00:00,72108,2016-03-11 08:46:26,2016,2016,March,March,15,9
2016-03-06 07:36:28,Ford_Fiesta_1.3_ohne_tuev,privat,Offer,600,control,kleinwagen,2004,manuell,70,Other,150000,Jan,Gasoline,ford,Yes,2016-03-06 00:00:00,67065,2016-03-06 07:36:28,2016,2016,March,March,12,11
2016-03-07 09:54:08,Ford_Ka_zum_Ausschlachten,privat,Offer,0,control,kleinwagen,1998,Unspecified,0,ka,100000,Jun,Gasoline,ford,Other,2016-03-07 00:00:00,45479,2016-03-08 10:16:20,2016,2016,March,March,18,6
2016-03-30 16:55:35,Fiesta_1.3__60_PS___Klima__Inspektion__HU___NEU,privat,Offer,3100,test,kleinwagen,2007,manuell,60,fiesta,150000,May,Gasoline,ford,No,2016-03-30 00:00:00,22846,2016-04-07 07:45:13,2016,2016,March,March,9,7
2016-03-06 16:37:22,Ford_Ka_K2_Snow_Edition,privat,Offer,500,test,kleinwagen,1999,manuell,60,ka,150000,Dec,Gasoline,ford,No,2016-03-06 00:00:00,35037,2016-03-21 01:18:24,2016,2016,March,March,17,0
2016-03-29 20:54:18,Ford_Fiesta,privat,Offer,850,test,kleinwagen,2001,manuell,75,fiesta,80000,May,Gasoline,ford,No,2016-03-29 00:00:00,78594,2016-04-06 07:17:23,2016,2016,March,March,15,7
2016-04-01 14:37:30,Ford_Fiesta_1.25_Trend,privat,Offer,4500,test,kleinwagen,2009,manuell,82,fiesta,80000,Mar,Gasoline,ford,No,2016-04-01 00:00:00,53940,2016-04-01 14:37:30,2016,2016,April,April,7,9
2016-03-15 21:49:41,Ford_Fiesta_1_3L_8xBereifung_und_Klima_153.000km,privat,Offer,950,control,kleinwagen,2002,manuell,0,fiesta,150000,Dec,Gasoline,ford,Other,2016-03-15 00:00:00,59955,2016-04-07 06:16:14,2016,2016,March,March,14,0
2016-03-10 12:51:59,Ford_Fiesta_1_3_Style_Klima,privat,Offer,3650,test,kleinwagen,2008,manuell,60,fiesta,80000,Jul,Gasoline,ford,No,2016-03-10 00:00:00,45549,2016-03-12 01:46:55,2016,2016,March,March,8,5
2016-04-03 13:56:16,FIESTA_TÜV_2.18,privat,Offer,800,control,kleinwagen,2001,manuell,50,fiesta,150000,May,Gasoline,ford,No,2016-04-03 00:00:00,46562,2016-04-03 13:56:16,2016,2016,April,April,15,7
2016-03-08 12:39:11,Ford_Fusion_1.4_TDCI_Klima_Standheizung_AHK___TÜV_Neu,privat,Offer,3450,test,kleinwagen,2004,automatik,68,fusion,150000,Dec,Diesel,ford,No,2016-03-08 00:00:00,22119,2016-03-11 02:44:22,2016,2016,March,March,12,0
2016-03-12 23:47:48,Ford_Fiesta_Style__erst_64tkm__Tuev_bis_10/_2017,privat,Offer,700,control,kleinwagen,1999,manuell,50,fiesta,70000,Jan,Gasoline,ford,Other,2016-03-12 00:00:00,12207,2016-03-13 00:42:31,2016,2016,March,March,17,11
2016-04-03 10:52:38,Ford_Fiesta_1.3_mit_Schiebedach__el._Fenster_und_MP3,privat,Offer,1375,control,kleinwagen,2003,manuell,69,fiesta,150000,Mar,Gasoline,ford,No,2016-04-03 00:00:00,47533,2016-04-03 10:52:38,2016,2016,April,April,13,9
2016-03-23 10:49:23,Fiesta_Modell_2002_Super_Auto,privat,Offer,550,control,kleinwagen,2002,manuell,50,fiesta,150000,Mar,Gasoline,ford,No,2016-03-23 00:00:00,79115,2016-03-23 10:49:23,2016,2016,March,March,14,9
2016-03-28 14:40:08,Ford_Ka,privat,Offer,1250,test,kleinwagen,2000,manuell,60,ka,150000,Aug,Gasoline,ford,No,2016-03-28 00:00:00,53842,2016-04-06 18:19:24,2016,2016,March,March,16,4
2016-03-14 09:54:30,FORD_FIESTA_VIVA,privat,Offer,3500,control,kleinwagen,2004,manuell,60,fiesta,60000,Mar,Gasoline,ford,No,2016-03-14 00:00:00,39116,2016-04-07 09:17:03,2016,2016,March,March,12,9
2016-03-09 08:54:51,Ford_Fiesta_1.25_Trend,privat,Offer,5590,test,kleinwagen,2008,manuell,82,fiesta,70000,Sep,Gasoline,ford,No,2016-03-09 00:00:00,6231,2016-04-07 11:44:31,2016,2016,March,March,8,3
2016-03-08 17:46:26,Ford_Fiesta_1.6_Aut._Ghia_Klima_Navi_Parkpilot_Bluetooth,privat,Offer,3690,control,kleinwagen,2006,automatik,101,fiesta,125000,Nov,Gasoline,ford,No,2016-03-08 00:00:00,51371,2016-03-09 09:15:19,2016,2016,March,March,10,1
2016-03-31 14:54:35,Ford_Fiesta_1_3,privat,Offer,850,control,kleinwagen,2003,manuell,60,fiesta,150000,Jan,Gasoline,ford,No,2016-03-31 00:00:00,41063,2016-04-06 08:16:50,2016,2016,March,March,13,11
2016-03-26 19:45:20,Biete_hier_meinen_Ford_Fiesta_an,privat,Offer,580,control,kleinwagen,1996,automatik,75,fiesta,70000,Oct,Gasoline,ford,No,2016-03-26 00:00:00,44581,2016-03-26 19:45:20,2016,2016,March,March,20,2
2016-03-14 12:51:50,Ford_Fiesta_XR2i_Original.._Mit_TÜV,privat,Offer,850,test,kleinwagen,1990,manuell,105,fiesta,150000,Apr,Gasoline,ford,No,2016-03-14 00:00:00,73061,2016-03-22 06:18:05,2016,2016,March,March,26,8
2016-03-16 11:40:19,Ford_Fiesta_Chia_1_2__Klima_TÜV_NEU_!!!,privat,Offer,1490,test,kleinwagen,1999,manuell,75,fiesta,150000,Feb,Gasoline,ford,Other,2016-03-16 00:00:00,19059,2016-03-29 18:18:47,2016,2016,March,March,17,10
2016-03-16 17:51:33,ford_focus_1.4l,privat,Offer,700,control,kleinwagen,1999,manuell,74,focus,150000,Feb,Gasoline,ford,Yes,2016-03-16 00:00:00,86343,2016-03-21 20:48:05,2016,2016,March,March,17,10
2016-04-04 20:44:40,Dringend_Ford_Fiesta_abzugegen!_TÜV_neu___wenig_Km!,privat,Offer,1850,control,kleinwagen,2001,manuell,75,fiesta,50000,Nov,Gasoline,ford,No,2016-04-04 00:00:00,7907,2016-04-06 22:46:55,2016,2016,April,April,15,1
2016-03-14 10:41:12,1_4_fista_klima_LPG_Gasanlage,privat,Offer,1250,control,kleinwagen,2004,manuell,80,fiesta,150000,Oct,Lpg,ford,Yes,2016-03-14 00:00:00,53721,2016-04-07 10:45:04,2016,2016,March,March,12,2
2016-03-13 10:06:19,Ford_Fiesta_Style_Family,privat,Offer,900,test,kleinwagen,1999,manuell,75,fiesta,150000,Feb,Gasoline,ford,No,2016-03-13 00:00:00,56170,2016-04-05 18:45:05,2016,2016,March,March,17,10
2016-03-17 20:41:51,Ford_Fiesta_1.4_Ghia,privat,Offer,5500,control,kleinwagen,2009,manuell,97,fiesta,125000,Mar,Gasoline,ford,No,2016-03-17 00:00:00,41468,2016-04-07 09:15:50,2016,2016,March,March,7,9
2016-04-02 10:56:35,Ford_Fiesta_1.6_TDCI_/_Sitzheizung,privat,Offer,2990,test,kleinwagen,2006,manuell,90,fiesta,150000,Jan,Diesel,ford,No,2016-04-02 00:00:00,68199,2016-04-06 09:16:24,2016,2016,April,April,10,11
2016-03-14 13:44:41,Ford_Fusion_1.4,privat,Offer,3999,test,kleinwagen,2006,manuell,80,fusion,125000,May,Gasoline,ford,No,2016-03-14 00:00:00,47918,2016-04-05 14:17:39,2016,2016,March,March,10,7
2016-03-06 01:53:53,Ford_Fiesta,privat,Offer,300,control,kleinwagen,1996,manuell,75,fiesta,80000,Jan,Gasoline,ford,Other,2016-03-05 00:00:00,32584,2016-04-06 00:46:58,2016,2016,March,March,20,11
2016-03-23 07:56:19,Ford_Fiesta_1.4_50PS_1.Hand_Originale_70tkm,privat,Offer,1550,control,kleinwagen,1997,manuell,50,fiesta,70000,Feb,Gasoline,ford,No,2016-03-23 00:00:00,38729,2016-04-07 08:17:09,2016,2016,March,March,19,10
2016-03-08 10:49:23,Bastler_Auto_Ford_KA,privat,Offer,400,test,kleinwagen,2001,manuell,0,ka,100000,Apr,Gasoline,ford,Other,2016-03-08 00:00:00,37441,2016-04-07 04:15:22,2016,2016,March,March,15,8
2016-03-20 19:46:06,Ka_mit_TÜV_Klima_servo,privat,Offer,800,test,kleinwagen,2001,manuell,60,ka,150000,May,Gasoline,ford,No,2016-03-20 00:00:00,22119,2016-03-23 06:16:40,2016,2016,March,March,15,7
2016-03-08 21:50:18,FORD_FIESTA__GHIA_16V_TÜV_12/17,privat,Offer,1450,control,kleinwagen,1998,manuell,75,fiesta,150000,Feb,Gasoline,ford,Other,2016-03-08 00:00:00,51377,2016-03-14 19:17:59,2016,2016,March,March,18,10
2016-04-02 16:36:23,FORD_FIESTA_150PS_TÜV_9/16_2HAND,privat,Offer,2699,control,kleinwagen,2006,manuell,150,fiesta,150000,Jul,Gasoline,ford,No,2016-04-02 00:00:00,12349,2016-04-02 17:39:57,2016,2016,April,April,10,5
2016-03-15 09:48:48,Ford_Ka,privat,Offer,690,control,kleinwagen,2002,manuell,60,ka,125000,Aug,Gasoline,ford,No,2016-03-15 00:00:00,59955,2016-03-15 09:48:48,2016,2016,March,March,14,4
2016-03-27 19:47:04,FORD_KA_1_2_Trend,privat,Offer,3950,control,kleinwagen,2010,manuell,70,ka,90000,Sep,Gasoline,ford,No,2016-03-27 00:00:00,21079,2016-03-29 09:45:02,2016,2016,March,March,6,3
2016-04-02 18:53:58,Ford_Fusion_1.4_Style,privat,Offer,4800,control,kleinwagen,2009,manuell,80,fusion,20000,Jun,Gasoline,ford,No,2016-04-02 00:00:00,75446,2016-04-02 19:41:32,2016,2016,April,April,7,6
2016-03-06 21:49:12,Ford_Focus_1.6_Futura,privat,Offer,1100,control,kleinwagen,2004,manuell,101,focus,150000,Feb,Gasoline,ford,Yes,2016-03-06 00:00:00,35435,2016-03-07 20:40:32,2016,2016,March,March,12,10
2016-03-17 22:54:49,Ford_Fiesta_mit_neuem_tuev,privat,Offer,1550,test,kleinwagen,2005,manuell,60,fiesta,150000,Jan,,ford,No,2016-03-17 00:00:00,32130,2016-03-23 17:18:55,2016,2016,March,March,11,11
2016-03-30 13:55:08,Ford_Fiesta_1.3_Servo_Motor_Laeuft,privat,Offer,40,test,kleinwagen,1996,manuell,55,fiesta,150000,Apr,Gasoline,ford,No,2016-03-30 00:00:00,6712,2016-03-30 14:42:05,2016,2016,March,March,20,8
2016-03-20 16:55:58,Verkaufe_wegen_Neuanschaffung_guten_Ford,privat,Offer,700,test,kleinwagen,1999,manuell,115,focus,150000,Jan,Gasoline,ford,Other,2016-03-20 00:00:00,4603,2016-03-20 16:55:58,2016,2016,March,March,17,11
2016-04-05 08:55:29,Ford_Fiesta___fuer_Bastler,privat,Offer,240,test,kleinwagen,1997,automatik,70,fiesta,70000,Jan,Gasoline,ford,Other,2016-04-05 00:00:00,87616,2016-04-07 12:17:03,2016,2016,April,April,19,11
2016-03-14 09:52:57,Ford_Fusion_1.4_+,privat,Offer,4050,control,kleinwagen,2004,manuell,80,fusion,90000,Dec,Gasoline,ford,No,2016-03-14 00:00:00,40231,2016-04-07 11:16:50,2016,2016,March,March,12,0
2016-04-01 20:36:23,Ford_Fiesta_5_tuerig_Tuev06/17,privat,Offer,900,test,kleinwagen,2002,manuell,60,fiesta,125000,Jan,Gasoline,ford,Other,2016-04-01 00:00:00,27753,2016-04-01 20:36:23,2016,2016,April,April,14,11
2016-03-12 21:06:23,Ford_Fiesta_TDCI,privat,Offer,1400,control,kleinwagen,2004,manuell,70,fiesta,150000,Nov,Diesel,ford,No,2016-03-12 00:00:00,56477,2016-04-05 11:50:25,2016,2016,March,March,12,1
2016-03-08 14:57:03,Ford_Ka_1.2_Trend,privat,Offer,3995,test,kleinwagen,2009,manuell,69,ka,50000,Oct,Gasoline,ford,No,2016-03-08 00:00:00,85591,2016-03-13 03:44:43,2016,2016,March,March,7,2
2016-03-31 21:50:35,Ford_Fiesta_Bj.2009,privat,Offer,4800,test,kleinwagen,2009,manuell,82,fiesta,125000,Apr,Gasoline,ford,No,2016-03-31 00:00:00,83224,2016-04-06 17:44:25,2016,2016,March,March,7,8
2016-03-16 20:52:58,Ford_Fiesta_1_3,privat,Offer,1700,control,kleinwagen,2002,manuell,60,fiesta,150000,Sep,Gasoline,ford,Other,2016-03-16 00:00:00,41061,2016-03-24 15:47:16,2016,2016,March,March,14,3
2016-03-27 21:56:04,Ford_Fiesta,privat,Offer,800,test,kleinwagen,2001,manuell,60,fiesta,125000,Feb,Gasoline,ford,No,2016-03-27 00:00:00,59065,2016-03-31 04:46:40,2016,2016,March,March,15,10
2016-03-27 14:50:40,Ford_Fiesta,privat,Offer,699,control,kleinwagen,1994,manuell,0,fiesta,90000,Jun,Gasoline,ford,No,2016-03-27 00:00:00,63150,2016-04-03 10:46:08,2016,2016,March,March,22,6
2016-03-11 10:50:47,Ford_ka_weiss,privat,Offer,399,test,kleinwagen,2004,manuell,60,ka,100000,Jan,Gasoline,ford,Yes,2016-03-11 00:00:00,88471,2016-03-12 15:16:26,2016,2016,March,March,12,11
2016-03-26 11:55:31,Ford_Fiesta,privat,Offer,800,control,kleinwagen,2002,manuell,50,fiesta,125000,May,Gasoline,ford,No,2016-03-26 00:00:00,10245,2016-03-31 06:17:59,2016,2016,March,March,14,7
2016-04-03 20:50:18,Ford_Ka_mit_TÜV_bis_06/16,privat,Offer,600,test,kleinwagen,2001,manuell,60,ka,150000,May,Gasoline,ford,No,2016-04-03 00:00:00,16225,2016-04-05 21:46:53,2016,2016,April,April,15,7
2016-03-24 09:51:41,Ford_ka_abzugeben,privat,Offer,850,control,kleinwagen,2002,manuell,60,ka,60000,Sep,Gasoline,ford,No,2016-03-24 00:00:00,19288,2016-03-25 18:16:49,2016,2016,March,March,14,3
2016-03-24 15:54:44,Ford_Fiesta,privat,Offer,1950,test,kleinwagen,2004,manuell,69,fiesta,90000,Feb,Gasoline,ford,Yes,2016-03-24 00:00:00,96215,2016-04-01 12:17:17,2016,2016,March,March,12,10
2016-04-02 00:07:14,Ford_Fiesta,privat,Offer,600,control,kleinwagen,2001,manuell,0,fiesta,150000,Mar,Gasoline,ford,Other,2016-04-02 00:00:00,35576,2016-04-05 15:45:55,2016,2016,April,April,15,9
2016-03-10 16:37:00,Ford_Fiesta,privat,Offer,1300,control,kleinwagen,2000,manuell,60,fiesta,80000,Apr,Gasoline,ford,No,2016-03-10 00:00:00,26826,2016-04-05 18:44:27,2016,2016,March,March,16,8
2016-03-15 08:54:08,Verkaufe_Ford_Fiesta,privat,Offer,0,test,kleinwagen,2001,manuell,50,fiesta,125000,Sep,Gasoline,ford,Other,2016-03-15 00:00:00,8062,2016-03-15 09:47:43,2016,2016,March,March,15,3
2016-04-03 21:56:40,Ford_Fiesta_1_4_146.000_km_mit_TÜV_sehr_gepflegt,privat,Offer,350,test,kleinwagen,1995,manuell,75,fiesta,150000,Jan,Gasoline,ford,No,2016-04-03 00:00:00,70565,2016-04-05 23:44:52,2016,2016,April,April,21,11
2016-03-23 12:53:32,Ford_Fiesta_Style_zu_verkaufen,privat,Offer,350,control,kleinwagen,1998,manuell,55,fiesta,150000,Feb,Gasoline,ford,Other,2016-03-23 00:00:00,18273,2016-04-05 13:45:46,2016,2016,March,March,18,10
2016-03-29 14:39:42,FORD_FIESTA_MIT_NEUEM_TÜV_11.2017_SCHWARZ_Preis:_1.050_,privat,Offer,1050,test,kleinwagen,2001,manuell,60,fiesta,150000,Aug,Gasoline,ford,No,2016-03-29 00:00:00,58239,2016-04-02 01:45:31,2016,2016,March,March,15,4
2016-03-13 22:41:30,Ford_Focus,privat,Offer,700,control,kleinwagen,2003,automatik,0,focus,90000,Dec,Gasoline,ford,Yes,2016-03-13 00:00:00,4416,2016-03-14 23:15:55,2016,2016,March,March,13,0
2016-03-24 20:54:16,Ford_Fiesta_1_3_GFJ_mit_Schiebedach_Euro_2__Kaltlaufregler_,privat,Offer,100,test,kleinwagen,1995,manuell,60,fiesta,150000,Aug,Gasoline,ford,Yes,2016-03-24 00:00:00,97232,2016-04-05 14:46:24,2016,2016,March,March,21,4
2016-03-10 17:37:40,Ford_Fiesta_1.3,privat,Offer,2400,control,kleinwagen,2006,manuell,60,fiesta,150000,Mar,Gasoline,ford,No,2016-03-10 00:00:00,4299,2016-03-15 09:46:54,2016,2016,March,March,10,9
2016-04-03 23:56:44,Ford_Ka,privat,Offer,2499,control,kleinwagen,2008,manuell,69,ka,70000,Mar,Gasoline,ford,No,2016-04-03 00:00:00,76307,2016-04-06 08:16:22,2016,2016,April,April,8,9
2016-03-14 15:57:22,Ford_Fiesta_aus_1997,privat,Offer,150,control,kleinwagen,1997,manuell,60,fiesta,150000,Jun,Gasoline,ford,No,2016-03-14 00:00:00,32257,2016-04-05 19:45:13,2016,2016,March,March,19,6
2016-03-23 14:50:16,Ford_Fiesta,privat,Offer,1850,test,kleinwagen,2001,manuell,60,fiesta,90000,Mar,Gasoline,ford,Other,2016-03-23 00:00:00,49084,2016-04-05 17:21:35,2016,2016,March,March,15,9
2016-03-20 12:48:30,Ford_Ka_mit_El._Faltdach,privat,Offer,800,test,kleinwagen,2001,manuell,69,ka,125000,Jan,Gasoline,ford,Other,2016-03-20 00:00:00,42899,2016-03-20 12:48:30,2016,2016,March,March,15,11
2016-03-21 23:42:31,Ford_Ka,privat,Offer,750,test,kleinwagen,2006,manuell,60,ka,90000,May,Gasoline,ford,No,2016-03-21 00:00:00,75245,2016-03-25 21:45:52,2016,2016,March,March,10,7
2016-03-06 18:42:17,Verkaufe_Ford_Fiesta,privat,Offer,1500,control,kleinwagen,1997,manuell,60,fiesta,90000,Dec,Gasoline,ford,No,2016-03-06 00:00:00,14513,2016-04-06 22:18:11,2016,2016,March,March,19,0
2016-03-07 18:47:33,Ford_Fiesta_Style,privat,Offer,550,control,kleinwagen,1998,manuell,75,fiesta,150000,Mar,Gasoline,ford,No,2016-03-07 00:00:00,74575,2016-04-07 03:46:26,2016,2016,March,March,18,9
2016-03-09 00:37:02,Ford_Fiesta_tuev_neu_8_fach_bereift,privat,Offer,1250,test,kleinwagen,2002,manuell,70,fiesta,150000,Feb,,ford,Other,2016-03-09 00:00:00,53757,2016-04-07 05:15:56,2016,2016,March,March,14,10
2016-04-03 09:01:02,Ford_Fiesta_Mk4_16V,privat,Offer,250,test,kleinwagen,1997,manuell,75,fiesta,20000,Sep,Gasoline,ford,Other,2016-04-03 00:00:00,1796,2016-04-07 09:44:53,2016,2016,April,April,19,3
2016-03-06 17:41:10,Bastlerauto_oder_wiederaufbau,privat,Offer,100,control,kleinwagen,1998,manuell,50,ka,150000,Jan,Gasoline,ford,Other,2016-03-06 00:00:00,8485,2016-04-06 22:15:46,2016,2016,March,March,18,11
2016-03-25 07:36:50,Ford_Fiesta_Tuev_neu,privat,Offer,850,test,kleinwagen,1999,manuell,50,fiesta,150000,Feb,Gasoline,ford,Other,2016-03-25 00:00:00,93158,2016-03-25 09:40:09,2016,2016,March,March,17,10
2016-03-18 20:47:10,Ford_Fiesta_1.4_Ambiente,privat,Offer,1500,test,kleinwagen,2002,manuell,80,fiesta,150000,Nov,Gasoline,ford,No,2016-03-18 00:00:00,56414,2016-04-06 15:46:21,2016,2016,March,March,14,1
2016-03-21 13:47:54,Ford_Ka_Blau_fuer_Bastler_oder_zum_ausschlachten,privat,Offer,300,test,kleinwagen,2002,manuell,60,ka,150000,Nov,Gasoline,ford,No,2016-03-21 00:00:00,33034,2016-04-06 09:45:30,2016,2016,March,March,14,1
2016-03-16 19:47:29,Ford_Fiesta_1.6_TDCI_Connection,privat,Offer,4550,test,kleinwagen,2006,manuell,90,fiesta,125000,Oct,Diesel,ford,No,2016-03-16 00:00:00,58285,2016-03-27 10:15:44,2016,2016,March,March,10,2
2016-03-25 09:56:52,Ford_Fiesta,privat,Offer,1800,test,kleinwagen,2001,manuell,103,fiesta,150000,Dec,Gasoline,ford,No,2016-03-25 00:00:00,14959,2016-04-06 08:46:14,2016,2016,March,March,15,0
2016-03-23 11:41:58,Ford_KA_1.3_Klima_Servo_Airbags_Abs_el.FH_etc..sehr_gepflegt....,privat,Offer,2222,test,kleinwagen,2004,manuell,60,ka,150000,Dec,Gasoline,ford,No,2016-03-23 00:00:00,59494,2016-04-07 12:16:49,2016,2016,March,March,12,0
2016-04-02 15:44:42,Nur_02.___03.04._Silberner_Ford_Ka,privat,Offer,100,control,kleinwagen,1998,manuell,60,ka,90000,Mar,Gasoline,ford,Other,2016-04-02 00:00:00,32257,2016-04-02 15:44:42,2016,2016,April,April,18,9
2016-03-15 16:52:37,Kleines_Auto_fuer_kleines_Geld,privat,Offer,250,control,kleinwagen,1998,manuell,60,ka,100000,Feb,Gasoline,ford,Other,2016-03-15 00:00:00,27798,2016-04-06 12:17:24,2016,2016,March,March,18,10
2016-03-19 04:55:36,Ford_Fiesta_1.2_16V,privat,Offer,1350,test,kleinwagen,2000,manuell,75,fiesta,125000,Jun,Gasoline,ford,No,2016-03-18 00:00:00,75223,2016-03-19 06:49:52,2016,2016,March,March,16,6
2016-03-16 14:49:32,KA/Trend_aus_1Hand_/Scheckheft_gepflegt/Garagenwagen_Top_Zustand/,privat,Offer,3950,test,kleinwagen,2009,manuell,65,ka,100000,Nov,Gasoline,ford,No,2016-03-16 00:00:00,41844,2016-03-19 08:51:56,2016,2016,March,March,7,1
2016-03-14 14:48:42,Ford_Ka,privat,Offer,600,control,kleinwagen,2001,manuell,60,ka,125000,Oct,Gasoline,ford,No,2016-03-14 00:00:00,35232,2016-03-16 04:48:03,2016,2016,March,March,15,2
2016-03-22 01:36:21,Ford_Ka_1.3_Sehr_gepflegt_mit_TÜV_05/2017,privat,Offer,650,test,kleinwagen,1997,manuell,0,ka,150000,Jan,Gasoline,ford,No,2016-03-22 00:00:00,58239,2016-04-01 20:16:00,2016,2016,March,March,19,11
2016-03-13 14:46:09,Ford_Ka__TÜV_neu,privat,Offer,1333,test,kleinwagen,2006,manuell,0,ka,125000,Jan,Gasoline,ford,Other,2016-03-13 00:00:00,38640,2016-04-06 16:16:29,2016,2016,March,March,10,11
2016-04-02 21:50:06,Ford_Ka_._Klima._El._Fensteheber_.Zentralverriegelung.,privat,Offer,277,test,kleinwagen,2002,manuell,0,ka,150000,Sep,Gasoline,ford,No,2016-04-02 00:00:00,36041,2016-04-06 23:44:51,2016,2016,April,April,14,3
2016-03-06 09:45:27,FORD_FIESTA_TREND_EZ:_30.12.2009,privat,Offer,5250,control,kleinwagen,2009,manuell,96,fiesta,60000,Dec,Gasoline,ford,No,2016-03-06 00:00:00,96486,2016-04-06 02:15:20,2016,2016,March,March,7,0
2016-04-01 21:50:15,Ford_KA_TÜV_neu__Klima__ZV__E_Fenster__Alu__CD__div._Teile_neu_,privat,Offer,1750,test,kleinwagen,2000,manuell,60,ka,125000,Dec,Gasoline,ford,No,2016-04-01 00:00:00,23847,2016-04-05 19:46:21,2016,2016,April,April,16,0
2016-03-22 11:58:36,Ford_Fiesta_ST_2.0,privat,Offer,3400,control,kleinwagen,2005,manuell,150,fiesta,150000,Jun,Gasoline,ford,No,2016-03-22 00:00:00,21644,2016-03-23 19:47:43,2016,2016,March,March,11,6
2016-03-24 20:37:00,Ford_8Fach_90000km,privat,Offer,600,test,kleinwagen,2001,manuell,50,fiesta,90000,Mar,Gasoline,ford,No,2016-03-24 00:00:00,72108,2016-04-03 15:47:43,2016,2016,March,March,15,9
2016-03-05 14:18:49,Ford_Fiesta_2001_1.3l_Bastler_Fahrzeug___motor__getriebe_ok,privat,Offer,150,test,kleinwagen,2001,manuell,0,fiesta,150000,Aug,Gasoline,ford,Other,2016-03-03 00:00:00,61231,2016-04-07 03:46:24,2016,2016,March,March,15,4
2016-03-10 18:43:25,Ford_Fiesta_1.4_Ghia_1st,privat,Offer,1950,test,kleinwagen,2003,automatik,80,fiesta,150000,Mar,Gasoline,ford,No,2016-03-10 00:00:00,76229,2016-03-31 06:17:11,2016,2016,March,March,13,9
2016-03-19 10:47:55,Ford_Fiesta_1.25_Trend,privat,Offer,4500,test,kleinwagen,2009,manuell,60,fiesta,125000,Mar,Gasoline,ford,No,2016-03-19 00:00:00,99958,2016-03-21 14:44:30,2016,2016,March,March,7,9
2016-03-05 19:37:21,Ford_Ka_Capri,privat,Offer,1299,test,kleinwagen,2002,manuell,60,ka,60000,Dec,Gasoline,ford,No,2016-03-05 00:00:00,66386,2016-03-11 17:47:23,2016,2016,March,March,14,0
2016-04-01 21:25:29,Ford_Ka,privat,Offer,1500,control,kleinwagen,2004,manuell,60,ka,60000,Sep,Gasoline,ford,No,2016-04-01 00:00:00,35096,2016-04-05 14:15:49,2016,2016,April,April,12,3
2016-03-27 15:44:18,Ford_Ka_Color,privat,Offer,500,control,kleinwagen,1999,manuell,60,ka,125000,Oct,Gasoline,ford,No,2016-03-27 00:00:00,13347,2016-03-29 04:44:58,2016,2016,March,March,17,2
2016-03-07 11:57:51,Ford_Fiesta_1.3,privat,Offer,3500,test,kleinwagen,2004,manuell,69,fiesta,100000,May,Gasoline,ford,No,2016-03-07 00:00:00,67551,2016-03-17 01:16:56,2016,2016,March,March,12,7
2016-03-26 11:06:25,Ford_Fiesta,privat,Offer,999,control,kleinwagen,2000,manuell,60,fiesta,150000,Dec,Gasoline,ford,No,2016-03-26 00:00:00,35684,2016-04-06 06:46:35,2016,2016,March,March,16,0
2016-03-31 09:54:12,Ford_Ka_super_Kleinwagen_Anfaengerauto_ohne_Rost_mit_neuem_TÜV,privat,Offer,1800,control,kleinwagen,1999,manuell,60,ka,90000,Feb,Gasoline,ford,Other,2016-03-31 00:00:00,10117,2016-04-06 02:45:10,2016,2016,March,March,17,10
2016-04-02 17:50:18,Schicker_schoener_Ford_Ka_mit_Klima_Tuev_11/2017,privat,Offer,1300,control,kleinwagen,2000,manuell,60,ka,150000,Sep,Gasoline,ford,No,2016-04-02 00:00:00,39218,2016-04-06 17:17:45,2016,2016,April,April,16,3
2016-03-07 11:50:37,Ford_Fiesta,privat,Offer,600,test,kleinwagen,1996,Unspecified,0,fiesta,150000,Dec,Gasoline,ford,No,2016-03-07 00:00:00,79341,2016-04-07 11:44:46,2016,2016,March,March,20,0
2016-03-18 16:51:45,5_tuerig_mit_Klima_8fach_bereit,privat,Offer,360,test,kleinwagen,1999,manuell,75,fiesta,150000,Aug,Gasoline,ford,No,2016-03-18 00:00:00,4600,2016-03-18 16:51:45,2016,2016,March,March,17,4
2016-03-26 07:37:18,Ford_Fiesta_gfj_schlachten_oder_zum_aufbauen,privat,Offer,150,test,kleinwagen,1995,manuell,60,fiesta,150000,Jul,Gasoline,ford,Yes,2016-03-26 00:00:00,23911,2016-04-05 18:47:00,2016,2016,March,March,21,5
2016-04-03 19:48:28,Ford_Ka,privat,Offer,1000,test,kleinwagen,2003,manuell,69,ka,70000,Sep,Gasoline,ford,No,2016-04-03 00:00:00,99099,2016-04-03 19:48:28,2016,2016,April,April,13,3
2016-03-19 19:47:13,Ford_Fiesta_mit_TÜV,privat,Offer,200,control,kleinwagen,1999,manuell,75,fiesta,150000,Mar,Gasoline,ford,No,2016-03-19 00:00:00,6917,2016-03-20 22:17:00,2016,2016,March,March,17,9
2016-03-08 03:58:08,Ford_Fiesta_1.3L___TÜV_bis_09/2017__Perfektes_Anfaengerauto,privat,Offer,600,control,kleinwagen,1998,manuell,75,fiesta,80000,Oct,Gasoline,ford,Other,2016-03-08 00:00:00,88090,2016-03-09 05:45:05,2016,2016,March,March,18,2
2016-03-29 23:38:00,Ford_Fiesta_1.3_4/5_Tuerer_16_Monate_Tuev,privat,Offer,2650,control,kleinwagen,2004,manuell,60,fiesta,125000,Apr,Gasoline,ford,No,2016-03-29 00:00:00,58099,2016-04-06 20:16:40,2016,2016,March,March,12,8
2016-04-04 13:47:42,Ford_Ka_Royal,privat,Offer,1480,control,kleinwagen,2001,manuell,60,ka,150000,Feb,Gasoline,ford,No,2016-04-04 00:00:00,10711,2016-04-06 15:16:08,2016,2016,April,April,15,10
2016-03-15 17:51:12,Fort_fiesta,privat,Offer,800,control,kleinwagen,1998,manuell,0,fiesta,150000,Jan,Gasoline,ford,No,2016-03-15 00:00:00,26607,2016-03-16 15:44:22,2016,2016,March,March,18,11
2016-03-12 17:44:32,Ford_Ka,privat,Offer,999,test,kleinwagen,2001,manuell,60,ka,125000,Jul,Gasoline,ford,No,2016-03-12 00:00:00,97720,2016-04-07 08:45:38,2016,2016,March,March,15,5
2016-03-15 08:57:04,!!!Ford_Fiesta_zu_verkaufen!!!,privat,Offer,1600,test,kleinwagen,2007,manuell,75,fiesta,150000,Jul,Gasoline,ford,Yes,2016-03-15 00:00:00,66625,2016-03-16 04:16:50,2016,2016,March,March,9,5
2016-03-07 22:47:59,Ford_Focus_Top_Zustand_Hingucker,privat,Offer,1800,test,kleinwagen,2001,manuell,0,focus,150000,Mar,,ford,Other,2016-03-07 00:00:00,52353,2016-03-08 16:50:39,2016,2016,March,March,15,9
2016-03-19 11:45:04,Ford_Fiesta_1.3_Technisch_Sehr_Gut_Festpreis,privat,Offer,1290,test,kleinwagen,2004,manuell,60,fiesta,150000,Sep,Gasoline,ford,No,2016-03-19 00:00:00,85391,2016-03-22 20:16:38,2016,2016,March,March,12,3
2016-03-14 10:49:59,Ford_Focus_1_4_fuer_Export_oder_zum_Schlachten,privat,Offer,350,control,kleinwagen,1999,manuell,75,focus,150000,Feb,Gasoline,ford,Yes,2016-03-14 00:00:00,58453,2016-03-15 05:16:09,2016,2016,March,March,17,10
2016-03-11 00:36:43,Gepflegter_Stadt_Flitzer_mit_neuem_TÜV_11/17,privat,Offer,710,test,kleinwagen,1998,manuell,63,Other,125000,Dec,Gasoline,ford,No,2016-03-11 00:00:00,30880,2016-04-06 05:45:59,2016,2016,March,March,18,0
2016-04-01 15:25:19,Ford_Fiesta_1.4,privat,Offer,2150,test,kleinwagen,2005,manuell,80,fiesta,150000,Apr,Gasoline,ford,Yes,2016-04-01 00:00:00,35390,2016-04-07 09:15:31,2016,2016,April,April,11,8
2016-03-29 20:38:18,Ford_Fiesta_fuer_Anfaenger,privat,Offer,700,test,kleinwagen,1996,manuell,65,fiesta,60000,Feb,Gasoline,ford,Yes,2016-03-29 00:00:00,14089,2016-04-06 06:45:26,2016,2016,March,March,20,10
2016-04-05 12:36:17,Connect_Diesel_2/3_Tueren,privat,Offer,1500,test,kleinwagen,2003,manuell,75,transit,150000,Jul,Diesel,ford,Other,2016-04-05 00:00:00,45964,2016-04-05 12:36:17,2016,2016,April,April,13,5
2016-03-09 18:55:07,Ford_Focus_DIESEL,privat,Offer,1600,test,kleinwagen,2002,manuell,90,focus,150000,May,Diesel,ford,No,2016-03-09 00:00:00,21109,2016-04-07 14:57:36,2016,2016,March,March,14,7
2016-03-20 00:57:03,Ford_Fiesta_Style_Sport,privat,Offer,599,control,kleinwagen,1999,manuell,75,fiesta,150000,Jan,Gasoline,ford,No,2016-03-19 00:00:00,44328,2016-03-26 15:17:09,2016,2016,March,March,17,11
2016-03-16 16:45:09,Ford_Ka_1.2_Trend,privat,Offer,3100,control,kleinwagen,2009,manuell,69,ka,100000,May,Gasoline,ford,Yes,2016-03-16 00:00:00,72144,2016-04-06 20:19:27,2016,2016,March,March,7,7
2016-03-29 00:38:50,Hier_meine_Ford_Mondeo_Diesel_2.0,privat,Offer,2200,test,kleinwagen,2002,manuell,0,mondeo,150000,Jan,Diesel,ford,No,2016-03-28 00:00:00,78467,2016-04-05 14:16:38,2016,2016,March,March,14,11
2016-03-10 14:51:58,Fiesta_1_6_TDI_+4_Sommerreifen__neu__auf_Stahlfelgen,privat,Offer,1000,test,kleinwagen,2007,manuell,90,fiesta,150000,Jan,,ford,Yes,2016-03-10 00:00:00,66793,2016-03-30 21:45:43,2016,2016,March,March,9,11
2016-03-13 17:47:56,Ford_Fiesta_1.4_TDCI_Ambiente,privat,Offer,1700,control,kleinwagen,2004,manuell,68,fiesta,150000,Apr,Diesel,ford,No,2016-03-13 00:00:00,31303,2016-03-13 17:47:56,2016,2016,March,March,12,8
2016-03-25 16:47:58,Biete_einen_Fort_Fiesta_TÜV_3.2016,privat,Offer,250,control,kleinwagen,2002,manuell,0,fiesta,150000,Jan,Gasoline,ford,Other,2016-03-25 00:00:00,59494,2016-04-06 21:16:48,2016,2016,March,March,14,11
2016-03-19 14:59:11,Ford_Fieast,privat,Offer,200,test,kleinwagen,1990,automatik,0,fiesta,20000,Jan,,ford,Other,2016-03-19 00:00:00,26817,2016-03-30 08:45:01,2016,2016,March,March,26,11
2016-03-07 03:53:26,Ford_Fiesta_1.25,privat,Offer,1250,test,kleinwagen,2002,manuell,75,fiesta,150000,Jan,Gasoline,ford,No,2016-03-07 00:00:00,50765,2016-04-01 19:21:13,2016,2016,March,March,14,11
2016-03-22 15:55:59,Ford_Fiesta,privat,Offer,400,control,kleinwagen,1999,manuell,50,fiesta,150000,Dec,Gasoline,ford,No,2016-03-22 00:00:00,46562,2016-04-06 06:44:21,2016,2016,March,March,17,0
2016-03-10 13:45:37,Ford_Fiesta,privat,Offer,1000,test,kleinwagen,1999,manuell,0,fiesta,125000,Jun,Gasoline,ford,Other,2016-03-10 00:00:00,58089,2016-03-10 13:45:37,2016,2016,March,March,17,6
2016-03-08 09:50:07,Ford_Ka_1.3_Lueckenlos_Scheckheft_gepflegt_2._Hand,privat,Offer,420,control,kleinwagen,1996,manuell,60,ka,150000,Dec,Gasoline,ford,No,2016-03-08 00:00:00,51067,2016-03-08 09:50:07,2016,2016,March,March,20,0
2016-03-18 17:41:25,Ford_Focus_1.8__Tuev_03.2018__Anhaengerkupplung__Schiebedach,privat,Offer,1250,test,kleinwagen,1999,manuell,116,focus,150000,Jun,Gasoline,ford,Other,2016-03-18 00:00:00,59063,2016-03-20 05:45:06,2016,2016,March,March,17,6
2016-03-13 20:41:58,Ford_Fiesta_JBS_an_Bastler,privat,Offer,150,control,kleinwagen,1996,manuell,0,fiesta,150000,Jan,Gasoline,ford,Other,2016-03-13 00:00:00,39110,2016-03-30 05:18:30,2016,2016,March,March,20,11
2016-03-24 18:56:12,FORD_FIESTA,privat,Offer,2999,test,kleinwagen,2006,manuell,69,fiesta,90000,May,Gasoline,ford,Yes,2016-03-24 00:00:00,49082,2016-03-29 04:47:05,2016,2016,March,March,10,7
2016-03-20 10:38:37,Ford_Fiesta_1.25,privat,Offer,5500,control,kleinwagen,2009,manuell,60,fiesta,40000,Aug,Gasoline,ford,No,2016-03-20 00:00:00,50389,2016-04-02 08:47:06,2016,2016,March,March,7,4
2016-04-06 19:36:20,TÜV10/17_*_TOP_Ausstattung__*_optische_Maengel,privat,Offer,799,test,kleinwagen,2000,manuell,60,Other,150000,Dec,Gasoline,ford,Other,2016-04-06 00:00:00,51107,2016-04-06 19:36:20,2016,2016,April,April,16,0
2016-03-21 11:56:33,SCHNÄPPCHEN:_Ford_Ka_mit_noch_2_Monaten_TÜV,privat,Offer,200,control,kleinwagen,1999,manuell,60,ka,150000,Sep,Gasoline,ford,No,2016-03-21 00:00:00,17493,2016-03-28 07:16:31,2016,2016,March,March,17,3
2016-04-04 11:52:15,Gepflegter_Ford_Ka_ohne_Rost__HU/AU_neu,privat,Offer,1600,control,kleinwagen,2000,manuell,60,ka,20000,Apr,Gasoline,ford,No,2016-04-04 00:00:00,78166,2016-04-06 12:47:05,2016,2016,April,April,16,8
2016-03-31 09:57:26,Ford_Fiesta,privat,Offer,785,control,kleinwagen,2001,manuell,60,fiesta,150000,Sep,Gasoline,ford,No,2016-03-31 00:00:00,80807,2016-04-06 03:44:33,2016,2016,March,March,15,3
2016-03-11 07:53:55,Ford_Fiesta_2004_45.000Km,privat,Offer,3200,test,kleinwagen,2004,manuell,69,fiesta,50000,May,Gasoline,ford,Yes,2016-03-11 00:00:00,79618,2016-04-06 11:16:00,2016,2016,March,March,12,7
2016-03-31 14:54:33,Ford_ka_bj_2005,privat,Offer,450,control,kleinwagen,2005,manuell,60,ka,150000,Aug,Gasoline,ford,Yes,2016-03-31 00:00:00,26871,2016-04-06 08:16:49,2016,2016,March,March,11,4
2016-03-28 18:50:54,Ford_Ka,privat,Offer,1400,control,kleinwagen,2004,manuell,60,ka,100000,Mar,Gasoline,ford,Yes,2016-03-28 00:00:00,35685,2016-04-07 03:15:39,2016,2016,March,March,12,9
2016-03-31 17:37:18,Ford_Fiesta___1.2_Liter__Tip__Top,privat,Offer,1250,control,kleinwagen,1998,Unspecified,65,fiesta,90000,Jul,Gasoline,ford,Other,2016-03-31 00:00:00,64297,2016-04-06 10:45:44,2016,2016,March,March,18,5
2016-04-01 17:51:09,Ford_Ka,privat,Offer,1300,test,kleinwagen,2001,manuell,60,ka,150000,May,Gasoline,ford,No,2016-04-01 00:00:00,48249,2016-04-05 13:17:13,2016,2016,April,April,15,7
2016-04-01 08:53:48,Ford_Focus__nicht_fahrbereit,privat,Offer,300,test,kleinwagen,1999,manuell,0,focus,150000,Feb,Gasoline,ford,Yes,2016-04-01 00:00:00,71126,2016-04-01 09:48:55,2016,2016,April,April,17,10
2016-03-16 18:47:14,Ford_Fiesta_1_25,privat,Offer,2899,control,kleinwagen,2003,manuell,69,fiesta,90000,Sep,Gasoline,ford,No,2016-03-16 00:00:00,72525,2016-04-07 02:44:50,2016,2016,March,March,13,3
2016-04-02 11:45:58,Ford_Fiesta_1.4_TDCI,privat,Offer,2199,test,kleinwagen,2002,manuell,68,fiesta,150000,Aug,Diesel,ford,No,2016-04-02 00:00:00,40789,2016-04-02 11:45:58,2016,2016,April,April,14,4
2016-03-05 14:16:52,Ford_Fiesta_Ghia,privat,Offer,600,test,kleinwagen,1999,manuell,75,fiesta,150000,Mar,Gasoline,ford,Yes,2016-03-04 00:00:00,65549,2016-04-05 11:50:22,2016,2016,March,March,17,9
2016-03-15 21:56:52,Ford_Ka_1_3_Ohne_Rost_Ohne_TUV,privat,Offer,219,control,kleinwagen,2000,manuell,0,ka,150000,Jun,Gasoline,ford,Other,2016-03-15 00:00:00,44309,2016-04-05 03:44:30,2016,2016,March,March,16,6
2016-03-05 20:52:07,Verkaufe_schoenen_Ford_Fiesta_69_PS_75.000_km,privat,Offer,2650,control,kleinwagen,2004,manuell,69,fiesta,80000,Oct,Gasoline,ford,No,2016-03-05 00:00:00,70439,2016-03-06 04:17:21,2016,2016,March,March,12,2
2016-03-25 15:59:06,FORD_FIESTA_Heute_nur_****300****_FESTPREIS,privat,Offer,300,test,kleinwagen,1998,manuell,0,fiesta,150000,Jan,,ford,No,2016-03-25 00:00:00,52525,2016-03-25 16:42:40,2016,2016,March,March,18,11
2016-04-03 14:57:02,Ford_Fiesta_zu_verkaufen!,privat,Offer,99,test,kleinwagen,1995,Unspecified,0,fiesta,150000,Jan,Gasoline,ford,Other,2016-04-03 00:00:00,38350,2016-04-05 14:45:00,2016,2016,April,April,21,11
2016-03-30 18:53:25,Ford_Fiesta_1.4_TDCI_Trend,privat,Offer,1900,test,kleinwagen,2003,manuell,68,fiesta,150000,Jun,Diesel,ford,No,2016-03-30 00:00:00,38462,2016-04-07 10:17:10,2016,2016,March,March,13,6
2016-03-16 18:57:25,Ford_Fiesta_1.6,privat,Offer,999,control,kleinwagen,2002,manuell,0,fiesta,150000,Aug,Gasoline,ford,No,2016-03-16 00:00:00,58840,2016-04-07 04:44:41,2016,2016,March,March,14,4
2016-03-16 00:56:31,Ford_Fiesta_1.3_Futura_KLIMA_/_TOP_ZUSTAND!!!,privat,Offer,2990,test,kleinwagen,2005,manuell,60,fiesta,100000,Jun,Gasoline,ford,No,2016-03-16 00:00:00,50676,2016-03-17 07:15:17,2016,2016,March,March,11,6
2016-03-15 16:50:00,Ford_fiesta_1_erste_Hand,privat,Offer,900,control,kleinwagen,2001,manuell,75,fiesta,150000,Jun,Gasoline,ford,No,2016-03-15 00:00:00,45470,2016-03-19 11:16:45,2016,2016,March,March,15,6
2016-03-19 09:37:51,Ford_Focus_DBW_grau,privat,Offer,0,test,kleinwagen,2002,manuell,0,Other,125000,Oct,Diesel,ford,Other,2016-03-19 00:00:00,41836,2016-03-24 00:46:37,2016,2016,March,March,14,2
2016-03-27 21:57:33,Ford_Fiesta_1.25_Trend,privat,Offer,3250,test,kleinwagen,2009,manuell,60,fiesta,90000,Apr,Gasoline,ford,No,2016-03-27 00:00:00,80798,2016-03-29 12:15:22,2016,2016,March,March,7,8
2016-03-28 17:27:58,Ford_Fiesta_1.6_TDCI__Sport__Viele_Neuteile,privat,Offer,3550,test,kleinwagen,2006,manuell,90,fiesta,150000,Nov,Diesel,ford,No,2016-03-28 00:00:00,57583,2016-04-06 05:17:21,2016,2016,March,March,10,1
2016-03-25 21:39:53,Ford_Ka,privat,Offer,650,test,kleinwagen,2004,manuell,0,ka,150000,Feb,Gasoline,ford,No,2016-03-25 00:00:00,40227,2016-04-07 03:46:53,2016,2016,March,March,12,10
2016-04-04 20:46:15,Ford_ka_1.3_zu_verkaufen,privat,Offer,700,control,kleinwagen,1998,manuell,60,ka,125000,Sep,Gasoline,ford,No,2016-04-04 00:00:00,72622,2016-04-04 20:46:15,2016,2016,April,April,18,3
2016-03-09 18:55:42,Ford_Fiesta_/_4_tuerer_/_TÜV,privat,Offer,599,test,kleinwagen,1998,manuell,75,fiesta,100000,Aug,Gasoline,ford,No,2016-03-09 00:00:00,34414,2016-03-15 06:17:19,2016,2016,March,March,18,4
2016-03-14 19:55:58,Ford_Fiesta,privat,Offer,999,control,kleinwagen,1997,manuell,75,fiesta,90000,Sep,Gasoline,ford,No,2016-03-14 00:00:00,35630,2016-03-15 17:20:51,2016,2016,March,March,19,3
2016-03-11 15:55:36,Ford_Fiesta__Sitzheizung__Sonnendach__TÜV_01/17__Steuerkette,privat,Offer,699,test,kleinwagen,1999,manuell,0,fiesta,125000,Jul,Gasoline,ford,No,2016-03-11 00:00:00,6682,2016-03-12 20:17:30,2016,2016,March,March,17,5
2016-04-04 22:54:46,Fiesta_IV_TÜV_bis_11/2017,privat,Offer,650,test,kleinwagen,1996,manuell,75,fiesta,150000,Oct,Gasoline,ford,No,2016-04-04 00:00:00,44225,2016-04-04 23:46:01,2016,2016,April,April,20,2
2016-03-16 15:54:50,Ford_Fiesta_1.25_Ghia,privat,Offer,2900,test,kleinwagen,2009,manuell,82,fiesta,150000,May,Gasoline,ford,Yes,2016-03-16 00:00:00,66280,2016-03-17 14:44:51,2016,2016,March,March,7,7
2016-03-30 16:45:09,Ford_Focus,privat,Offer,0,test,kleinwagen,1999,manuell,100,focus,150000,Jun,Gasoline,ford,Other,2016-03-30 00:00:00,83376,2016-03-30 16:45:09,2016,2016,March,March,17,6
2016-03-19 16:46:09,Ford_Fiesta_1.4_TDCI__Top_zustand,privat,Offer,2200,test,kleinwagen,2005,manuell,68,fiesta,150000,Oct,Diesel,ford,No,2016-03-19 00:00:00,44357,2016-04-04 23:18:45,2016,2016,March,March,11,2
2016-04-04 11:40:27,Gepflegter_Ford_Fiesta_Bj.2003,privat,Offer,1660,control,kleinwagen,2003,manuell,60,Other,150000,May,Gasoline,ford,Other,2016-04-04 00:00:00,44651,2016-04-04 11:40:27,2016,2016,April,April,13,7
2016-03-06 12:41:45,Ford_Fiesta_Tuev_4/2017,privat,Offer,450,test,kleinwagen,1998,manuell,50,fiesta,150000,Mar,Gasoline,ford,No,2016-03-06 00:00:00,89584,2016-03-06 12:41:45,2016,2016,March,March,18,9
2016-04-01 16:43:28,Verkaufe_oder_Tausche_Ford_Foesta,privat,Offer,0,control,kleinwagen,1998,manuell,0,andere,150000,Apr,,ford,No,2016-04-01 00:00:00,39615,2016-04-05 11:45:14,2016,2016,April,April,18,8
2016-03-10 19:48:15,Auto_fuer_Basteler,privat,Offer,550,control,kleinwagen,2003,manuell,115,focus,150000,Jan,Diesel,ford,Yes,2016-03-10 00:00:00,37688,2016-04-06 03:46:01,2016,2016,March,March,13,11
2016-03-29 22:56:00,Ford_ka_Baujahr_2002,privat,Offer,1200,test,kleinwagen,2002,manuell,60,ka,90000,Jan,Gasoline,ford,Other,2016-03-29 00:00:00,51465,2016-04-06 13:16:57,2016,2016,March,March,14,11
2016-03-20 09:58:25,Ford_Ka_Bastlerfahrzeug,privat,Offer,400,control,kleinwagen,2001,manuell,60,ka,150000,Mar,Gasoline,ford,Other,2016-03-20 00:00:00,53947,2016-04-06 06:17:50,2016,2016,March,March,15,9
2016-03-27 16:49:18,Ford_Fiesta_Sport_Sondermodell,privat,Offer,1400,test,kleinwagen,2000,manuell,103,fiesta,150000,Mar,Gasoline,ford,No,2016-03-27 00:00:00,26180,2016-03-29 06:16:59,2016,2016,March,March,16,9
2016-04-03 21:49:46,Ford_Fiesta_1.3_Klima_TÜV_8_Fach_Scheckheft,privat,Offer,1450,test,kleinwagen,2004,manuell,69,fiesta,150000,May,Gasoline,ford,No,2016-04-03 00:00:00,79639,2016-04-05 22:47:45,2016,2016,April,April,12,7
2016-03-15 20:56:02,Ford_Fiesta_1.25_Ambiente_Klimaanlage_Gepflegt_,privat,Offer,4599,test,kleinwagen,2009,manuell,60,fiesta,80000,Oct,Gasoline,ford,No,2016-03-15 00:00:00,52457,2016-03-20 19:45:12,2016,2016,March,March,7,2
2016-04-04 10:57:35,Ford_Fiesta_1.4_TDCI,privat,Offer,1600,control,kleinwagen,2003,manuell,68,fiesta,150000,Jan,Diesel,ford,No,2016-04-04 00:00:00,52351,2016-04-06 12:45:43,2016,2016,April,April,13,11
2016-03-28 20:54:12,Ford_Fiesta_TÜV_Dez._2017_Schadstoffarm_D4,privat,Offer,800,control,kleinwagen,1999,manuell,55,fiesta,150000,Feb,Gasoline,ford,No,2016-03-28 00:00:00,17094,2016-04-07 03:44:45,2016,2016,March,March,17,10
2016-03-27 13:46:42,Ford_Ka_1.2_Trend,privat,Offer,3950,test,kleinwagen,2010,manuell,69,ka,90000,Oct,Gasoline,ford,No,2016-03-27 00:00:00,21079,2016-03-30 18:44:56,2016,2016,March,March,6,2
2016-03-10 21:54:44,Muss_unbedingt_weg,privat,Offer,0,control,kleinwagen,1999,manuell,60,ka,150000,Nov,Gasoline,ford,Yes,2016-03-10 00:00:00,15234,2016-03-10 21:54:44,2016,2016,March,March,17,1
2016-03-29 21:53:55,FORD_KA__>_E.Fenster;_Servo;_Ledersitze,privat,Offer,750,test,kleinwagen,1997,manuell,60,ka,125000,Oct,Gasoline,ford,Other,2016-03-29 00:00:00,22117,2016-04-04 08:45:05,2016,2016,March,March,19,2
2016-03-21 10:36:19,Fiesta_Euro_4_servo_TÜV_6/2016,privat,Offer,699,test,kleinwagen,2002,manuell,0,fiesta,150000,Mar,Gasoline,ford,No,2016-03-21 00:00:00,79115,2016-03-21 11:46:37,2016,2016,March,March,14,9
2016-03-09 16:46:46,Ford_Fiesta_ab_Ende_Maerz_zu_verkaufen,privat,Offer,400,test,kleinwagen,2001,manuell,75,fiesta,125000,Jan,Gasoline,ford,Other,2016-03-09 00:00:00,57368,2016-03-10 12:45:46,2016,2016,March,March,15,11
2016-03-24 11:53:57,Ford_Fiesta_1.3,privat,Offer,80,test,kleinwagen,1993,Unspecified,60,fiesta,150000,Jan,,ford,Other,2016-03-24 00:00:00,85107,2016-04-07 03:45:38,2016,2016,March,March,23,11
2016-03-20 14:50:36,Auto_zu_verkaufe,privat,Offer,100,test,kleinwagen,2005,manuell,0,ka,5000,May,Gasoline,ford,Yes,2016-03-20 00:00:00,18437,2016-03-21 17:48:20,2016,2016,March,March,11,7
2016-03-24 15:50:11,Ford_Fiesta_1.3_TÜV_bis_09.2017,privat,Offer,750,test,kleinwagen,1996,manuell,50,fiesta,100000,Aug,Gasoline,ford,No,2016-03-24 00:00:00,47179,2016-03-29 01:16:16,2016,2016,March,March,20,4
2016-03-11 11:38:50,Ford_Fiesta_1.4_Ambiente__Zahnriemen_Kupplung_Neu,privat,Offer,2299,control,kleinwagen,2003,manuell,80,fiesta,125000,Apr,Gasoline,ford,No,2016-03-11 00:00:00,58095,2016-03-12 00:17:37,2016,2016,March,March,13,8
2016-03-21 16:55:45,Ford_Ka_Royal,privat,Offer,900,control,kleinwagen,2004,manuell,60,ka,150000,Nov,Gasoline,ford,No,2016-03-21 00:00:00,97082,2016-03-22 21:49:01,2016,2016,March,March,12,1
2016-03-08 15:56:25,Ford_Ka_ohne_Tuev,privat,Offer,230,test,kleinwagen,1998,manuell,60,ka,5000,Jun,Gasoline,ford,Yes,2016-03-08 00:00:00,18334,2016-03-15 19:47:24,2016,2016,March,March,18,6
2016-03-31 11:49:28,"Ford_Fiesta_""Tuev_Neu""_Servo",privat,Offer,780,control,kleinwagen,1996,manuell,50,fiesta,150000,Nov,Gasoline,ford,No,2016-03-31 00:00:00,58452,2016-03-31 11:49:28,2016,2016,March,March,20,1
2016-03-16 18:55:43,Ford_Ka,privat,Offer,1100,control,kleinwagen,2002,manuell,60,ka,90000,Nov,Gasoline,ford,No,2016-03-16 00:00:00,42929,2016-03-24 12:44:43,2016,2016,March,March,14,1
2016-03-11 12:38:13,Ford_Fiesta_Ghia,privat,Offer,999,test,kleinwagen,1999,manuell,75,fiesta,150000,Sep,Gasoline,ford,No,2016-03-11 00:00:00,71364,2016-04-07 05:44:29,2016,2016,March,March,17,3
2016-03-16 11:43:48,Ford_Fiesta_BJ.2005__USB_AUX_Klima_,privat,Offer,1300,test,kleinwagen,2005,manuell,80,fiesta,150000,Apr,Gasoline,ford,Yes,2016-03-16 00:00:00,57489,2016-03-26 16:15:57,2016,2016,March,March,11,8
2016-04-04 19:41:32,Ford_Ford_Fusion_Diesel_Unfallauto,privat,Offer,1600,test,kleinwagen,2007,Unspecified,0,fusion,150000,Dec,Diesel,ford,Yes,2016-04-04 00:00:00,55597,2016-04-04 19:41:32,2016,2016,April,April,9,0
2016-03-12 17:59:21,Ford_Fiesta_1_25l__75_PS_TÜV_bis_01.2018,privat,Offer,1200,test,kleinwagen,1996,manuell,75,fiesta,125000,Dec,Gasoline,ford,No,2016-03-12 00:00:00,71131,2016-03-17 21:44:42,2016,2016,March,March,20,0
2016-03-05 16:52:13,Ford_Fiesta_V_2004,privat,Offer,1670,control,kleinwagen,2004,manuell,68,fiesta,150000,Apr,Diesel,ford,Other,2016-03-05 00:00:00,49082,2016-03-06 04:15:37,2016,2016,March,March,12,8
2016-03-31 12:51:02,Ford_Ka_//_Kleinwagen_//_Zuverlaessig_//_mit_rest_TÜV,privat,Offer,500,test,kleinwagen,1999,manuell,60,ka,125000,Aug,Gasoline,ford,Other,2016-03-31 00:00:00,90449,2016-04-06 05:17:56,2016,2016,March,March,17,4
2016-03-30 19:57:49,Ford_Fiesta_1.6_Trend,privat,Offer,2450,test,kleinwagen,2004,manuell,101,fiesta,150000,Apr,Gasoline,ford,No,2016-03-30 00:00:00,4442,2016-04-07 11:45:59,2016,2016,March,March,12,8
2016-03-27 19:38:13,Ford_Ka,privat,Offer,1250,control,kleinwagen,2005,manuell,60,ka,100000,Jun,Gasoline,ford,No,2016-03-27 00:00:00,61203,2016-03-27 19:38:13,2016,2016,March,March,11,6
2016-04-02 20:37:18,Ford_Fiesta,privat,Offer,1400,test,kleinwagen,2002,manuell,50,fiesta,125000,May,Gasoline,ford,No,2016-04-02 00:00:00,25479,2016-04-06 20:47:14,2016,2016,April,April,14,7
2016-03-20 12:47:25,Ford_Fiesta,privat,Offer,300,test,kleinwagen,2001,manuell,45,fiesta,150000,Mar,,ford,Yes,2016-03-20 00:00:00,45881,2016-03-22 19:46:24,2016,2016,March,March,15,9
2016-03-23 12:51:43,Ford_Fiesta_1.3_HU_11/17,privat,Offer,999,control,kleinwagen,1998,manuell,50,fiesta,60000,Oct,Gasoline,ford,No,2016-03-23 00:00:00,66111,2016-04-01 17:18:01,2016,2016,March,March,18,2
2016-03-29 06:59:45,Ford_Fiesta_1.4__TÜV_05/17__vieles_Neu_+_Extras,privat,Offer,1950,test,kleinwagen,2004,manuell,80,fiesta,150000,Nov,Gasoline,ford,Yes,2016-03-29 00:00:00,70794,2016-04-05 16:46:56,2016,2016,March,March,12,1
2016-03-14 08:53:51,Ka_1.3__69Ps_Klima_Sommeralu+Winterreifen_Gepfl._Zustand,privat,Offer,2500,test,kleinwagen,2007,manuell,69,ka,70000,Mar,Gasoline,ford,No,2016-03-14 00:00:00,64295,2016-03-24 16:44:29,2016,2016,March,March,9,9
2016-03-08 12:48:54,Ford_Fiesta,privat,Offer,450,test,kleinwagen,2002,manuell,60,fiesta,150000,Jan,Gasoline,ford,Other,2016-03-08 00:00:00,99089,2016-03-10 16:15:31,2016,2016,March,March,14,11
2016-04-03 20:48:21,Ford_Fiesta_1.4_Trend,privat,Offer,5450,test,kleinwagen,2009,manuell,97,fiesta,100000,Jun,Gasoline,ford,No,2016-04-03 00:00:00,50374,2016-04-05 21:46:44,2016,2016,April,April,7,6
2016-03-27 22:37:40,Ford_Ka,privat,Offer,950,test,kleinwagen,2000,manuell,60,ka,80000,May,Gasoline,ford,No,2016-03-27 00:00:00,54552,2016-03-31 07:16:11,2016,2016,March,March,16,7
2016-04-04 20:38:13,Ford_Ka,privat,Offer,1400,control,kleinwagen,2006,manuell,60,ka,100000,Apr,Gasoline,ford,No,2016-04-04 00:00:00,73527,2016-04-06 22:46:21,2016,2016,April,April,10,8
2016-03-22 12:58:48,Ford_Fiesta_1.3_Style,privat,Offer,3400,control,kleinwagen,2008,manuell,60,fiesta,80000,Apr,Gasoline,ford,No,2016-03-22 00:00:00,42553,2016-04-06 02:16:32,2016,2016,March,March,8,8
2016-03-16 14:36:22,Ford_Fiesta_Trend,privat,Offer,1300,test,kleinwagen,1996,manuell,60,fiesta,150000,May,Gasoline,ford,No,2016-03-16 00:00:00,67657,2016-03-17 13:44:18,2016,2016,March,March,20,7
2016-03-16 18:54:06,Super_spritziger_Ford_Fiesta_1.4_80_PS_zu_verkaufen,privat,Offer,3500,control,kleinwagen,2006,manuell,80,fiesta,150000,Dec,Gasoline,ford,Other,2016-03-16 00:00:00,56276,2016-03-27 13:47:18,2016,2016,March,March,10,0
2016-03-29 12:49:20,Ford_Fiesta_1.6_TDCi,privat,Offer,3990,test,kleinwagen,2009,manuell,90,fiesta,150000,Apr,Diesel,ford,No,2016-03-29 00:00:00,36041,2016-03-31 05:17:12,2016,2016,March,March,7,8
2016-03-30 21:44:20,Ford_Fiesta_1.3,privat,Offer,2700,test,kleinwagen,2006,manuell,69,fiesta,150000,Jun,Gasoline,ford,No,2016-03-30 00:00:00,83126,2016-04-05 11:46:27,2016,2016,March,March,10,6
2016-04-01 14:38:14,Fiesta_Klima_TÜV_neu,privat,Offer,1150,test,kleinwagen,2002,Unspecified,60,fiesta,150000,Mar,,ford,No,2016-04-01 00:00:00,17109,2016-04-07 11:17:40,2016,2016,April,April,14,9
2016-03-26 20:25:42,Ford_Ka__Anfaenger_Auto,privat,Offer,650,control,kleinwagen,2001,manuell,0,ka,150000,Nov,,ford,Other,2016-03-26 00:00:00,56133,2016-04-06 21:18:59,2016,2016,March,March,15,1
2016-03-07 19:57:26,Ford_Ka_EZ_1/2006_..nur_118.000_km.._angemeldet_1.Hand,privat,Offer,1200,control,kleinwagen,2006,manuell,60,ka,125000,Jan,Gasoline,ford,No,2016-03-07 00:00:00,12107,2016-03-08 07:16:56,2016,2016,March,March,10,11
2016-04-04 21:06:24,Ford_Fiesta,privat,Offer,500,control,kleinwagen,1992,automatik,50,fiesta,70000,Jan,,ford,No,2016-04-04 00:00:00,53567,2016-04-06 23:44:29,2016,2016,April,April,24,11
2016-03-11 18:39:19,Ford_fiesta_1_3_50_PS_Tuev/Asu_2016/05,privat,Offer,160,test,kleinwagen,1997,manuell,50,fiesta,150000,Feb,Gasoline,ford,No,2016-03-11 00:00:00,46562,2016-03-12 08:45:10,2016,2016,March,March,19,10
2016-04-03 19:43:05,Ford_Fiesta_1.3,privat,Offer,2490,test,kleinwagen,2006,manuell,60,fiesta,125000,Oct,Gasoline,ford,No,2016-04-03 00:00:00,8223,2016-04-03 19:43:05,2016,2016,April,April,10,2
2016-03-07 15:54:00,Ford_Fiesta_1.3_Ambiente,privat,Offer,3199,control,kleinwagen,2008,manuell,60,fiesta,80000,Jun,Gasoline,ford,No,2016-03-07 00:00:00,21039,2016-03-08 19:19:17,2016,2016,March,March,8,6
2016-03-30 21:48:56,Ford_ka_schlachtest,privat,Offer,10,test,kleinwagen,2001,Unspecified,0,ka,150000,Jun,Gasoline,ford,Yes,2016-03-30 00:00:00,70736,2016-04-05 12:20:13,2016,2016,March,March,15,6
2016-03-16 23:38:12,Ford_focus_Klima,privat,Offer,1000,test,kleinwagen,2001,manuell,101,focus,150000,Jan,Gasoline,ford,No,2016-03-16 00:00:00,32139,2016-03-22 12:16:58,2016,2016,March,March,15,11
2016-04-03 22:56:44,Ford_Fiesta,privat,Offer,1200,control,kleinwagen,1992,manuell,0,fiesta,150000,Aug,Gasoline,ford,Other,2016-04-03 00:00:00,52457,2016-04-03 22:56:44,2016,2016,April,April,24,4
2016-03-16 01:00:26,Ford_Ka_Viva_TÜV_NEU,privat,Offer,999,test,kleinwagen,2004,manuell,60,ka,150000,Apr,Gasoline,ford,No,2016-03-15 00:00:00,12099,2016-04-06 00:46:53,2016,2016,March,March,12,8
2016-04-01 20:41:13,Guenstiger_Kleinwagen,privat,Offer,555,test,kleinwagen,1999,manuell,50,fiesta,150000,Dec,,ford,No,2016-04-01 00:00:00,34431,2016-04-05 17:27:03,2016,2016,April,April,17,0
2016-03-12 10:38:41,Ford_Ka_Anfaenger_Auto_Kleinwagen_silber_2003_Sommer_+Winterreifen,privat,Offer,500,control,kleinwagen,2003,manuell,0,ka,5000,Nov,Gasoline,ford,No,2016-03-12 00:00:00,33330,2016-03-13 01:17:06,2016,2016,March,March,13,1
2016-03-21 23:41:48,FORD_FIESTA_1.HAND__TÜV_NEU__KLIMA___8FACH_BEREIFT___FOTOS_FOLGEN,privat,Offer,1990,test,kleinwagen,2004,manuell,60,fiesta,150000,Oct,Gasoline,ford,No,2016-03-21 00:00:00,34123,2016-04-07 04:17:35,2016,2016,March,March,12,2
2016-03-08 09:49:33,Ford_Fiesta_JD3_Klima_El._Fenster_TÜV_neu_8_Fach_bereift,privat,Offer,1500,control,kleinwagen,2003,manuell,69,fiesta,150000,Aug,Gasoline,ford,No,2016-03-08 00:00:00,92526,2016-04-07 01:17:50,2016,2016,March,March,13,4
2016-03-26 10:50:05,Ford_Fiesta_1.4_TDCI_Ambiente,privat,Offer,1700,test,kleinwagen,2006,manuell,68,fiesta,150000,Jul,Diesel,ford,Yes,2016-03-26 00:00:00,41812,2016-03-26 10:50:05,2016,2016,March,March,10,5
2016-03-06 12:43:04,Ford_focus_99,privat,Offer,600,test,kleinwagen,1999,manuell,101,focus,150000,Apr,Gasoline,ford,Other,2016-03-06 00:00:00,52477,2016-03-09 06:16:08,2016,2016,March,March,17,8
2016-03-07 13:53:31,Ford_Fiesta_1.3,privat,Offer,666,control,kleinwagen,2003,manuell,60,fiesta,125000,Jul,Gasoline,ford,Yes,2016-03-07 00:00:00,79276,2016-03-24 03:47:18,2016,2016,March,March,13,5
2016-03-16 14:50:36,Ford_Ka_1.3_TDCi_Titanium_Kloma_El.Spigel/Fenster,privat,Offer,4689,test,kleinwagen,2010,manuell,75,ka,100000,Jun,Diesel,ford,No,2016-03-16 00:00:00,44894,2016-03-20 13:46:18,2016,2016,March,March,6,6
2016-03-27 16:39:16,FORD_KA_+_Klima_+_TÜV_bis_November,privat,Offer,999,test,kleinwagen,2001,manuell,0,ka,125000,Jan,Gasoline,ford,Other,2016-03-27 00:00:00,27753,2016-03-27 16:39:16,2016,2016,March,March,15,11
2016-04-03 11:36:21,Ford_KA_Anfaengerauto,privat,Offer,1199,control,kleinwagen,2002,manuell,60,ka,125000,Jan,Gasoline,ford,No,2016-04-03 00:00:00,92637,2016-04-07 12:44:39,2016,2016,April,April,14,11
2016-03-10 12:38:14,Ford_Fiesta_1_3,privat,Offer,800,test,kleinwagen,1996,manuell,0,fiesta,125000,Dec,Gasoline,ford,Yes,2016-03-10 00:00:00,6130,2016-04-07 04:46:12,2016,2016,March,March,20,0
2016-04-03 17:49:53,Ford_Ka_Klima_CD,privat,Offer,800,test,kleinwagen,2005,manuell,69,ka,150000,May,Gasoline,ford,No,2016-04-03 00:00:00,7646,2016-04-05 18:17:23,2016,2016,April,April,11,7
2016-03-14 21:45:07,Ford_Fiesta_1.3,privat,Offer,2500,test,kleinwagen,2006,manuell,69,fiesta,125000,Nov,Gasoline,ford,No,2016-03-14 00:00:00,97653,2016-04-06 12:45:38,2016,2016,March,March,10,1
2016-03-09 13:58:47,Verkaufe_Ford_Ka_Kool,privat,Offer,1100,control,kleinwagen,1998,manuell,60,ka,150000,Dec,Gasoline,ford,No,2016-03-09 00:00:00,47475,2016-04-04 03:46:37,2016,2016,March,March,18,0
2016-03-09 12:50:33,Ford_Fiesta_1.4_mit_ATM__3000km_,privat,Offer,2600,control,kleinwagen,2003,automatik,80,fiesta,100000,Sep,Gasoline,ford,No,2016-03-09 00:00:00,32425,2016-03-18 05:16:15,2016,2016,March,March,13,3
2016-03-21 19:44:53,Ford_Fiesta_1_3,privat,Offer,250,test,kleinwagen,1999,manuell,60,fiesta,150000,Aug,Gasoline,ford,Other,2016-03-21 00:00:00,95369,2016-03-21 19:44:53,2016,2016,March,March,17,4
2016-03-25 22:37:22,Ford_KA_106_TKm_Euro_3,privat,Offer,390,control,kleinwagen,2001,manuell,58,ka,20000,Mar,Gasoline,ford,Other,2016-03-25 00:00:00,8412,2016-04-03 15:15:24,2016,2016,March,March,15,9
2016-03-19 18:45:59,Ford_Ford_Fiesta_1_4_tdci,privat,Offer,1550,test,kleinwagen,2004,manuell,68,fiesta,150000,Dec,Diesel,ford,No,2016-03-19 00:00:00,25566,2016-03-19 18:45:59,2016,2016,March,March,12,0
2016-03-27 20:51:33,Ford_KA_D2_CallYa,privat,Offer,1300,control,kleinwagen,1999,manuell,65,ka,60000,Mar,Gasoline,ford,Yes,2016-03-27 00:00:00,45894,2016-04-05 20:17:38,2016,2016,March,March,17,9
2016-03-31 21:36:21,Ford_Fiesta_sehr_zuverlaessig!_Tuev_1/17,privat,Offer,599,test,kleinwagen,1999,manuell,50,Other,150000,Jun,Gasoline,ford,No,2016-03-31 00:00:00,37520,2016-04-06 16:45:24,2016,2016,March,March,17,6
2016-03-14 05:36:21,Ford_Fiesta_Ghia_1.3_75_Ps,privat,Offer,280,test,kleinwagen,1998,manuell,75,fiesta,150000,Oct,,ford,No,2016-03-14 00:00:00,17268,2016-03-17 20:16:41,2016,2016,March,March,18,2
2016-03-19 18:51:55,Ford_Fusion_DEFEKT,privat,Offer,1500,test,kleinwagen,2003,automatik,80,fusion,100000,Aug,Gasoline,ford,No,2016-03-19 00:00:00,46236,2016-03-19 18:51:55,2016,2016,March,March,13,4
2016-03-17 22:53:52,Ford_Fiesta_1.3_Fun,privat,Offer,1900,test,kleinwagen,2005,manuell,69,fiesta,150000,Sep,Gasoline,ford,No,2016-03-17 00:00:00,44339,2016-04-05 20:19:02,2016,2016,March,March,11,3
2016-04-02 08:56:58,Ford_Ka_1.2_Titanium__Scuba_blau____Super_Zustand!,privat,Offer,5450,control,kleinwagen,2009,manuell,69,ka,50000,Apr,Gasoline,ford,No,2016-04-02 00:00:00,87719,2016-04-06 06:44:43,2016,2016,April,April,7,8
2016-03-16 20:40:12,Ford_Fiesta_1.3,privat,Offer,1999,control,kleinwagen,2005,manuell,60,fiesta,125000,Jul,Gasoline,ford,No,2016-03-16 00:00:00,57439,2016-03-19 19:19:29,2016,2016,March,March,11,5
2016-03-20 13:59:27,Ford_Fiesta_2000__Teillager__viele_Teile_vorhanden.,privat,Offer,1,test,kleinwagen,2000,manuell,0,fiesta,5000,Jan,Gasoline,ford,Other,2016-03-20 00:00:00,56865,2016-04-06 15:45:52,2016,2016,March,March,16,11
2016-04-05 10:49:36,Ford_Fiesta__Unfallfrei__Sitzheizung__Frontscheibenheizung,privat,Offer,5500,control,kleinwagen,2009,manuell,80,fiesta,100000,Feb,Gasoline,ford,No,2016-04-05 00:00:00,99718,2016-04-07 14:32:21,2016,2016,April,April,7,10
2016-03-22 10:52:06,Ford_Fiesta,privat,Offer,100,control,kleinwagen,1999,manuell,0,fiesta,150000,Feb,Gasoline,ford,Other,2016-03-22 00:00:00,93309,2016-03-22 11:42:33,2016,2016,March,March,17,10
2016-03-28 15:59:38,Ford_Fiesta,privat,Offer,500,control,kleinwagen,2000,manuell,60,fiesta,150000,Aug,Gasoline,ford,No,2016-03-28 00:00:00,25856,2016-04-06 20:46:58,2016,2016,March,March,16,4
2016-03-05 16:42:07,Ford_Ka_1.3l_/_1_HAND_/_TÜV_NEU_/_Klima_/_ZV_/Winterreifen,privat,Offer,1199,control,kleinwagen,2005,manuell,60,ka,150000,Mar,Gasoline,ford,No,2016-03-05 00:00:00,23611,2016-03-06 04:44:53,2016,2016,March,March,11,9
2016-03-24 13:42:25,Ford_Fiesta_1.3_!!!_NEUE_TÜV_!!!_45000_!!!,privat,Offer,2550,control,kleinwagen,2003,manuell,69,fiesta,50000,Apr,Gasoline,ford,No,2016-03-24 00:00:00,84503,2016-03-24 13:42:25,2016,2016,March,March,13,8
2016-03-10 17:53:08,Ford_Fiesta_1_4_Benziner_Servo_Klima_TÜV_04/17,privat,Offer,980,control,kleinwagen,2002,manuell,80,fiesta,150000,May,Gasoline,ford,Yes,2016-03-10 00:00:00,44628,2016-03-10 17:53:08,2016,2016,March,March,14,7
2016-03-08 21:37:53,Verkaufe_meinen_Ford_Focus,privat,Offer,1300,control,kleinwagen,2001,manuell,115,focus,150000,Jan,Gasoline,ford,Other,2016-03-08 00:00:00,59229,2016-03-26 19:15:59,2016,2016,March,March,15,11
2016-04-04 14:50:30,schoener_Fiesta__dunkelblau_met.__ohne_Rost,privat,Offer,600,test,kleinwagen,2001,manuell,0,fiesta,150000,Dec,Gasoline,ford,Other,2016-04-04 00:00:00,12307,2016-04-06 16:17:26,2016,2016,April,April,15,0
2016-03-11 22:55:34,ford_ka_8fach_bereift,privat,Offer,600,control,kleinwagen,1999,manuell,60,ka,70000,Dec,Gasoline,ford,No,2016-03-11 00:00:00,64823,2016-03-12 05:42:10,2016,2016,March,March,17,0
2016-03-31 17:47:01,Wird_verkauft_aus_privaten_Gruenden,privat,Offer,1700,control,kleinwagen,2003,automatik,68,fiesta,150000,Jul,Diesel,ford,Other,2016-03-31 00:00:00,93055,2016-03-31 17:47:01,2016,2016,March,March,13,5
2016-03-15 11:56:26,Ford_Ka,privat,Offer,1111,test,kleinwagen,2004,manuell,60,ka,100000,May,Gasoline,ford,No,2016-03-15 00:00:00,25813,2016-03-21 08:17:59,2016,2016,March,March,12,7
2016-03-21 18:48:05,Ford_Fiesta_1.3,privat,Offer,2450,test,kleinwagen,2003,manuell,69,fiesta,125000,Mar,Gasoline,ford,No,2016-03-21 00:00:00,63543,2016-04-01 00:17:28,2016,2016,March,March,13,9
2016-03-07 14:46:05,Fort_Fiesta_Top_Zustand,privat,Offer,1000,control,kleinwagen,1998,manuell,75,fiesta,100000,Nov,Gasoline,ford,No,2016-03-07 00:00:00,71636,2016-03-07 14:46:05,2016,2016,March,March,18,1
2016-03-08 03:37:05,Ford_Fiesta_Baujahr_1996__Unfallschaden__fahrtuechtig__TÜV_06/2017,privat,Offer,200,control,kleinwagen,1996,manuell,50,fiesta,150000,Jan,Gasoline,ford,Yes,2016-03-08 00:00:00,21335,2016-03-10 19:45:31,2016,2016,March,March,20,11
2016-03-08 10:50:38,Ford_Fiesta_mit_TÜV,privat,Offer,200,test,kleinwagen,1993,manuell,50,fiesta,125000,Sep,Gasoline,ford,No,2016-03-08 00:00:00,82140,2016-03-15 03:17:00,2016,2016,March,March,23,3
2016-03-15 19:49:04,Ford_Ka,privat,Offer,899,control,kleinwagen,1999,manuell,60,ka,150000,Sep,Gasoline,ford,No,2016-03-15 00:00:00,58089,2016-03-23 02:17:00,2016,2016,March,March,17,3
2016-03-08 03:58:45,Ford_Escort_Bedingt_Fahrbereit_Tuev_10.17_84_Tkm_1_Hand,privat,Offer,259,control,kleinwagen,1996,manuell,0,escort,90000,Oct,,ford,Yes,2016-03-08 00:00:00,63688,2016-03-15 09:46:25,2016,2016,March,March,20,2
2016-03-30 08:37:19,Ford_Fiesta_1.6_Diesel__Unfallauto__TÜV_2018,privat,Offer,750,control,kleinwagen,2005,manuell,90,fiesta,150000,Mar,Diesel,ford,Other,2016-03-30 00:00:00,30827,2016-03-30 09:46:00,2016,2016,March,March,11,9
2016-03-26 01:00:14,Ford_Ka_1_2_Titanium_zu_verkaufen,privat,Offer,4850,test,kleinwagen,2009,manuell,69,ka,70000,Jul,Gasoline,ford,No,2016-03-25 00:00:00,42653,2016-04-05 18:16:43,2016,2016,March,March,7,5
2016-03-26 18:36:59,Ford_Focus,privat,Offer,0,test,kleinwagen,2002,manuell,100,Other,150000,Jan,Diesel,ford,Other,2016-03-26 00:00:00,41836,2016-03-29 22:18:18,2016,2016,March,March,14,11
2016-03-07 19:53:45,FORD_FIESTA_1.4_Duratec_16V__3_tuerig_80PS_5_Gang_Schaltgetriebe,privat,Offer,2400,control,kleinwagen,2004,manuell,80,fiesta,150000,Jan,Gasoline,ford,No,2016-03-07 00:00:00,90451,2016-03-26 03:48:06,2016,2016,March,March,12,11
2016-03-29 21:38:34,Ford_Fiesta_1.3,privat,Offer,3200,test,kleinwagen,2006,manuell,69,fiesta,80000,Jun,Gasoline,ford,No,2016-03-29 00:00:00,34117,2016-04-04 07:16:37,2016,2016,March,March,10,6
2016-03-17 19:47:38,FordKa_2001_Kupplungsschaden_WTS,privat,Offer,400,control,kleinwagen,2001,manuell,50,ka,150000,May,Gasoline,ford,Yes,2016-03-17 00:00:00,45881,2016-03-17 19:47:38,2016,2016,March,March,15,7
2016-03-12 10:47:44,Ford_Ford_Ka_+_TÜV_NEU_+_KLIMA,privat,Offer,850,control,kleinwagen,2001,manuell,60,ka,125000,Apr,Gasoline,ford,No,2016-03-12 00:00:00,52078,2016-03-14 18:45:20,2016,2016,March,March,15,8
2016-03-10 20:45:44,Ford_KA__1;3__60_PS__TÜV_3_2018__KAT_Euro_4_schwarz_metalic,privat,Offer,950,test,kleinwagen,2002,manuell,60,ka,125000,Sep,Gasoline,ford,No,2016-03-10 00:00:00,26384,2016-03-11 09:15:45,2016,2016,March,March,14,3
2016-03-17 13:53:20,Ford_Fiesta_ghia,privat,Offer,400,control,kleinwagen,1997,manuell,0,fiesta,150000,Oct,Gasoline,ford,Other,2016-03-17 00:00:00,49143,2016-03-20 15:15:31,2016,2016,March,March,19,2
2016-03-25 00:58:20,Ford_mit_Chia_Ausstattung,privat,Offer,300,control,kleinwagen,1996,manuell,75,fiesta,150000,Jun,Gasoline,ford,Other,2016-03-24 00:00:00,6780,2016-03-29 17:47:36,2016,2016,March,March,20,6
2016-03-13 13:48:15,Ford_Ka_Bj_98__Km_128000_ohne_Tuev_an_Hobbybastler_/_Schrauber,privat,Offer,399,test,kleinwagen,1998,manuell,0,ka,150000,Sep,Gasoline,ford,No,2016-03-13 00:00:00,74074,2016-03-20 14:15:40,2016,2016,March,March,18,3
2016-03-19 06:36:55,Ford_Fiesta,privat,Offer,1000,control,kleinwagen,2000,manuell,75,fiesta,125000,Aug,Gasoline,ford,No,2016-03-19 00:00:00,54497,2016-03-28 06:16:03,2016,2016,March,March,16,4
2016-03-06 19:25:22,Ford_Focus_St170,privat,Offer,3800,test,kleinwagen,2002,manuell,173,Other,150000,Jul,,ford,No,2016-03-06 00:00:00,35463,2016-04-07 06:16:05,2016,2016,March,March,14,5
2016-03-21 11:25:19,Ford_Fiesta_1_4_Ghia_80_PS,privat,Offer,2250,control,kleinwagen,2004,manuell,80,fiesta,150000,Oct,Gasoline,ford,No,2016-03-21 00:00:00,35578,2016-03-22 20:10:19,2016,2016,March,March,12,2
2016-03-19 14:37:25,Ford_Fiesta_1_3_Futura_Klima_Alu,privat,Offer,950,test,kleinwagen,2002,manuell,60,fiesta,150000,Feb,Gasoline,ford,No,2016-03-19 00:00:00,51377,2016-03-23 00:17:23,2016,2016,March,March,14,10
2016-03-09 11:56:40,Ford_Fiesta_1.3_/_1.Hand_/_Klima_/_8x_bereift_/_TÜV,privat,Offer,3390,test,kleinwagen,2006,manuell,60,fiesta,80000,May,Gasoline,ford,No,2016-03-09 00:00:00,52457,2016-03-09 12:41:09,2016,2016,March,March,10,7
2016-04-02 17:00:48,Ford_Ka_1.3__TÜV_neu__technisch_top,privat,Offer,1000,control,kleinwagen,2002,manuell,60,ka,150000,Jun,Gasoline,ford,No,2016-04-02 00:00:00,79395,2016-04-06 16:16:15,2016,2016,April,April,14,6
2016-03-10 20:51:21,Ford_Ka_Titanium,privat,Offer,5190,test,kleinwagen,2009,manuell,69,ka,70000,Aug,Gasoline,ford,No,2016-03-10 00:00:00,7549,2016-03-19 10:16:15,2016,2016,March,March,7,4
2016-03-05 14:41:32,Ford_Fiesta,privat,Offer,270,control,kleinwagen,1997,manuell,44,fiesta,150000,Jul,Gasoline,ford,No,2016-03-05 00:00:00,97279,2016-03-06 03:46:12,2016,2016,March,March,19,5
2016-04-03 13:52:25,Ford_Fiesta__1.4_D_Bj._08,privat,Offer,4200,control,kleinwagen,2008,manuell,68,fiesta,150000,Oct,Diesel,ford,No,2016-04-03 00:00:00,97337,2016-04-05 12:46:35,2016,2016,April,April,8,2
2016-03-12 15:57:07,Ford_Fiesta_BJ_2007__1_3__70_PS_Schwarz_Metallic,privat,Offer,2700,control,kleinwagen,2007,manuell,70,fiesta,125000,May,Gasoline,ford,No,2016-03-12 00:00:00,35075,2016-03-13 04:45:23,2016,2016,March,March,9,7
2016-03-27 12:52:53,Ford_Fiesta_1.25_Trend__beheizb._Frontsch.__Klima,privat,Offer,5550,test,kleinwagen,2009,manuell,82,fiesta,100000,May,Gasoline,ford,No,2016-03-27 00:00:00,72805,2016-04-07 08:44:19,2016,2016,March,March,7,7
2016-03-16 16:37:32,Ford_Fiesta_1.4_TDCI,privat,Offer,2000,control,kleinwagen,2004,manuell,68,fiesta,150000,Sep,Diesel,ford,No,2016-03-16 00:00:00,30827,2016-04-02 20:47:37,2016,2016,March,March,12,3
2016-03-31 17:51:50,Ford_Fiesta_1_25_l_Automatik,privat,Offer,850,control,kleinwagen,1998,automatik,0,fiesta,125000,Jun,Gasoline,ford,No,2016-03-31 00:00:00,48301,2016-04-04 10:45:28,2016,2016,March,March,18,6
2016-03-14 21:53:20,Ford_Fiesta_1.3,privat,Offer,1950,test,kleinwagen,2005,manuell,60,fiesta,125000,Jun,Gasoline,ford,No,2016-03-14 00:00:00,66540,2016-03-15 17:47:08,2016,2016,March,March,11,6
2016-04-01 21:56:24,Ford_Fiesta_Florida,privat,Offer,1300,test,kleinwagen,2001,manuell,60,fiesta,60000,May,Gasoline,ford,No,2016-04-01 00:00:00,75179,2016-04-03 19:47:06,2016,2016,April,April,15,7
2016-03-19 14:57:41,Ford_Fiesta_1.6_TDCI_Trend,privat,Offer,2300,test,kleinwagen,2005,manuell,90,fiesta,150000,May,Diesel,ford,No,2016-03-19 00:00:00,6536,2016-04-06 23:46:33,2016,2016,March,March,11,7
2016-03-27 11:49:31,Ford_Fiesta_5_Tuerer,privat,Offer,950,test,kleinwagen,2000,Unspecified,44,Other,150000,Oct,Gasoline,ford,Other,2016-03-27 00:00:00,52499,2016-04-07 07:16:06,2016,2016,March,March,16,2
2016-03-22 08:36:21,Verkaufe_Ford_Fiesta_mit_TÜV_Oder_tausche_TÜV_11.2017,privat,Offer,500,control,kleinwagen,1996,manuell,50,transit,125000,May,Gasoline,ford,No,2016-03-22 00:00:00,27232,2016-03-23 15:18:52,2016,2016,March,March,20,7
2016-03-25 10:51:18,Ford_Ka_fahrbereit_Erstzulassung_09/98,privat,Offer,300,test,kleinwagen,1998,manuell,44,ka,150000,Sep,Gasoline,ford,No,2016-03-25 00:00:00,10315,2016-03-29 23:44:26,2016,2016,March,March,18,3
2016-03-23 17:46:13,Ford_Fiesta,privat,Offer,550,control,kleinwagen,1999,manuell,60,fiesta,150000,Sep,Gasoline,ford,Other,2016-03-23 00:00:00,24598,2016-03-25 01:19:03,2016,2016,March,March,17,3
2016-03-31 12:55:50,Ford_KA__Farbe_Weiss___an_Bastler_zu_verkaufen,privat,Offer,150,test,kleinwagen,2005,manuell,60,ka,125000,Nov,Gasoline,ford,No,2016-03-31 00:00:00,38644,2016-03-31 13:40:11,2016,2016,March,March,11,1
2016-03-14 16:49:56,Ford_Fiesta_1.4_EURO4_Gepflegt_Anfaengerauto_nur_128000_KM_!!,privat,Offer,2500,test,kleinwagen,2004,manuell,80,fiesta,150000,Mar,Gasoline,ford,No,2016-03-14 00:00:00,76135,2016-04-05 21:18:15,2016,2016,March,March,12,9
2016-03-09 20:40:22,Ford_Fiesta_1.4_TDCI_Fun,privat,Offer,3290,test,kleinwagen,2006,manuell,68,fiesta,150000,Mar,Diesel,ford,No,2016-03-09 00:00:00,44532,2016-03-10 17:15:45,2016,2016,March,March,10,9
2016-03-13 23:51:51,ford_fiesta,privat,Offer,450,test,kleinwagen,2000,manuell,60,fiesta,150000,Sep,Gasoline,ford,No,2016-03-13 00:00:00,50126,2016-03-17 18:16:37,2016,2016,March,March,16,3
2016-04-05 08:57:30,Ford_Fiesta__Tuev,privat,Offer,800,test,kleinwagen,1999,manuell,60,fiesta,150000,Oct,Gasoline,ford,No,2016-04-05 00:00:00,97944,2016-04-07 12:17:45,2016,2016,April,April,17,2
2016-04-05 04:51:42,Ford_Fiesta_weiss,privat,Offer,1250,control,kleinwagen,2001,manuell,50,fiesta,150000,Jul,Gasoline,ford,Other,2016-04-05 00:00:00,65929,2016-04-05 12:27:55,2016,2016,April,April,15,5
2016-03-10 17:53:17,Ford_Fiesta_mit_TÜV,privat,Offer,1750,control,kleinwagen,2004,manuell,60,fiesta,150000,Nov,Gasoline,ford,No,2016-03-10 00:00:00,51061,2016-03-17 04:18:04,2016,2016,March,March,12,1
2016-03-20 09:57:30,Ford_Ka,privat,Offer,1299,control,kleinwagen,2002,manuell,60,ka,125000,Jan,Gasoline,ford,No,2016-03-20 00:00:00,92637,2016-04-06 06:17:47,2016,2016,March,March,14,11
2016-03-15 07:56:43,Ford_Fiesta_Ghia_1.3_75_Ps,privat,Offer,260,test,kleinwagen,1998,manuell,0,fiesta,150000,Oct,Gasoline,ford,No,2016-03-15 00:00:00,17268,2016-03-18 01:46:21,2016,2016,March,March,18,2
2016-04-01 15:44:39,Ford_Fiesta_1.3_CD__ANHÄNGERKUPPLUNG,privat,Offer,2100,test,kleinwagen,2005,manuell,0,fiesta,125000,Mar,Gasoline,ford,No,2016-04-01 00:00:00,72805,2016-04-03 11:50:44,2016,2016,April,April,11,9
2016-04-04 18:46:46,Ford_Ka_1.2,privat,Offer,3300,test,kleinwagen,2009,manuell,69,ka,90000,Mar,Gasoline,ford,No,2016-04-04 00:00:00,97450,2016-04-06 20:47:43,2016,2016,April,April,7,9
2016-03-06 16:43:48,Ford_Ka_Titanium_1.2_Benziner_5_Gang_Schaltgetriebe_Blau_Metallic,privat,Offer,4650,test,kleinwagen,2009,manuell,70,ka,125000,May,Gasoline,ford,No,2016-03-06 00:00:00,41334,2016-03-11 23:18:05,2016,2016,March,March,7,7
2016-03-17 13:47:13,Ford_Fusion_1.4_Elegance,privat,Offer,1799,control,kleinwagen,2006,manuell,80,fusion,60000,Oct,Gasoline,ford,Yes,2016-03-17 00:00:00,66793,2016-03-25 14:49:46,2016,2016,March,March,10,2
2016-03-15 21:42:34,SCHÖNER_FIESTA_TOP_ANFÄNGERAUTO,privat,Offer,2100,control,kleinwagen,2005,manuell,73,fiesta,125000,May,Gasoline,ford,No,2016-03-15 00:00:00,57223,2016-03-20 20:19:49,2016,2016,March,March,11,7
2016-04-04 19:56:05,Ford_Fiesta_1.4,privat,Offer,2500,test,kleinwagen,2004,manuell,80,fiesta,125000,Aug,Gasoline,ford,No,2016-04-04 00:00:00,27721,2016-04-06 22:17:08,2016,2016,April,April,12,4
2016-04-03 20:55:16,Ford_Ford_Fiesta_1_3_mit_Klima_und_Scheckheft,privat,Offer,3490,test,kleinwagen,2007,manuell,69,fiesta,80000,Dec,Gasoline,ford,No,2016-04-03 00:00:00,56323,2016-04-04 20:34:23,2016,2016,April,April,9,0
2016-03-16 04:36:19,Ford_Fiesta_1.4,privat,Offer,1190,control,kleinwagen,2003,manuell,80,fiesta,150000,Aug,Gasoline,ford,No,2016-03-16 00:00:00,94542,2016-03-22 13:15:30,2016,2016,March,March,13,4
2016-04-03 13:54:12,TÜV_Neu!_Servo!_Euro_4!Winter_und_Sommerreifen!,privat,Offer,900,control,kleinwagen,2000,manuell,50,fiesta,150000,Feb,Gasoline,ford,No,2016-04-03 00:00:00,29351,2016-04-05 12:46:42,2016,2016,April,April,16,10
2016-03-26 01:00:36,Ford_Ka__TÜV/AU_12/2017_Klima_Servo,privat,Offer,1690,test,kleinwagen,2005,manuell,60,ka,100000,Nov,Gasoline,ford,No,2016-03-26 00:00:00,71522,2016-04-05 18:45:12,2016,2016,March,March,11,1
2016-03-29 21:53:34,Ford_Focus_1.6V_Bj._2001,privat,Offer,1150,test,kleinwagen,2001,manuell,0,focus,150000,Dec,Gasoline,ford,No,2016-03-29 00:00:00,99089,2016-04-04 08:45:02,2016,2016,March,March,15,0
2016-03-26 12:51:52,Ford_Focus_2l_RS_Klima,privat,Offer,100,control,kleinwagen,1998,manuell,96,focus,150000,Nov,Gasoline,ford,Other,2016-03-26 00:00:00,37081,2016-04-06 00:44:59,2016,2016,March,March,18,1
2016-03-09 08:56:25,Ford_Fiesta_zum_kleinen_Preis,privat,Offer,200,test,kleinwagen,1994,manuell,90,fiesta,150000,Jan,Gasoline,ford,No,2016-03-09 00:00:00,6184,2016-03-12 16:49:35,2016,2016,March,March,22,11
2016-03-13 11:06:23,Ford_Fiesta,privat,Offer,600,test,kleinwagen,2001,manuell,54,fiesta,150000,Mar,Gasoline,ford,Other,2016-03-13 00:00:00,35576,2016-04-01 22:45:42,2016,2016,March,March,15,9
2016-03-10 11:38:56,Ford_Fiesta_mit_1_Jahr__Tuev,privat,Offer,1000,test,kleinwagen,1998,manuell,0,fiesta,150000,Mar,Gasoline,ford,No,2016-03-10 00:00:00,51674,2016-03-24 10:17:58,2016,2016,March,March,18,9
2016-03-24 23:57:58,Sparsamer_Ford_Ka_1_3l_60ps_mit_Klima_Servo__Gruene_Umweltplakette,privat,Offer,260,test,kleinwagen,1997,manuell,60,ka,150000,Dec,Gasoline,ford,No,2016-03-24 00:00:00,27248,2016-03-29 19:15:41,2016,2016,March,March,19,0
2016-03-28 18:48:58,Ford_Fiesta_1.3_Finesse_100,privat,Offer,2500,control,kleinwagen,2004,manuell,60,fiesta,100000,Jun,Gasoline,ford,No,2016-03-28 00:00:00,88255,2016-04-07 01:15:54,2016,2016,March,March,12,6
2016-03-30 15:57:45,Ford_Ka_1.3i,privat,Offer,399,test,kleinwagen,2000,manuell,60,ka,125000,Oct,Gasoline,ford,No,2016-03-30 00:00:00,53894,2016-04-07 07:16:29,2016,2016,March,March,16,2
2016-03-25 11:55:14,Ford_Fiesta_1.4_Ambiente,privat,Offer,2200,test,kleinwagen,2003,manuell,80,fiesta,150000,Jul,Gasoline,ford,No,2016-03-25 00:00:00,51371,2016-03-25 12:40:56,2016,2016,March,March,13,5
2016-04-04 19:44:48,Ford_Fiesta_1.6_TDCI_Sport,privat,Offer,4350,test,kleinwagen,2007,manuell,90,fiesta,150000,Jul,Diesel,ford,No,2016-04-04 00:00:00,67112,2016-04-06 21:46:07,2016,2016,April,April,9,5
2016-04-02 19:51:38,Ford_Fiesta____sehr_gepflegter_Zustand,privat,Offer,1799,control,kleinwagen,2001,manuell,60,fiesta,70000,Feb,Gasoline,ford,No,2016-04-02 00:00:00,41517,2016-04-06 20:17:18,2016,2016,April,April,15,10
2016-03-26 11:50:20,Ford_Fiesta_1.4_TDCi,privat,Offer,3950,test,kleinwagen,2011,manuell,68,fiesta,100000,Feb,Diesel,ford,No,2016-03-26 00:00:00,65189,2016-03-26 11:51:02,2016,2016,March,March,5,10
2016-03-28 15:51:25,Ford_Fiesta_alt__aber_laeuft_noch_zuverlaessig,privat,Offer,150,control,kleinwagen,1998,manuell,60,fiesta,150000,Jul,Gasoline,ford,Other,2016-03-28 00:00:00,29643,2016-04-06 20:46:37,2016,2016,March,March,18,5
2016-04-04 10:57:34,Verkaufe_Ford_Ka,privat,Offer,750,control,kleinwagen,1999,manuell,60,ka,60000,Sep,Gasoline,ford,Other,2016-04-04 00:00:00,66299,2016-04-04 11:46:20,2016,2016,April,April,17,3
2016-03-10 22:25:23,Ford_Fiesta_5_Tueren_TÜV_12/2016,privat,Offer,1399,test,kleinwagen,2003,manuell,60,fiesta,150000,Aug,Gasoline,ford,Other,2016-03-10 00:00:00,57562,2016-03-12 18:29:35,2016,2016,March,March,13,4
2016-03-11 00:57:14,Ford_Fiesta_1.3_Ambiente,privat,Offer,1950,test,kleinwagen,2003,manuell,60,fiesta,150000,Jan,Gasoline,ford,No,2016-03-10 00:00:00,53773,2016-03-15 14:46:29,2016,2016,March,March,13,11
2016-04-04 13:46:50,Ford_Fiesta_1.3,privat,Offer,2100,control,kleinwagen,2005,manuell,60,fiesta,150000,Mar,Gasoline,ford,No,2016-04-04 00:00:00,86154,2016-04-06 15:15:29,2016,2016,April,April,11,9
2016-03-15 21:50:04,Ford_Fiesta_1.3_Ambiente,privat,Offer,2800,control,kleinwagen,2004,manuell,69,fiesta,50000,Aug,Gasoline,ford,No,2016-03-15 00:00:00,24105,2016-03-17 19:45:40,2016,2016,March,March,12,4
2016-03-21 10:56:11,Ford_Fiesta_1.4_Senso_Tuev_02/2018,privat,Offer,2250,test,kleinwagen,2004,manuell,80,fiesta,150000,Feb,Gasoline,ford,No,2016-03-21 00:00:00,36179,2016-03-22 14:50:48,2016,2016,March,March,12,10
2016-03-22 21:46:23,Ford_Fiesta,privat,Offer,980,control,kleinwagen,2001,manuell,75,fiesta,150000,Feb,Gasoline,ford,No,2016-03-22 00:00:00,34346,2016-04-06 16:17:15,2016,2016,March,March,15,10
2016-04-01 17:59:11,Ford_Fiesta____TÜV_11/2017,privat,Offer,1399,test,kleinwagen,2001,manuell,50,fiesta,100000,May,Gasoline,ford,No,2016-04-01 00:00:00,89129,2016-04-05 14:17:09,2016,2016,April,April,15,7
2016-04-04 20:25:38,Ford_Fiesta,privat,Offer,900,control,kleinwagen,1996,manuell,60,fiesta,125000,Jan,Gasoline,ford,No,2016-04-04 00:00:00,56594,2016-04-05 12:24:57,2016,2016,April,April,20,11
2016-03-21 19:52:59,Ford_fiesta_4_tuerig_schwarz,privat,Offer,1500,test,kleinwagen,2005,manuell,0,fiesta,150000,Apr,,ford,Yes,2016-03-21 00:00:00,12053,2016-03-21 19:52:59,2016,2016,March,March,11,8
2016-04-04 08:06:37,Ford_Ka,privat,Offer,999,control,kleinwagen,2000,manuell,60,ka,150000,Mar,Gasoline,ford,No,2016-04-04 00:00:00,65620,2016-04-05 12:14:21,2016,2016,April,April,16,9
2016-03-15 11:37:41,Ford_Fiesta_1.3_Servo,privat,Offer,750,test,kleinwagen,2002,manuell,50,fiesta,125000,Mar,Gasoline,ford,No,2016-03-15 00:00:00,41539,2016-03-15 12:40:31,2016,2016,March,March,14,9
2016-03-10 17:49:30,Top_Fiesta_!!!,privat,Offer,1200,control,kleinwagen,2000,manuell,60,fiesta,125000,Jan,Gasoline,ford,No,2016-03-10 00:00:00,28199,2016-03-21 05:45:39,2016,2016,March,March,16,11
2016-03-09 19:51:20,Ford_Fiesta_1.3_Futura,privat,Offer,2190,test,kleinwagen,2004,manuell,60,fiesta,125000,Jul,Gasoline,ford,No,2016-03-09 00:00:00,84034,2016-03-11 16:44:51,2016,2016,March,March,12,5
2016-03-05 18:58:21,Ford_Fiesta_1.3__60PS_EZ_08/07_TÜV_Neu,privat,Offer,2850,test,kleinwagen,2007,manuell,60,fiesta,150000,Aug,Gasoline,ford,No,2016-03-05 00:00:00,35398,2016-03-10 11:45:05,2016,2016,March,March,9,4
2016-03-10 10:54:29,Ford_Ka_2004_50000km,privat,Offer,999,test,kleinwagen,2004,manuell,60,ka,50000,Feb,Gasoline,ford,No,2016-03-10 00:00:00,45145,2016-03-11 23:16:51,2016,2016,March,March,12,10
2016-04-03 14:52:37,Ford_Ka_fuer_250_VB,privat,Offer,0,test,kleinwagen,1998,manuell,60,ka,150000,Jan,Gasoline,ford,Yes,2016-04-03 00:00:00,45896,2016-04-05 14:15:26,2016,2016,April,April,18,11
2016-03-09 20:50:56,Ford_Fiesta_1.4_TueV_neu,privat,Offer,1800,test,kleinwagen,2003,manuell,80,fiesta,150000,Jan,Gasoline,ford,No,2016-03-09 00:00:00,1069,2016-04-05 18:46:45,2016,2016,March,March,13,11
2016-03-12 19:50:29,Ford_Ka_+Kilma+8fach_Ber._Technik_Zustand_gut,privat,Offer,550,test,kleinwagen,2000,manuell,60,ka,150000,Dec,Gasoline,ford,Other,2016-03-12 00:00:00,97450,2016-03-17 23:18:23,2016,2016,March,March,16,0
2016-03-07 02:40:30,Ford_Fiesta_1_25___16v_*GHIA*_*KLIMA*_*TÜV_bis_12/2016*,privat,Offer,599,test,kleinwagen,1999,manuell,75,fiesta,150000,Dec,Gasoline,ford,No,2016-03-06 00:00:00,38226,2016-03-08 05:16:00,2016,2016,March,March,17,0
2016-03-23 18:47:45,Ford_Fiesta__BJ_1998_TÜV_01/17,privat,Offer,500,test,kleinwagen,1998,manuell,60,fiesta,150000,Sep,Gasoline,ford,No,2016-03-23 00:00:00,97980,2016-04-02 01:18:33,2016,2016,March,March,18,3
2016-04-04 09:52:54,Ford_Ka_Klima_Zentral_Servo,privat,Offer,550,control,kleinwagen,2002,manuell,0,ka,150000,Jan,,ford,No,2016-04-04 00:00:00,53619,2016-04-04 09:52:54,2016,2016,April,April,14,11
2016-03-17 13:37:02,Ford_ka_zu_Verkaufen,privat,Offer,1250,control,kleinwagen,2000,manuell,0,ka,150000,Mar,,ford,No,2016-03-17 00:00:00,42853,2016-03-22 21:48:26,2016,2016,March,March,16,9
2016-03-23 23:52:29,Ford_Fiesta_1.6_TDCI,privat,Offer,5400,control,kleinwagen,2007,manuell,90,fiesta,125000,Sep,Diesel,ford,No,2016-03-23 00:00:00,50733,2016-03-25 15:21:55,2016,2016,March,March,9,3
2016-03-29 19:52:54,Ford_Fiesta_1.4_Black_Magic,privat,Offer,3800,control,kleinwagen,2008,manuell,80,fiesta,70000,Jun,Gasoline,ford,No,2016-03-29 00:00:00,83257,2016-04-04 05:17:11,2016,2016,March,March,8,6
2016-03-31 00:49:26,Ford_Ka_1.2_Trend,privat,Offer,3950,control,kleinwagen,2009,manuell,69,ka,60000,Sep,Gasoline,ford,No,2016-03-30 00:00:00,15370,2016-04-05 23:17:31,2016,2016,March,March,7,3
2016-03-23 15:53:17,Ford_Ka_Royal,privat,Offer,900,test,kleinwagen,2004,manuell,60,ka,150000,Nov,Gasoline,ford,No,2016-03-23 00:00:00,97082,2016-03-27 20:46:19,2016,2016,March,March,12,1
2016-03-20 17:48:53,ford_fiesta_fahrbereit,privat,Offer,90,test,kleinwagen,1996,manuell,75,fiesta,150000,Jun,Gasoline,ford,Yes,2016-03-20 00:00:00,1833,2016-04-07 00:45:57,2016,2016,March,March,20,6
2016-03-06 18:06:22,Ford_Fiesta_1.3,privat,Offer,2700,control,kleinwagen,2006,manuell,60,fiesta,150000,Jun,Gasoline,ford,No,2016-03-06 00:00:00,61169,2016-03-07 10:26:21,2016,2016,March,March,10,6
2016-03-12 22:39:31,Ford_Fiesta_1.4_White_Magic_80_PS,privat,Offer,3650,control,kleinwagen,2008,manuell,80,fiesta,100000,Jul,Gasoline,ford,No,2016-03-12 00:00:00,59077,2016-03-23 15:47:21,2016,2016,March,March,8,5
2016-03-19 11:58:02,Ford_Ka_60Ps_Sonder_Modell.,privat,Offer,1499,test,kleinwagen,2001,manuell,60,ka,150000,Apr,Gasoline,ford,No,2016-03-19 00:00:00,53757,2016-03-24 06:15:23,2016,2016,March,March,15,8
2016-03-29 11:48:46,Ford_F?esta_A?tomat?k_68000_km_Guter_zustand_Tuev_Au_neu,privat,Offer,980,test,kleinwagen,1996,automatik,75,fiesta,70000,Jul,Gasoline,ford,Other,2016-03-29 00:00:00,12347,2016-04-05 21:15:24,2016,2016,March,March,20,5
2016-03-30 16:55:14,Ford_Focus,privat,Offer,500,test,kleinwagen,1999,manuell,75,focus,125000,Aug,Gasoline,ford,No,2016-03-30 00:00:00,95100,2016-03-30 16:55:14,2016,2016,March,March,17,4
2016-03-29 09:53:00,Ford_Ka,privat,Offer,800,test,kleinwagen,1998,Unspecified,60,ka,125000,Mar,Gasoline,ford,No,2016-03-29 00:00:00,50739,2016-04-05 18:47:13,2016,2016,March,March,18,9
2016-03-13 20:38:33,Ford_Ka_1.3,privat,Offer,1500,control,kleinwagen,2004,manuell,69,ka,80000,Nov,Gasoline,ford,No,2016-03-13 00:00:00,26123,2016-03-24 07:17:38,2016,2016,March,March,12,1
2016-03-31 23:54:49,Ford_Ka,privat,Offer,2000,control,kleinwagen,2003,manuell,60,ka,60000,Aug,Gasoline,ford,No,2016-03-31 00:00:00,74613,2016-04-07 04:16:30,2016,2016,March,March,13,4
2016-03-16 13:52:13,Ford_Ka_Edition_Lufthansa_VOLLAUSSTATTUNG+TÜV+LEDER,privat,Offer,999,control,kleinwagen,1998,manuell,60,ka,125000,Feb,Gasoline,ford,No,2016-03-16 00:00:00,80939,2016-03-30 01:16:25,2016,2016,March,March,18,10
2016-03-05 18:38:18,Ford_Fiesta_Style,privat,Offer,950,test,kleinwagen,1999,manuell,50,fiesta,150000,May,Gasoline,ford,No,2016-03-05 00:00:00,44328,2016-03-12 01:17:59,2016,2016,March,March,17,7
2016-04-02 17:47:01,Ford_Ka_mit_TÜV,privat,Offer,899,control,kleinwagen,1997,manuell,60,ka,150000,Dec,,ford,No,2016-04-02 00:00:00,45699,2016-04-06 17:16:38,2016,2016,April,April,19,0
2016-04-05 00:50:41,Ford_Fiesta_1.4,privat,Offer,2500,control,kleinwagen,2004,Unspecified,80,fiesta,150000,Apr,Gasoline,ford,No,2016-04-04 00:00:00,56814,2016-04-07 09:15:25,2016,2016,April,April,12,8
2016-03-12 07:51:16,Ford_ka_ohne_TÜV_!!!_Maengel,privat,Offer,80,control,kleinwagen,1999,Unspecified,0,ka,125000,Jan,Gasoline,ford,Yes,2016-03-12 00:00:00,56377,2016-03-19 12:18:40,2016,2016,March,March,17,11
2016-04-01 12:45:46,Ford_Fiesta_zuverkaufen,privat,Offer,300,test,kleinwagen,1999,manuell,0,fiesta,5000,Mar,Gasoline,ford,Other,2016-04-01 00:00:00,66333,2016-04-07 09:16:12,2016,2016,April,April,17,9
2016-03-15 13:56:07,!!!_TOP_Fiesta_mit_neuem_Tuev_!!!,privat,Offer,1500,control,kleinwagen,2001,manuell,66,fiesta,150000,Apr,Gasoline,ford,No,2016-03-15 00:00:00,31515,2016-03-15 13:56:07,2016,2016,March,March,15,8
2016-03-20 15:37:37,Ford_focus_tdi_diesel,privat,Offer,1450,control,kleinwagen,2002,manuell,115,focus,150000,Dec,Diesel,ford,Other,2016-03-20 00:00:00,32584,2016-03-31 23:18:43,2016,2016,March,March,14,0
2016-03-24 02:57:12,Kleines__sparsames_zuverlaessiges_Auto__voll_ausgestattet,privat,Offer,0,test,kleinwagen,2006,manuell,69,ka,150000,Mar,Gasoline,ford,No,2016-03-24 00:00:00,17039,2016-04-06 16:17:05,2016,2016,March,March,10,9
2016-04-03 12:57:28,Ford__Fiesta,privat,Offer,550,control,kleinwagen,1999,manuell,60,fiesta,150000,Jan,Gasoline,ford,No,2016-04-03 00:00:00,94551,2016-04-03 12:57:28,2016,2016,April,April,17,11
2016-04-06 18:36:35,Verkaufe_hier_meinen_Ford__Fiesta_im_guten_Zustand,privat,Offer,1150,test,kleinwagen,1996,manuell,60,fiesta,125000,Feb,Gasoline,ford,No,2016-04-06 00:00:00,68519,2016-04-06 18:36:35,2016,2016,April,April,20,10
2016-03-09 12:36:24,Ford_Fiesta_1.4_TÜV_NEU_KLIMAANLAGE,privat,Offer,4300,control,kleinwagen,2008,manuell,80,fiesta,125000,Mar,Gasoline,ford,No,2016-03-09 00:00:00,86925,2016-04-06 02:45:51,2016,2016,March,March,8,9
2016-03-23 07:54:47,Hueppi..._Kleiner_Stadt_Flitzer...,privat,Offer,1250,control,kleinwagen,1998,manuell,60,fiesta,70000,Mar,Gasoline,ford,No,2016-03-23 00:00:00,26603,2016-04-07 08:17:08,2016,2016,March,March,18,9
2016-03-27 21:38:53,Ford_Ka_wennig_Rost__als_Defekt_zu_Verkaufen,privat,Offer,333,test,kleinwagen,2002,manuell,0,ka,125000,Nov,Gasoline,ford,Yes,2016-03-27 00:00:00,99625,2016-03-31 03:44:28,2016,2016,March,March,14,1
2016-03-19 12:53:34,Ford_Fiesta_Style,privat,Offer,500,test,kleinwagen,1997,manuell,60,fiesta,150000,Sep,Gasoline,ford,No,2016-03-19 00:00:00,45772,2016-03-21 17:19:15,2016,2016,March,March,19,3
2016-03-26 11:51:14,Ford_Fiesta_Style__1.Hand,privat,Offer,1390,control,kleinwagen,1999,manuell,50,fiesta,60000,Mar,Gasoline,ford,No,2016-03-26 00:00:00,46047,2016-03-29 14:44:21,2016,2016,March,March,17,9
2016-03-29 14:54:30,Ford_Fiesta,privat,Offer,550,test,kleinwagen,1998,Unspecified,60,fiesta,150000,Jan,Gasoline,ford,No,2016-03-29 00:00:00,26624,2016-03-29 14:54:30,2016,2016,March,March,18,11
2016-03-20 13:51:39,Ford_Fiesta_1.4_Ghia___Steuergeraet_defekt,privat,Offer,1200,test,kleinwagen,2004,automatik,80,fiesta,50000,Jan,,ford,Yes,2016-03-20 00:00:00,80999,2016-03-22 21:19:12,2016,2016,March,March,12,11
2016-03-18 18:25:54,Ford_Ka,privat,Offer,799,control,kleinwagen,2003,manuell,60,ka,125000,Dec,Gasoline,ford,No,2016-03-18 00:00:00,60528,2016-03-25 10:15:33,2016,2016,March,March,13,0
2016-03-12 18:59:33,Ford_Fiesta_1.3_Ambiente,privat,Offer,1799,test,kleinwagen,2005,manuell,60,fiesta,150000,Feb,Gasoline,ford,No,2016-03-12 00:00:00,50767,2016-04-07 14:57:57,2016,2016,March,March,11,10
2016-03-09 05:36:19,Ford_Fiesta_zur_verkaufen.,privat,Offer,1700,control,kleinwagen,2003,manuell,80,fiesta,150000,Mar,Gasoline,ford,No,2016-03-09 00:00:00,50827,2016-03-23 10:15:33,2016,2016,March,March,13,9
2016-03-16 15:36:19,Ford_Fiesta_1.4_TDCI_Ghia,privat,Offer,1500,test,kleinwagen,2003,manuell,68,fiesta,150000,Sep,Diesel,ford,No,2016-03-16 00:00:00,48231,2016-04-06 20:18:39,2016,2016,March,March,13,3
2016-03-28 17:37:51,FORD_Escort,privat,Offer,600,test,kleinwagen,1998,manuell,75,escort,30000,Jan,Gasoline,ford,Other,2016-03-28 00:00:00,12627,2016-03-28 17:37:51,2016,2016,March,March,18,11
2016-03-19 18:49:34,Ford_ka_zu_verkaufen_zum_selber_abmelden,privat,Offer,500,test,kleinwagen,2001,manuell,60,ka,90000,Jul,Gasoline,ford,Other,2016-03-19 00:00:00,36088,2016-03-19 18:49:34,2016,2016,March,March,15,5
2016-04-02 11:52:07,Ford_Fiesta_1_4l_Klima_TÜV_Checkheft_gepflegt,privat,Offer,1500,test,kleinwagen,2003,manuell,80,fiesta,150000,Jul,Gasoline,ford,No,2016-04-02 00:00:00,14163,2016-04-06 09:46:07,2016,2016,April,April,13,5
2016-03-11 16:55:15,Ford_Fiesta___Top_Zustand__64400_km,privat,Offer,999,test,kleinwagen,1996,automatik,75,fiesta,70000,Jun,Gasoline,ford,Other,2016-03-11 00:00:00,76470,2016-03-12 21:20:03,2016,2016,March,March,20,6
2016-03-07 22:48:22,Ford_Fiesta_1.3__mit_TÜV,privat,Offer,3550,test,kleinwagen,2005,manuell,69,fiesta,100000,Sep,Gasoline,ford,No,2016-03-07 00:00:00,51107,2016-04-07 03:16:01,2016,2016,March,March,11,3
2016-03-31 00:57:29,Ford_Ka_top_mit_Gas,privat,Offer,550,control,kleinwagen,2004,manuell,63,ka,150000,Mar,,ford,Other,2016-03-30 00:00:00,79761,2016-04-02 03:15:54,2016,2016,March,March,12,9
2016-03-14 23:37:22,Ford_Fiesta,privat,Offer,1550,control,kleinwagen,2002,manuell,60,fiesta,80000,Jan,Gasoline,ford,No,2016-03-14 00:00:00,50999,2016-04-05 13:44:46,2016,2016,March,March,14,11
2016-04-04 15:52:43,Ford_Fiesta_mit_neuen_T?v,privat,Offer,450,test,kleinwagen,1999,manuell,50,fiesta,150000,Apr,Gasoline,ford,Other,2016-04-04 00:00:00,73730,2016-04-04 15:52:43,2016,2016,April,April,17,8
2016-03-08 09:38:22,Ford_Fusion_1.25_Ambiente_Zahnriemen__Inspektion_NEU,privat,Offer,2800,control,kleinwagen,2006,manuell,75,fusion,150000,Mar,Gasoline,ford,No,2016-03-08 00:00:00,28777,2016-03-16 18:19:07,2016,2016,March,March,10,9
2016-03-31 11:57:20,Ford_Fiesta_1.25_Ambiente,privat,Offer,4600,control,kleinwagen,2009,manuell,60,fiesta,60000,Aug,Gasoline,ford,No,2016-03-31 00:00:00,16348,2016-04-06 04:44:27,2016,2016,March,March,7,4
2016-04-02 22:54:16,Ford_Fiesta_Flair,privat,Offer,1100,test,kleinwagen,1998,manuell,50,fiesta,100000,Mar,Gasoline,ford,No,2016-04-02 00:00:00,86720,2016-04-03 01:41:54,2016,2016,April,April,18,9
2016-03-09 17:49:26,Ford_Fiesta_1.3,privat,Offer,1090,test,kleinwagen,2003,manuell,60,fiesta,150000,Feb,Gasoline,ford,No,2016-03-09 00:00:00,89160,2016-03-12 18:15:32,2016,2016,March,March,13,10
2016-03-31 19:42:50,Ford_Fiesta___schwarz___Klima___3tuerig___Nichtraucherfahrzeug,privat,Offer,3000,control,kleinwagen,2005,manuell,70,fiesta,125000,Sep,Gasoline,ford,Other,2016-03-31 00:00:00,53506,2016-04-06 13:45:34,2016,2016,March,March,11,3
2016-03-24 08:53:47,Ford_Fiesta_1.3,privat,Offer,100,control,kleinwagen,1995,manuell,60,fiesta,150000,Jan,Gasoline,ford,No,2016-03-24 00:00:00,4158,2016-04-06 23:45:12,2016,2016,March,March,21,11
2016-03-09 18:52:37,Ford_Fiesta_1.3_Viva_X,privat,Offer,2500,test,kleinwagen,2005,manuell,69,fiesta,125000,Apr,Gasoline,ford,No,2016-03-09 00:00:00,64625,2016-03-12 04:46:13,2016,2016,March,March,11,8
2016-03-25 10:55:13,Ford_Fiesta_1.3__Technisch_Sehr_Gut_Tuev_bis_01.2017,privat,Offer,1365,test,kleinwagen,2004,manuell,60,fiesta,150000,Sep,Gasoline,ford,No,2016-03-25 00:00:00,85391,2016-04-02 12:46:05,2016,2016,March,March,12,3
2016-04-03 12:38:40,Ford_KA_1.3L___TÜV_03/2018,privat,Offer,949,control,kleinwagen,1999,manuell,60,ka,50000,Oct,Gasoline,ford,No,2016-04-03 00:00:00,45355,2016-04-03 12:38:40,2016,2016,April,April,17,2
2016-03-14 18:51:19,Ford_Fiesta,privat,Offer,950,test,kleinwagen,2000,manuell,50,fiesta,80000,Apr,Gasoline,ford,No,2016-03-14 00:00:00,31737,2016-03-15 14:16:33,2016,2016,March,March,16,8
2016-03-26 11:38:19,Fiesta_1_2_75_ps_Tuev_03/2018,privat,Offer,1500,control,kleinwagen,1999,manuell,75,fiesta,150000,Jan,,ford,No,2016-03-26 00:00:00,29633,2016-04-05 22:45:08,2016,2016,March,March,17,11
2016-03-15 16:39:52,Ford_Fiesta_1.25_mit_19.500_Km_Schlachtfest_Ersatzteilspender,privat,Offer,99,control,kleinwagen,2012,manuell,0,fiesta,20000,Jul,Gasoline,ford,Yes,2016-03-15 00:00:00,45219,2016-04-06 10:15:37,2016,2016,March,March,4,5
2016-03-30 23:51:37,Ford_Focus,privat,Offer,1900,control,kleinwagen,2001,manuell,101,focus,150000,Jan,,ford,No,2016-03-30 00:00:00,56203,2016-04-05 16:46:49,2016,2016,March,March,15,11
2016-03-27 17:38:35,Ford_Fiesta,privat,Offer,650,test,kleinwagen,1996,manuell,55,fiesta,150000,Jan,Gasoline,ford,Other,2016-03-27 00:00:00,66359,2016-04-05 13:17:43,2016,2016,March,March,20,11
2016-03-08 20:39:40,Verkaufe_ein_Ford_fiesta,privat,Offer,450,control,kleinwagen,1995,manuell,50,fiesta,150000,Mar,,ford,No,2016-03-08 00:00:00,33181,2016-03-08 20:39:40,2016,2016,March,March,21,9
2016-04-04 10:55:07,Ford_Ka_TÜV_bis_04/16_tauchen_auch_moeglich,privat,Offer,140,control,kleinwagen,1998,manuell,60,ka,150000,Jan,Gasoline,ford,No,2016-04-04 00:00:00,78573,2016-04-06 12:17:51,2016,2016,April,April,18,11
2016-03-20 15:49:59,Verkaufe_Ford_Fiesta_an_Bastler_!,privat,Offer,150,control,kleinwagen,1997,manuell,45,fiesta,80000,Jan,Gasoline,ford,Yes,2016-03-20 00:00:00,24963,2016-03-24 08:17:37,2016,2016,March,March,19,11
2016-03-26 22:57:26,FORD_KA;_Servo;_E_Fenster;_billig_im_Unterhalt!,privat,Offer,799,test,kleinwagen,1997,manuell,60,ka,125000,Oct,Gasoline,ford,Other,2016-03-26 00:00:00,22117,2016-03-30 12:18:13,2016,2016,March,March,19,2
2016-04-04 00:55:33,Focus_Ghia,privat,Offer,2600,test,kleinwagen,2003,manuell,115,focus,150000,May,Gasoline,ford,No,2016-04-04 00:00:00,75334,2016-04-06 09:16:39,2016,2016,April,April,13,7
2016-04-01 22:54:50,ideal_fuer_Fahranfaenger,privat,Offer,1200,test,kleinwagen,1998,manuell,0,fiesta,125000,Mar,Gasoline,ford,No,2016-04-01 00:00:00,24211,2016-04-05 23:46:12,2016,2016,April,April,18,9
2016-03-21 23:57:08,Ford_Fiesta,privat,Offer,450,test,kleinwagen,2000,Unspecified,0,fiesta,150000,Jan,Gasoline,ford,Other,2016-03-21 00:00:00,48465,2016-04-05 15:17:46,2016,2016,March,March,16,11
2016-04-06 02:25:36,Biete_Ford_Fiesta_1.25_Trend_zum_Verkauf,privat,Offer,4900,control,kleinwagen,2009,manuell,60,fiesta,125000,Jan,Gasoline,ford,No,2016-04-06 00:00:00,35794,2016-04-06 07:25:17,2016,2016,April,April,7,11
2016-04-02 16:47:07,Ford_1.2_ka_Start_Stopp_Automatik,privat,Offer,5300,control,kleinwagen,2011,manuell,69,ka,100000,May,Gasoline,ford,Other,2016-04-02 00:00:00,87509,2016-04-06 15:46:43,2016,2016,April,April,5,7
2016-03-12 10:36:43,###Ford_Fiesta_60_PS._TÜV_11/16_Org.95.000Km_8Fach_bereift#####,privat,Offer,590,control,kleinwagen,2001,manuell,60,fiesta,100000,Aug,Gasoline,ford,No,2016-03-12 00:00:00,95145,2016-03-16 11:44:31,2016,2016,March,March,15,4
2016-03-14 08:52:16,Ford_Ka,privat,Offer,1500,test,kleinwagen,2000,manuell,60,ka,80000,Mar,Gasoline,ford,No,2016-03-14 00:00:00,31303,2016-03-15 03:15:33,2016,2016,March,March,16,9
2016-04-04 13:56:54,Ford_Fusion_1.25,privat,Offer,4299,control,kleinwagen,2006,manuell,75,fusion,90000,Dec,Gasoline,ford,No,2016-04-04 00:00:00,84453,2016-04-06 15:16:55,2016,2016,April,April,10,0
2016-03-14 11:50:02,Ford_KA_mit_vielen_neuen_Teilen!Reparatur_notwendig!,privat,Offer,150,test,kleinwagen,2001,manuell,0,ka,150000,Jan,Gasoline,ford,Yes,2016-03-14 00:00:00,51503,2016-03-21 01:45:16,2016,2016,March,March,15,11
2016-03-12 10:25:22,Ford_Fiesta_guenstig_abzugeben,privat,Offer,500,control,kleinwagen,1992,manuell,60,fiesta,100000,May,Gasoline,ford,Yes,2016-03-12 00:00:00,57080,2016-03-15 18:15:37,2016,2016,March,March,24,7
2016-03-30 16:49:36,Ford_Fiesta_Trend_cosmosblau_met.,privat,Offer,5200,test,kleinwagen,2010,manuell,80,fiesta,80000,Jun,Gasoline,ford,No,2016-03-30 00:00:00,85354,2016-03-30 16:49:36,2016,2016,March,March,6,6
2016-03-05 18:36:19,Ford_Ka__97300_KM_+Tuev_09/2017_Klima_+_Servo_+Elek_Fensterheber,privat,Offer,1490,test,kleinwagen,2008,manuell,69,ka,100000,Apr,Gasoline,ford,Other,2016-03-05 00:00:00,26954,2016-03-09 08:44:09,2016,2016,March,March,8,8
2016-03-30 20:42:53,Ford_Ka,privat,Offer,900,control,kleinwagen,2000,manuell,60,ka,125000,Jul,Gasoline,ford,No,2016-03-30 00:00:00,23558,2016-04-07 12:45:21,2016,2016,March,March,16,5
2016-03-31 07:01:57,Ford_Fiesta,privat,Offer,300,control,kleinwagen,1999,manuell,60,Other,150000,Jan,,ford,Yes,2016-03-31 00:00:00,59494,2016-03-31 07:55:38,2016,2016,March,March,17,11
2016-04-04 11:49:34,Ford_Fiesta_1.3_Ghia,privat,Offer,499,control,kleinwagen,2001,manuell,75,fiesta,125000,Apr,Gasoline,ford,Other,2016-04-04 00:00:00,10969,2016-04-04 11:49:34,2016,2016,April,April,15,8
2016-04-01 18:47:24,Ford_Fiesta,privat,Offer,450,control,kleinwagen,1999,manuell,0,fiesta,150000,Jun,Gasoline,ford,No,2016-04-01 00:00:00,33184,2016-04-05 14:46:16,2016,2016,April,April,17,6
2016-04-02 18:52:34,Ford_Fiesta_1.25_Trend,privat,Offer,5700,control,kleinwagen,2010,manuell,82,fiesta,125000,Apr,Gasoline,ford,No,2016-04-02 00:00:00,31137,2016-04-06 18:47:44,2016,2016,April,April,6,8
2016-03-26 20:53:34,Ford_Ka_1.2_Trend,privat,Offer,3750,control,kleinwagen,2008,manuell,69,ka,90000,Nov,Gasoline,ford,No,2016-03-26 00:00:00,83561,2016-04-06 12:18:01,2016,2016,March,March,8,1
2016-03-11 14:47:57,Gebrauchter_Kleinwagen_mit_Maengeln__Reperaturbedarf_,privat,Offer,100,control,kleinwagen,2004,manuell,60,ka,90000,Dec,Gasoline,ford,Yes,2016-03-11 00:00:00,37085,2016-04-07 12:47:15,2016,2016,March,March,12,0
2016-03-20 23:59:39,Fiesta_4_tuerig__als_Zweitwagen_oder_fuer_Fahranfaenger,privat,Offer,890,control,kleinwagen,1998,Unspecified,60,fiesta,150000,Apr,Gasoline,ford,No,2016-03-20 00:00:00,84424,2016-04-05 22:45:44,2016,2016,March,March,18,8
2016-03-30 11:56:24,Verkaufe_Ford_KA_BJ_2001_mit_TÜV_bis_06.2016._Richtig_Lesen_bitte,privat,Offer,1,test,kleinwagen,2001,manuell,60,ka,125000,May,Gasoline,ford,Yes,2016-03-30 00:00:00,99423,2016-04-04 23:46:26,2016,2016,March,March,15,7
2016-03-05 14:20:00,Ford_Fiesta_st,privat,Offer,4800,test,kleinwagen,2006,manuell,150,fiesta,125000,May,Gasoline,ford,No,2016-03-04 00:00:00,56070,2016-03-08 15:15:23,2016,2016,March,March,10,7
2016-03-05 21:53:53,Ford_Fiesta_1.3_TÜV_NEU,privat,Offer,3200,test,kleinwagen,2008,manuell,69,fiesta,125000,Jul,Gasoline,ford,No,2016-03-05 00:00:00,59269,2016-03-08 17:16:17,2016,2016,March,March,8,5
2016-03-07 18:46:07,Pkw_Ford_Fiesta_1_3___silber_metallic_zum_Schnaeppchenpreis,privat,Offer,850,control,kleinwagen,2000,manuell,60,fiesta,150000,Jul,Gasoline,ford,No,2016-03-07 00:00:00,22959,2016-03-15 01:17:39,2016,2016,March,March,16,5
2016-03-30 19:56:31,Ford_Fiesta_1.3,privat,Offer,2149,test,kleinwagen,2003,manuell,69,fiesta,125000,Apr,Gasoline,ford,No,2016-03-30 00:00:00,49733,2016-04-07 12:45:19,2016,2016,March,March,13,8
2016-04-05 08:52:10,Ford_Fiesta_Reserviert,privat,Offer,100,test,kleinwagen,2001,manuell,0,fiesta,150000,Aug,Gasoline,ford,Yes,2016-04-05 00:00:00,19230,2016-04-05 09:44:48,2016,2016,April,April,15,4
2016-03-16 15:49:14,FIESTA_TÜV_12_17,privat,Offer,650,test,kleinwagen,2000,manuell,55,fiesta,125000,Jul,Gasoline,ford,No,2016-03-16 00:00:00,88348,2016-03-20 14:47:44,2016,2016,March,March,16,5
2016-03-24 10:51:37,Gut_Erhalten_Ford___K,privat,Offer,1200,test,kleinwagen,2003,manuell,60,ka,125000,Mar,Gasoline,ford,No,2016-03-24 00:00:00,48488,2016-04-07 01:47:00,2016,2016,March,March,13,9
2016-03-21 17:50:12,Ford_Fiesta_1.3__Klimaanlage_wenig_Kilometer_,privat,Offer,2399,control,kleinwagen,2003,manuell,60,fiesta,90000,Sep,Gasoline,ford,No,2016-03-21 00:00:00,52457,2016-04-06 18:48:10,2016,2016,March,March,13,3
2016-03-05 17:45:24,Ford_Ka_TÜV_bis_12/17,privat,Offer,4200,test,kleinwagen,2010,manuell,69,ka,60000,Aug,Gasoline,ford,Other,2016-03-05 00:00:00,44625,2016-03-17 21:16:32,2016,2016,March,March,6,4
2016-03-28 12:58:09,Ford_Ka__GELIEBTES_AUTO_,privat,Offer,1000,test,kleinwagen,2001,manuell,60,ka,125000,Jan,Gasoline,ford,No,2016-03-28 00:00:00,6112,2016-03-31 21:44:56,2016,2016,March,March,15,11
2016-03-31 11:58:29,Ford_Escord_TÜV_5/2016,privat,Offer,399,control,kleinwagen,1995,manuell,0,escort,125000,Jun,Gasoline,ford,No,2016-03-31 00:00:00,51145,2016-04-06 04:46:47,2016,2016,March,March,21,6
2016-03-09 20:57:28,Gut_erhaltener_Fiesta,privat,Offer,1400,test,kleinwagen,2002,manuell,60,fiesta,150000,Jun,Gasoline,ford,No,2016-03-09 00:00:00,28790,2016-04-05 19:16:43,2016,2016,March,March,14,6
2016-03-23 16:50:59,Ford_Ka_zu_verkaufen,privat,Offer,150,test,kleinwagen,1998,manuell,60,ka,90000,Mar,Gasoline,ford,Other,2016-03-23 00:00:00,32257,2016-03-31 04:15:43,2016,2016,March,March,18,9
2016-03-17 17:57:43,Ford_Focus_1.6_Finesse_AHK_abnehmbar,privat,Offer,1600,control,kleinwagen,2002,manuell,101,focus,150000,Jan,Gasoline,ford,No,2016-03-17 00:00:00,99510,2016-03-24 13:17:45,2016,2016,March,March,14,11
2016-03-15 19:47:06,Ford_Fiesta_4_Tuerig_mit_tuev_Klima_,privat,Offer,699,control,kleinwagen,1998,manuell,75,fiesta,100000,Apr,Gasoline,ford,No,2016-03-15 00:00:00,63743,2016-03-17 16:15:53,2016,2016,March,March,18,8
2016-03-23 23:37:55,Ford_Fiesta_mit_tuv,privat,Offer,690,control,kleinwagen,2000,manuell,60,fiesta,150000,Oct,Gasoline,ford,No,2016-03-23 00:00:00,50827,2016-03-28 14:47:28,2016,2016,March,March,16,2
2016-03-15 00:36:22,Ford_Fusion_1.25_Style,privat,Offer,3650,test,kleinwagen,2008,manuell,75,fusion,125000,Aug,Gasoline,ford,No,2016-03-15 00:00:00,52080,2016-04-05 15:16:02,2016,2016,March,March,8,4
2016-03-18 18:06:33,Ford_Fiesta_1_6_TDCi_90_PS,privat,Offer,3450,test,kleinwagen,2007,manuell,90,fiesta,150000,Jun,Diesel,ford,No,2016-03-18 00:00:00,56307,2016-04-07 11:45:26,2016,2016,March,March,9,6
2016-03-24 10:40:52,Ford_Focus,privat,Offer,350,test,kleinwagen,1999,manuell,75,focus,150000,Jan,Gasoline,ford,Other,2016-03-24 00:00:00,66787,2016-03-27 06:17:39,2016,2016,March,March,17,11
2016-03-06 16:52:51,Ford_Fiesta_Blau_Baujahr_1998_Fahrbereit_ohne_Tuev_Juni.2015,privat,Offer,65,test,kleinwagen,1998,manuell,0,fiesta,150000,Jun,Gasoline,ford,Yes,2016-03-06 00:00:00,37176,2016-03-07 10:45:55,2016,2016,March,March,18,6
2016-03-23 17:51:26,Ford_Fiesta_1.3,privat,Offer,3000,control,kleinwagen,2005,manuell,60,fiesta,90000,Apr,Gasoline,ford,No,2016-03-23 00:00:00,24796,2016-04-05 22:17:50,2016,2016,March,March,11,8
2016-03-07 17:56:40,Ford_Fiesta_1.4,privat,Offer,2199,test,kleinwagen,2004,manuell,68,fiesta,150000,Feb,Diesel,ford,Yes,2016-03-07 00:00:00,9111,2016-03-21 18:45:48,2016,2016,March,March,12,10
2016-04-04 17:58:11,Ford_Fiesta_in_schwarz,privat,Offer,200,test,kleinwagen,1998,Unspecified,0,fiesta,150000,Apr,Gasoline,ford,Other,2016-04-04 00:00:00,66740,2016-04-04 17:58:11,2016,2016,April,April,18,8
2016-03-18 15:48:23,fiesta_mit_tuev_klima,privat,Offer,222,control,kleinwagen,1999,manuell,75,Other,150000,Aug,,ford,Other,2016-03-18 00:00:00,32051,2016-03-18 15:48:23,2016,2016,March,March,17,4
2016-04-03 16:58:25,Zu_verkaufen_tauschen,privat,Offer,4300,control,kleinwagen,2008,manuell,90,fiesta,150000,Dec,Diesel,ford,No,2016-04-03 00:00:00,49733,2016-04-05 16:46:41,2016,2016,April,April,8,0
2016-03-23 08:51:15,verkaufe_nichtfahrbereiten_ford,privat,Offer,70,control,kleinwagen,1996,manuell,66,fiesta,70000,Jan,,ford,Other,2016-03-23 00:00:00,39387,2016-04-05 05:46:34,2016,2016,March,March,20,11
2016-03-06 21:46:42,Ford_Fiesta_Ghia_1.25_16v,privat,Offer,399,control,kleinwagen,1996,manuell,75,fiesta,80000,Jan,Gasoline,ford,Other,2016-03-06 00:00:00,93444,2016-03-12 15:18:35,2016,2016,March,March,20,11
2016-03-22 10:57:07,Ford_Fiesta_Euro_4_Klimaanlage,privat,Offer,590,control,kleinwagen,2000,manuell,60,fiesta,125000,May,Gasoline,ford,Other,2016-03-22 00:00:00,78224,2016-03-26 11:18:20,2016,2016,March,March,16,7
2016-03-05 20:54:44,Ford_Fiesta_1.4_Ghia,privat,Offer,2750,control,kleinwagen,2004,manuell,80,fiesta,125000,Mar,Gasoline,ford,No,2016-03-05 00:00:00,44627,2016-03-12 17:20:19,2016,2016,March,March,12,9
2016-03-11 16:45:06,Ford_Fiesta__zum_schlachten_oder_herrichten,privat,Offer,30,test,kleinwagen,1995,manuell,0,fiesta,100000,Jun,Gasoline,ford,Other,2016-03-11 00:00:00,89275,2016-03-18 00:44:39,2016,2016,March,March,21,6
2016-03-17 10:51:59,Ford_Fiesta_1.4,privat,Offer,2100,test,kleinwagen,2005,manuell,80,fiesta,150000,Feb,Gasoline,ford,No,2016-03-17 00:00:00,35466,2016-03-17 11:41:44,2016,2016,March,March,11,10
2016-03-24 13:54:53,Ford_Ka_Tuev/ZV/wenig_Km,privat,Offer,750,control,kleinwagen,2006,manuell,60,ka,100000,Jul,Gasoline,ford,No,2016-03-24 00:00:00,59075,2016-03-27 11:16:12,2016,2016,March,March,10,5
2016-03-08 08:54:50,Ford_Ka__fuer_Bastler_da_ohne_TÜV_,privat,Offer,50,test,kleinwagen,1997,manuell,0,ka,70000,Jan,,ford,Yes,2016-03-08 00:00:00,99848,2016-03-09 05:45:17,2016,2016,March,March,19,11
2016-04-02 20:52:50,Ford_Fiesta_Kleiner_sparsamer_Flitzer,privat,Offer,499,test,kleinwagen,1997,manuell,50,fiesta,125000,Feb,Gasoline,ford,No,2016-04-02 00:00:00,63599,2016-04-06 22:16:25,2016,2016,April,April,19,10
2016-03-12 12:49:05,ford_ka_zu_verkaufen,privat,Offer,250,test,kleinwagen,2002,Unspecified,0,ka,150000,Jan,Gasoline,ford,Other,2016-03-12 00:00:00,39240,2016-03-12 12:49:05,2016,2016,March,March,14,11
2016-04-03 22:47:19,Ford_Ka_1.2_Titanium,privat,Offer,3200,control,kleinwagen,2009,manuell,69,ka,80000,Apr,Gasoline,ford,No,2016-04-03 00:00:00,66740,2016-04-06 00:15:24,2016,2016,April,April,7,8
2016-03-30 14:47:24,Ford_Ka_1_Edition_Mit_Klima,privat,Offer,650,control,kleinwagen,1996,manuell,60,ka,150000,Dec,Gasoline,ford,No,2016-03-30 00:00:00,22111,2016-04-03 04:21:20,2016,2016,March,March,20,0
2016-03-21 20:49:03,Ford_Fiesta_1.3,privat,Offer,990,control,kleinwagen,2003,manuell,60,fiesta,150000,Mar,Gasoline,ford,Yes,2016-03-21 00:00:00,42279,2016-03-30 10:16:18,2016,2016,March,March,13,9
2016-03-31 10:37:32,Ford_Fiesta_1.2,privat,Offer,3000,control,kleinwagen,2006,manuell,0,fiesta,100000,Sep,Gasoline,ford,No,2016-03-31 00:00:00,68169,2016-04-06 04:15:20,2016,2016,March,March,10,3
2016-04-04 08:52:18,Ford_Focus,privat,Offer,590,control,kleinwagen,2001,manuell,101,focus,150000,Jun,Gasoline,ford,No,2016-04-04 00:00:00,18461,2016-04-04 09:46:09,2016,2016,April,April,15,6
2016-03-23 22:48:06,Ford_Fiesta,privat,Offer,245,test,kleinwagen,2000,manuell,60,fiesta,150000,Jan,Gasoline,ford,Other,2016-03-23 00:00:00,71701,2016-04-06 04:45:03,2016,2016,March,March,16,11
2016-03-27 10:57:28,Ford_Fiesta_Flair,privat,Offer,650,control,kleinwagen,1998,manuell,45,fiesta,20000,Mar,Gasoline,ford,No,2016-03-27 00:00:00,91587,2016-03-27 10:57:28,2016,2016,March,March,18,9
2016-03-20 12:49:10,Ford_Fusion_1.6___Klima.___4_Tuerig.___PDC_Parkhilfe,privat,Offer,2990,test,kleinwagen,2005,automatik,101,fusion,100000,Nov,Gasoline,ford,No,2016-03-20 00:00:00,42859,2016-03-28 11:16:00,2016,2016,March,March,11,1
2016-03-19 12:54:01,Ford_Ka_K2_Snow_Edition_126.000_km,privat,Offer,50,test,kleinwagen,1999,manuell,60,ka,150000,Dec,Gasoline,ford,No,2016-03-19 00:00:00,35037,2016-04-07 02:45:37,2016,2016,March,March,17,0
2016-04-04 09:52:35,Ford_Fiesta_1.4_Trend_Automatik_AHK,privat,Offer,5450,control,kleinwagen,2009,automatik,97,fiesta,150000,Mar,Gasoline,ford,No,2016-04-04 00:00:00,7343,2016-04-06 10:46:04,2016,2016,April,April,7,9
2016-03-08 14:49:01,Ford_1.4_Ambiente,privat,Offer,2990,test,kleinwagen,2004,manuell,0,fusion,150000,Nov,Gasoline,ford,No,2016-03-08 00:00:00,26123,2016-03-13 02:16:37,2016,2016,March,March,12,1
2016-03-18 23:52:54,Ford_Fiesta_Euro_4_Klimaanlage,privat,Offer,590,test,kleinwagen,2000,manuell,60,fiesta,125000,May,Gasoline,ford,Other,2016-03-18 00:00:00,78224,2016-03-23 22:17:12,2016,2016,March,March,16,7
2016-03-19 09:49:28,Ford_Fiesta,privat,Offer,2000,test,kleinwagen,2003,manuell,0,fiesta,125000,Sep,Gasoline,ford,No,2016-03-19 00:00:00,79346,2016-03-31 15:46:57,2016,2016,March,March,13,3
2016-03-18 19:06:35,Ford_Fiesta_1.4_TDCI_Ghia,privat,Offer,2500,test,kleinwagen,2005,manuell,68,fiesta,150000,Feb,Diesel,ford,No,2016-03-18 00:00:00,56072,2016-04-06 11:17:37,2016,2016,March,March,11,10
2016-03-28 07:53:11,Ford_Fiesta___Top_Zustand,privat,Offer,5400,test,kleinwagen,2010,manuell,82,fiesta,125000,Mar,Gasoline,ford,No,2016-03-28 00:00:00,75236,2016-04-06 11:16:20,2016,2016,March,March,6,9
2016-03-24 15:53:29,Ford_Ka_Klima,privat,Offer,700,test,kleinwagen,2005,manuell,60,ka,150000,Jan,Gasoline,ford,Other,2016-03-24 00:00:00,50678,2016-03-26 01:17:50,2016,2016,March,March,11,11
2016-03-17 00:59:59,Ford_KA_1Hd._Tuev11/2016_Servo_Scheckheft,privat,Offer,1490,test,kleinwagen,2003,manuell,60,Other,150000,Nov,Gasoline,ford,No,2016-03-17 00:00:00,47119,2016-03-23 21:19:11,2016,2016,March,March,13,1
2016-03-14 14:48:33,Ford_Ka___TÜV_neu_!__,privat,Offer,1159,control,kleinwagen,1999,manuell,60,ka,150000,Aug,Gasoline,ford,No,2016-03-14 00:00:00,7580,2016-03-23 15:16:31,2016,2016,March,March,17,4
2016-03-24 07:55:21,Ford_Ka_mit_2_Jahren_TÜV.,privat,Offer,900,control,kleinwagen,1999,manuell,60,ka,125000,Jul,,ford,No,2016-03-24 00:00:00,41061,2016-03-25 17:15:33,2016,2016,March,March,17,5
2016-03-16 19:57:41,Ford_Fiesta_1.3,privat,Offer,1700,test,kleinwagen,2002,manuell,69,fiesta,150000,Sep,Gasoline,ford,No,2016-03-16 00:00:00,41061,2016-03-24 14:17:50,2016,2016,March,March,14,3
2016-03-19 14:37:53,Ford_Fiesta_75PS_TÜV_03/2017,privat,Offer,500,test,kleinwagen,1998,manuell,0,fiesta,80000,Jan,Gasoline,ford,No,2016-03-19 00:00:00,32107,2016-03-19 14:37:53,2016,2016,March,March,18,11
2016-03-15 17:37:42,Ford_Ka_1.2_Titanium_1._Hand__neuwertiger_Zustand,privat,Offer,5500,control,kleinwagen,2009,manuell,69,ka,40000,Jun,Gasoline,ford,No,2016-03-15 00:00:00,85055,2016-04-06 14:17:03,2016,2016,March,March,7,6
2016-03-10 22:36:16,Ford_Fiesta_1.4_Klimaanlage_4/5_Tueren_VB,privat,Offer,2200,control,kleinwagen,2005,manuell,80,fiesta,80000,May,Gasoline,ford,Other,2016-03-10 00:00:00,71067,2016-03-10 22:36:16,2016,2016,March,March,11,7
2016-03-26 18:58:54,Ford_Ka_mit_2_Jahren_TÜV.,privat,Offer,900,test,kleinwagen,1999,manuell,50,ka,125000,Mar,Gasoline,ford,No,2016-03-26 00:00:00,41065,2016-03-29 21:46:54,2016,2016,March,March,17,9
2016-03-07 16:54:28,Ford_Fiesta__Klima_8_fach_bereift_Original_Ford_Audio_System,privat,Offer,2950,control,kleinwagen,2007,manuell,60,fiesta,125000,Mar,Gasoline,ford,No,2016-03-07 00:00:00,47058,2016-04-05 23:46:25,2016,2016,March,March,9,9
2016-03-19 11:44:04,Bastlerauto,privat,Offer,350,test,kleinwagen,2000,manuell,60,ka,150000,Apr,Gasoline,ford,Other,2016-03-19 00:00:00,66787,2016-03-20 13:15:45,2016,2016,March,March,16,8
2016-03-23 22:36:58,Ford_KA_1.3_TDci__Klimaautomatik_TOP,privat,Offer,4750,test,kleinwagen,2011,manuell,75,ka,150000,Aug,Diesel,ford,No,2016-03-23 00:00:00,48153,2016-03-28 13:45:47,2016,2016,March,March,5,4
2016-04-04 14:58:36,Ford_Fiesta,privat,Offer,1275,test,kleinwagen,2005,manuell,60,fiesta,150000,Jun,Gasoline,ford,No,2016-04-04 00:00:00,50189,2016-04-04 15:43:49,2016,2016,April,April,11,6
2016-03-25 22:54:50,Ford_ka_1.3_l_16v_baujahr_2005_mit_tuev_viele_extra,privat,Offer,549,control,kleinwagen,2005,manuell,0,ka,150000,Apr,Gasoline,ford,Yes,2016-03-25 00:00:00,42107,2016-03-31 00:46:02,2016,2016,March,March,11,8
2016-03-11 17:54:13,Ford_Fiesta__Winterauto__viel_Tuev__Kleinwagen.,privat,Offer,380,control,kleinwagen,1997,manuell,50,fiesta,150000,Feb,Gasoline,ford,Yes,2016-03-11 00:00:00,34626,2016-03-24 23:18:52,2016,2016,March,March,19,10
2016-03-13 14:37:28,Ford_Fiesta_1_4_wegen_Zuwachs__zu_Verkaufen,privat,Offer,3449,test,kleinwagen,2007,manuell,80,fiesta,100000,May,Gasoline,ford,No,2016-03-13 00:00:00,66620,2016-03-21 16:47:04,2016,2016,March,March,9,7
2016-03-13 16:49:00,Ford_Fiesta_1.3_Ambiente,privat,Offer,2690,test,kleinwagen,2006,manuell,60,fiesta,125000,Dec,Gasoline,ford,No,2016-03-13 00:00:00,65201,2016-03-23 12:19:06,2016,2016,March,March,10,0
2016-03-15 20:54:13,Ford_Ka_1_2_Liter_Titanium_TÜV_Neu,privat,Offer,3400,test,kleinwagen,2009,manuell,69,ka,150000,Apr,Gasoline,ford,No,2016-03-15 00:00:00,74389,2016-03-28 21:16:22,2016,2016,March,March,7,8
2016-03-27 16:53:52,Ford_Fiesta_1.3_Unfallfrei,privat,Offer,2499,test,kleinwagen,2004,manuell,51,fiesta,150000,Jan,Gasoline,ford,No,2016-03-27 00:00:00,71696,2016-03-29 06:17:16,2016,2016,March,March,12,11
2016-03-17 20:47:09,Ford_Fiesta_1.4_TDCI,privat,Offer,1700,control,kleinwagen,2003,manuell,68,fiesta,150000,Sep,Diesel,ford,No,2016-03-17 00:00:00,88074,2016-04-07 09:45:33,2016,2016,March,March,13,3
2016-04-01 03:02:52,Ford_Fiesta_1.4,privat,Offer,1400,control,kleinwagen,2002,manuell,80,fiesta,150000,May,Gasoline,ford,No,2016-04-01 00:00:00,89522,2016-04-07 05:17:19,2016,2016,April,April,14,7
2016-04-01 16:39:13,Ford_Fiesta_Benziner_75_ps_Servo_Klima_el_Fenstern_2_Jahre_TÜV/AU,privat,Offer,930,control,kleinwagen,1999,manuell,75,fiesta,80000,Jan,Gasoline,ford,No,2016-04-01 00:00:00,44628,2016-04-03 12:52:03,2016,2016,April,April,17,11
2016-03-05 14:26:15,__RESERVIERT___Ford_Fiesta_1_3l_60_PS_1998__Bastlerfahrzeug,privat,Offer,200,test,kleinwagen,1998,manuell,60,fiesta,150000,Sep,Gasoline,ford,Yes,2016-03-05 00:00:00,35619,2016-03-09 15:19:42,2016,2016,March,March,18,3
2016-03-06 14:38:56,Ford_Fiesta_1.3,privat,Offer,2400,control,kleinwagen,2007,manuell,60,fiesta,125000,May,Gasoline,ford,No,2016-03-06 00:00:00,73054,2016-03-22 19:16:42,2016,2016,March,March,9,7
2016-03-08 17:50:21,Ford_Fiesta_TÜV_NEU,privat,Offer,1400,test,kleinwagen,2000,manuell,60,fiesta,125000,Dec,Gasoline,ford,No,2016-03-08 00:00:00,35683,2016-03-10 14:29:32,2016,2016,March,March,16,0
2016-03-30 20:57:09,Ford_Fiesta,privat,Offer,1250,control,kleinwagen,2002,manuell,60,fiesta,150000,Jan,Gasoline,ford,No,2016-03-30 00:00:00,37079,2016-04-05 11:46:08,2016,2016,March,March,14,11
2016-03-19 15:56:28,Ford_ka_voll_fahrbereit,privat,Offer,250,control,kleinwagen,2000,manuell,60,Other,70000,Oct,Gasoline,ford,No,2016-03-19 00:00:00,66450,2016-03-19 15:56:28,2016,2016,March,March,16,2
2016-03-19 09:37:57,Ford_Fiesta_VI__blau__4/5_Tuerer__Klimaanlage__TÜV_neu,privat,Offer,1800,test,kleinwagen,2003,manuell,75,fiesta,150000,Sep,Gasoline,ford,Yes,2016-03-19 00:00:00,91207,2016-03-19 09:37:57,2016,2016,March,March,13,3
2016-03-14 09:51:23,Ford_Fiesta_1.25_Klima,privat,Offer,5200,control,kleinwagen,2010,manuell,64,fiesta,80000,Nov,,ford,No,2016-03-14 00:00:00,45899,2016-03-14 10:44:48,2016,2016,March,March,6,1
2016-03-29 21:48:23,Ford_Ka,privat,Offer,950,test,kleinwagen,2002,manuell,60,ka,150000,Apr,Gasoline,ford,No,2016-03-29 00:00:00,26419,2016-04-06 08:44:55,2016,2016,March,March,14,8
2016-03-25 18:56:11,Ford_Ka_Royal_Erstbesitz__Orginale_10300km_Drittwagen,privat,Offer,3500,test,kleinwagen,2004,manuell,69,ka,20000,Jul,Gasoline,ford,No,2016-03-25 00:00:00,1705,2016-04-07 01:44:21,2016,2016,March,March,12,5
2016-03-15 12:37:42,Bastler_Auto,privat,Offer,250,control,kleinwagen,1998,manuell,0,ka,90000,Sep,Gasoline,ford,Yes,2016-03-15 00:00:00,59229,2016-04-06 00:16:32,2016,2016,March,March,18,3
2016-03-08 12:49:58,Guter_Ford_Ka,privat,Offer,650,test,kleinwagen,2000,manuell,0,ka,150000,Jan,Gasoline,ford,Other,2016-03-08 00:00:00,4435,2016-03-22 06:45:01,2016,2016,March,March,16,11
2016-03-10 10:53:56,Ford_Fiesta_Style,privat,Offer,900,test,kleinwagen,1998,automatik,75,fiesta,150000,Mar,Gasoline,ford,No,2016-03-10 00:00:00,51373,2016-04-07 01:16:52,2016,2016,March,March,18,9
2016-03-28 18:58:12,Ford_KA__1._Hand__Original_60.000km__Klima,privat,Offer,450,control,kleinwagen,1999,manuell,60,ka,60000,Jul,Gasoline,ford,Other,2016-03-28 00:00:00,86926,2016-04-01 04:46:00,2016,2016,March,March,17,5
2016-03-31 14:45:09,Fort_Fiesta_1.Hand_TÜV_2/2017,privat,Offer,0,control,kleinwagen,1999,Unspecified,0,fiesta,150000,Jul,Gasoline,ford,No,2016-03-31 00:00:00,49525,2016-04-06 07:16:52,2016,2016,March,March,17,5
2016-03-12 13:59:08,Verkaufe_pkw_ford_puma,privat,Offer,1000,control,kleinwagen,1999,manuell,90,andere,80000,Feb,Gasoline,ford,No,2016-03-12 00:00:00,8280,2016-04-06 21:46:00,2016,2016,March,March,17,10
2016-03-18 16:42:13,Ford_Ka_1.3_69Ps_Klima_Sommer+Winter_Gepfl._Zustand,privat,Offer,2500,test,kleinwagen,2007,manuell,69,ka,70000,Mar,Gasoline,ford,No,2016-03-18 00:00:00,64295,2016-03-25 02:15:19,2016,2016,March,March,9,9
2016-03-27 23:56:06,Ford_Fusion_mit_Benzin_und_LPG_Gasanlage,privat,Offer,4250,test,kleinwagen,2008,manuell,80,fusion,150000,Nov,Lpg,ford,Other,2016-03-27 00:00:00,34125,2016-04-02 10:16:45,2016,2016,March,March,8,1
2016-03-17 20:41:11,Ford_Fiesta_TÜV_09/2016,privat,Offer,200,control,kleinwagen,1995,manuell,50,fiesta,150000,Sep,Gasoline,ford,Other,2016-03-17 00:00:00,4205,2016-03-17 20:41:11,2016,2016,March,March,21,3
2016-04-02 16:48:51,Bastlerfahrzeug_zu_verkaufen,privat,Offer,1000,control,kleinwagen,2006,manuell,80,fiesta,150000,Jan,,ford,Other,2016-04-02 00:00:00,50354,2016-04-02 16:48:51,2016,2016,April,April,10,11
2016-03-09 12:59:43,Ford_Fiesta_1.4_Futura_Klimaanlage,privat,Offer,1950,control,kleinwagen,2004,manuell,80,fiesta,100000,Apr,Gasoline,ford,No,2016-03-09 00:00:00,58455,2016-03-13 01:46:26,2016,2016,March,March,12,8
2016-03-28 20:48:41,Zu_Verkaufen,privat,Offer,2600,control,kleinwagen,2006,manuell,69,fiesta,150000,Nov,,ford,No,2016-03-28 00:00:00,50374,2016-04-07 03:44:27,2016,2016,March,March,10,1
2016-03-16 19:49:43,Ford_Ka_in_sehr_guten__Zustand_mit_Klima_Tuev_11/2017,privat,Offer,1300,test,kleinwagen,2000,manuell,60,ka,150000,Sep,Gasoline,ford,No,2016-03-16 00:00:00,39218,2016-03-24 13:47:47,2016,2016,March,March,16,3
2016-03-11 16:45:59,Ford_Fiesta,privat,Offer,5500,test,kleinwagen,2010,manuell,92,fiesta,125000,Apr,Diesel,ford,No,2016-03-11 00:00:00,71332,2016-04-05 14:46:46,2016,2016,March,March,6,8
2016-04-01 21:37:40,Auto_zu_verkaufen,privat,Offer,350,test,kleinwagen,2000,manuell,60,Other,150000,Jan,Gasoline,ford,Yes,2016-04-01 00:00:00,70565,2016-04-05 19:15:49,2016,2016,April,April,16,11
2016-03-16 08:44:24,Mein_kleines_Auto,privat,Offer,1150,test,kleinwagen,2006,manuell,0,ka,125000,Aug,Gasoline,ford,Other,2016-03-15 00:00:00,61231,2016-03-17 08:29:35,2016,2016,March,March,10,4
2016-03-23 12:54:19,Ford_Ka_K2_Snow_Edition_mit_2Jahren_TÜV.,privat,Offer,900,control,kleinwagen,1999,manuell,60,ka,125000,Jul,Gasoline,ford,No,2016-03-23 00:00:00,41061,2016-03-23 12:54:19,2016,2016,March,March,17,5
2016-03-29 16:54:32,350___Ford_KA__Ausschlachten_mit_8fach_Bereifung,privat,Offer,350,control,kleinwagen,2002,manuell,60,ka,125000,Jan,Gasoline,ford,Yes,2016-03-29 00:00:00,81827,2016-04-02 05:16:51,2016,2016,March,March,14,11
2016-03-24 16:45:28,FORD_fiesta_44_Kw_ca.84000_km,privat,Offer,650,control,kleinwagen,1998,manuell,44,fiesta,90000,Jun,,ford,Yes,2016-03-24 00:00:00,6901,2016-04-07 08:46:34,2016,2016,March,March,18,6
2016-03-07 13:49:43,Bastler_Auto,privat,Offer,200,control,kleinwagen,1992,manuell,90,escort,150000,Aug,Gasoline,ford,Yes,2016-03-07 00:00:00,28876,2016-03-10 10:44:41,2016,2016,March,March,24,4
2016-03-23 16:53:14,Ford_Fiesta_1.3_Trend,privat,Offer,2999,test,kleinwagen,2006,manuell,69,fiesta,125000,Jun,Gasoline,ford,No,2016-03-23 00:00:00,56865,2016-04-05 20:47:08,2016,2016,March,March,10,6
2016-04-03 09:52:55,Ford_KA___Rot___1998,privat,Offer,300,control,kleinwagen,1998,manuell,45,ka,150000,Mar,Gasoline,ford,Yes,2016-04-03 00:00:00,44309,2016-04-07 11:17:18,2016,2016,April,April,18,9
2016-03-28 18:40:36,Fiesta_tuev_10/2016,privat,Offer,275,control,kleinwagen,1999,manuell,75,fiesta,150000,Jan,,ford,Other,2016-03-28 00:00:00,97794,2016-04-07 00:17:52,2016,2016,March,March,17,11
2016-03-29 13:59:36,Ford_Fiesta_1.3_Ambiente,privat,Offer,2500,control,kleinwagen,2006,manuell,69,fiesta,150000,Nov,Gasoline,ford,Yes,2016-03-29 00:00:00,50374,2016-04-05 23:47:08,2016,2016,March,March,10,1
2016-03-10 23:46:22,Ford_***Tuev_und_HU_Neu__89.000_KM_Top_Zustand***,privat,Offer,1500,test,kleinwagen,2002,manuell,60,ka,90000,Mar,Gasoline,ford,No,2016-03-10 00:00:00,60487,2016-03-12 15:12:05,2016,2016,March,March,14,9
2016-03-17 15:47:18,Biete_Ford_Ka_zum_Ausschlachten___nicht_fahrbereit,privat,Offer,75,test,kleinwagen,1998,Unspecified,0,ka,125000,Jan,Gasoline,ford,Yes,2016-03-17 00:00:00,32699,2016-04-01 02:45:33,2016,2016,March,March,18,11
2016-03-14 18:47:02,Unfallwagen_zum_Reparieren_oder_Ausschlachten,privat,Offer,150,test,kleinwagen,2002,manuell,44,Other,125000,Nov,Gasoline,ford,Yes,2016-03-14 00:00:00,16928,2016-03-28 03:45:31,2016,2016,March,March,14,1
2016-03-14 05:40:49,Ford_Focus,privat,Offer,2000,test,kleinwagen,2003,manuell,101,focus,150000,Feb,Gasoline,ford,Other,2016-03-13 00:00:00,76756,2016-03-16 18:15:36,2016,2016,March,March,13,10
2016-03-09 01:51:22,zu_verkaufen,privat,Offer,600,control,kleinwagen,2001,manuell,0,ka,150000,Aug,,ford,No,2016-03-08 00:00:00,24321,2016-03-27 06:46:12,2016,2016,March,March,15,4
2016-03-20 12:55:36,Schlacht_fest_teile_auf_anfrage,privat,Offer,10,test,kleinwagen,1998,manuell,0,ka,150000,Jan,Gasoline,ford,Other,2016-03-20 00:00:00,21107,2016-03-28 11:16:27,2016,2016,March,March,18,11
2016-03-15 12:58:22,Ford_Focus,privat,Offer,3800,control,kleinwagen,2004,manuell,75,focus,125000,Jul,Gasoline,ford,Yes,2016-03-15 00:00:00,31711,2016-04-06 02:17:28,2016,2016,March,March,12,5
2016-03-19 19:55:41,Ford_Fiesta_1.3_FUN_TOP_ZUSTAND_KLIMA_Neues_Modell_!,privat,Offer,3390,control,kleinwagen,2006,manuell,60,fiesta,100000,Jun,Gasoline,ford,No,2016-03-19 00:00:00,50968,2016-03-23 09:46:05,2016,2016,March,March,10,6
2016-03-28 11:51:07,Ford_Fiesta_1_3_Fun_X,privat,Offer,2900,control,kleinwagen,2007,manuell,69,fiesta,150000,Jan,Gasoline,ford,No,2016-03-28 00:00:00,70839,2016-03-28 11:51:07,2016,2016,March,March,9,11
2016-03-29 18:39:54,Ford_Ka_mit_TÜV,privat,Offer,1150,control,kleinwagen,2003,manuell,0,ka,80000,Jul,Gasoline,ford,No,2016-03-29 00:00:00,34253,2016-04-06 04:16:15,2016,2016,March,March,13,5
2016-03-24 11:51:38,Ford_KA_silber,privat,Offer,300,test,kleinwagen,2001,Unspecified,0,ka,150000,Jan,Gasoline,ford,Other,2016-03-24 00:00:00,15745,2016-03-24 12:40:11,2016,2016,March,March,15,11
2016-03-10 18:42:41,Ford_Ka_mit_Klimaanlage,privat,Offer,375,test,kleinwagen,1998,manuell,60,ka,70000,May,Gasoline,ford,Other,2016-03-10 00:00:00,13127,2016-03-10 18:42:41,2016,2016,March,March,18,7
2016-03-19 18:55:30,Ford_Fiesta_1_3_Fun_X,privat,Offer,2950,test,kleinwagen,2007,manuell,69,fiesta,150000,Jan,Gasoline,ford,No,2016-03-19 00:00:00,72622,2016-03-27 11:17:11,2016,2016,March,March,9,11
2016-03-07 20:38:32,Ford_Focus_1_4_an_Bastler,privat,Offer,450,test,kleinwagen,1999,manuell,75,focus,150000,Feb,Gasoline,ford,Yes,2016-03-07 00:00:00,58453,2016-03-08 07:16:48,2016,2016,March,March,17,10
2016-03-26 13:47:19,Ford_Ka,privat,Offer,1399,control,kleinwagen,2005,manuell,60,ka,50000,Dec,Gasoline,ford,No,2016-03-26 00:00:00,7937,2016-04-06 01:45:46,2016,2016,March,March,11,0
2016-03-23 17:55:12,Ford_Fiesta_Style_29417_KM__8_Fach_bereift_12/2017_TÜV,privat,Offer,4099,control,kleinwagen,2007,manuell,60,fiesta,30000,Sep,Gasoline,ford,No,2016-03-23 00:00:00,33605,2016-03-23 17:55:12,2016,2016,March,March,9,3
2016-03-11 16:37:35,Ford_Ka,privat,Offer,1199,test,kleinwagen,2000,manuell,60,ka,100000,Mar,Gasoline,ford,No,2016-03-11 00:00:00,70374,2016-03-18 00:17:55,2016,2016,March,March,16,9
2016-03-09 18:44:34,Ford_Fiesta_1.3,privat,Offer,1350,test,kleinwagen,2002,manuell,69,fiesta,150000,Aug,Gasoline,ford,No,2016-03-09 00:00:00,93466,2016-03-10 14:46:06,2016,2016,March,March,14,4
2016-03-09 23:52:15,Ford_Fiesta_MK4__noch_mit_TueV_bis_11.2016,privat,Offer,499,test,kleinwagen,1998,manuell,50,fiesta,150000,Jun,Gasoline,ford,No,2016-03-09 00:00:00,47623,2016-03-12 07:15:36,2016,2016,March,March,18,6
2016-03-19 16:52:43,Ford_Fiesta_Bj.2000,privat,Offer,950,test,kleinwagen,2000,manuell,60,fiesta,125000,Sep,Gasoline,ford,No,2016-03-19 00:00:00,4416,2016-04-07 02:46:31,2016,2016,March,March,16,3
2016-03-12 22:37:33,~~?Sehr_gepfleges_Fiesta_§Sparsam§_wenig_Kilometer_§_TÜV2018?~~,privat,Offer,1200,control,kleinwagen,2001,manuell,60,fiesta,125000,Jan,Gasoline,ford,No,2016-03-12 00:00:00,74909,2016-03-13 02:41:40,2016,2016,March,March,15,11
2016-03-21 11:52:11,Ford_Fiesta_Futura,privat,Offer,1650,control,kleinwagen,2000,manuell,75,fiesta,150000,Dec,Gasoline,ford,No,2016-03-21 00:00:00,31515,2016-03-25 08:45:50,2016,2016,March,March,16,0
2016-03-08 00:53:55,Ford_Fiesta_1.6_TDCi_Econetic,privat,Offer,3000,control,kleinwagen,2010,manuell,95,fiesta,150000,Aug,Diesel,ford,No,2016-03-08 00:00:00,10557,2016-03-08 08:42:26,2016,2016,March,March,6,4
2016-03-19 09:54:29,Ford_Fiesta_1_4_ST_SPORT_TÜV_04/2017,privat,Offer,3650,test,kleinwagen,2006,manuell,80,Other,150000,Apr,Gasoline,ford,Other,2016-03-19 00:00:00,53783,2016-04-06 23:46:36,2016,2016,March,March,10,8
2016-03-27 19:43:25,Ford_Fiesta_CLX,privat,Offer,550,control,kleinwagen,1992,manuell,60,fiesta,90000,Jan,Gasoline,ford,No,2016-03-27 00:00:00,94036,2016-03-29 09:16:47,2016,2016,March,March,24,11
2016-03-07 08:54:51,Ford_Fusion,privat,Offer,3100,control,kleinwagen,2005,manuell,76,fusion,80000,Oct,Gasoline,ford,No,2016-03-07 00:00:00,45739,2016-03-08 18:48:47,2016,2016,March,March,11,2
2016-03-28 16:37:03,Ford_fiesta__92000_km_Top_zustand,privat,Offer,700,test,kleinwagen,1998,manuell,60,fiesta,100000,Jan,Gasoline,ford,Other,2016-03-28 00:00:00,53840,2016-03-30 07:44:57,2016,2016,March,March,18,11
2016-03-15 18:44:47,Muss_schnell_weg,privat,Offer,200,control,kleinwagen,1993,automatik,0,fiesta,90000,Jan,Gasoline,ford,Other,2016-03-15 00:00:00,12524,2016-03-16 16:17:04,2016,2016,March,March,23,11
2016-03-09 17:06:34,Ford_Fiesta_ohne_TÜV_an_Bastler,privat,Offer,200,test,kleinwagen,2001,manuell,75,fiesta,150000,Apr,Gasoline,ford,Yes,2016-03-09 00:00:00,56269,2016-03-22 03:46:02,2016,2016,March,March,15,8
2016-03-08 12:54:25,Ford_Ka___TÜV_NEU,privat,Offer,599,test,kleinwagen,1997,manuell,54,ka,150000,Jan,Gasoline,ford,Other,2016-03-08 00:00:00,30823,2016-04-05 16:44:58,2016,2016,March,March,19,11
2016-03-24 21:49:45,Saubere_Stadt_wagen,privat,Offer,1900,test,kleinwagen,2002,manuell,84,fiesta,150000,Jul,Gasoline,ford,Other,2016-03-24 00:00:00,13353,2016-03-26 07:47:31,2016,2016,March,March,14,5
2016-03-05 19:57:02,Sehr_schoener_Ford_Fiesta_1_4,privat,Offer,2850,test,kleinwagen,2004,manuell,80,fiesta,150000,Jan,Gasoline,ford,Other,2016-03-05 00:00:00,54657,2016-03-18 02:44:30,2016,2016,March,March,12,11
2016-03-28 14:38:29,Fiesta_1_25i__55Kw__Klima__2_x_Airbag__D4Kat__Servo__fahrbereit,privat,Offer,299,test,kleinwagen,1998,manuell,72,fiesta,125000,Oct,Gasoline,ford,No,2016-03-28 00:00:00,4654,2016-04-06 18:19:16,2016,2016,March,March,18,2
2016-03-20 21:51:37,Super_Ford_Ka,privat,Offer,5199,test,kleinwagen,2009,manuell,69,ka,50000,Mar,Gasoline,ford,No,2016-03-20 00:00:00,49811,2016-04-07 08:15:41,2016,2016,March,March,7,9
2016-03-16 14:46:41,Ford_Fiesta_Tuev_09/16,privat,Offer,700,test,kleinwagen,2002,manuell,75,fiesta,150000,Jan,Diesel,ford,No,2016-03-16 00:00:00,21073,2016-03-21 15:49:09,2016,2016,March,March,14,11
2016-04-01 12:52:38,Ford_Fiesta_mit_Anhaengerkupplung_fuer_Bastler__ohne_TÜV_,privat,Offer,400,test,kleinwagen,1999,manuell,50,fiesta,125000,Mar,Gasoline,ford,No,2016-04-01 00:00:00,66809,2016-04-03 08:47:14,2016,2016,April,April,17,9
2016-03-19 01:53:38,FORD_KA__TÜV_3_2018__VOLLAUSSATTUNG_LEDER_KLIMA_FUNK_ZV,privat,Offer,1300,control,kleinwagen,2001,manuell,60,ka,150000,Mar,Gasoline,ford,No,2016-03-19 00:00:00,52064,2016-03-23 21:19:43,2016,2016,March,March,15,9
2016-03-08 13:50:14,Auto_fuer_Bastler,privat,Offer,300,control,kleinwagen,2004,manuell,74,ka,90000,Jan,,ford,Other,2016-03-08 00:00:00,96465,2016-03-08 13:50:14,2016,2016,March,March,12,11
2016-03-08 15:53:27,Ford_Fiesta,privat,Offer,500,test,kleinwagen,1995,manuell,60,fiesta,150000,Jan,Gasoline,ford,Other,2016-03-08 00:00:00,63069,2016-04-07 04:46:11,2016,2016,March,March,21,11
2016-03-29 17:45:53,Schoener_Ford_ka_ohne_tuev,privat,Offer,300,control,kleinwagen,1999,manuell,0,ka,70000,Jan,,ford,No,2016-03-29 00:00:00,39638,2016-04-06 03:17:09,2016,2016,March,March,17,11
2016-04-04 09:54:58,FORD_KA;_BJ_01/1997,privat,Offer,150,control,kleinwagen,1997,manuell,60,ka,125000,Jan,Gasoline,ford,No,2016-04-04 00:00:00,47249,2016-04-04 10:44:40,2016,2016,April,April,19,11
2016-03-09 13:43:50,Ford_Ka_1.Hand.._Zulassung_1/2006.._nur_118.000_km.._angemeldet,privat,Offer,1100,control,kleinwagen,2006,manuell,60,ka,125000,Jan,Gasoline,ford,No,2016-03-09 00:00:00,12529,2016-03-10 08:46:32,2016,2016,March,March,10,11
2016-03-11 13:59:04,Ford_Fiesta_1.25,privat,Offer,5750,test,kleinwagen,2009,manuell,82,fiesta,70000,Feb,Gasoline,ford,No,2016-03-11 00:00:00,40723,2016-03-15 05:16:37,2016,2016,March,March,7,10
2016-03-22 10:55:49,Ford_Fiesta,privat,Offer,550,control,kleinwagen,2001,manuell,50,fiesta,150000,Feb,Gasoline,ford,No,2016-03-22 00:00:00,44147,2016-04-03 22:18:15,2016,2016,March,March,15,10
2016-03-10 09:47:41,Ford_Fiesta_1.3,privat,Offer,3900,test,kleinwagen,2006,manuell,60,fiesta,80000,Mar,Gasoline,ford,No,2016-03-10 00:00:00,21720,2016-03-22 16:48:48,2016,2016,March,March,10,9
2016-03-06 17:41:50,ford_fiesta,privat,Offer,800,control,kleinwagen,2000,manuell,60,fiesta,125000,Aug,Gasoline,ford,Other,2016-03-06 00:00:00,64732,2016-03-10 21:48:16,2016,2016,March,March,16,4
2016-04-04 15:56:40,Ford_Fiesta,privat,Offer,1250,test,kleinwagen,1999,manuell,60,fiesta,80000,Mar,Gasoline,ford,No,2016-04-04 00:00:00,46537,2016-04-06 17:44:59,2016,2016,April,April,17,9
2016-04-03 19:55:12,Ford_Fiesta_1.3_Ambiente,privat,Offer,2000,test,kleinwagen,2006,manuell,60,fiesta,150000,Mar,Gasoline,ford,Yes,2016-04-03 00:00:00,16356,2016-04-05 20:45:32,2016,2016,April,April,10,9
2016-04-01 17:46:48,Ford_Ka_1.2_Titanium,privat,Offer,5500,test,kleinwagen,2009,manuell,69,ka,50000,Jun,Gasoline,ford,No,2016-04-01 00:00:00,64404,2016-04-05 13:15:42,2016,2016,April,April,7,6
2016-03-16 19:46:32,Ford_Ka_Tuev_1_Jahr_/Klima/8_fach_Bereift/wenig_KM/USB_Radio_dabei,privat,Offer,1399,test,kleinwagen,2004,manuell,60,ka,125000,Mar,Gasoline,ford,No,2016-03-16 00:00:00,47533,2016-03-17 18:16:31,2016,2016,March,March,12,9
2016-03-08 09:50:57,Ford_Fiesta_|_Sommer__und_Winterreifen_|_Ölwechsel_NEU,privat,Offer,850,control,kleinwagen,1999,manuell,50,fiesta,150000,May,Gasoline,ford,No,2016-03-08 00:00:00,75177,2016-03-10 11:45:43,2016,2016,March,March,17,7
2016-03-06 02:57:10,Leider_muss_ich_noch_ein_Stueck_von_mein_Lenden,privat,Offer,1950,control,kleinwagen,2001,Unspecified,0,ka,10000,Jul,Gasoline,ford,Other,2016-03-06 00:00:00,24395,2016-03-23 20:44:37,2016,2016,March,March,15,5
2016-03-31 12:47:43,Ghia_Ausstattung_19_Monate_TÜV_technisch_Einwandfrei,privat,Offer,800,test,kleinwagen,2000,manuell,75,fiesta,150000,Jan,Gasoline,ford,Other,2016-03-31 00:00:00,28239,2016-04-06 05:17:46,2016,2016,March,March,16,11
2016-03-11 10:53:42,Ford_ka__!!!_top_tuev_neu_!!!,privat,Offer,1500,test,kleinwagen,2002,manuell,60,ka,125000,Mar,Gasoline,ford,No,2016-03-11 00:00:00,44532,2016-03-19 18:41:06,2016,2016,March,March,14,9
2016-03-11 19:42:57,Ford_Fiesta_1.3_Fun,privat,Offer,4400,test,kleinwagen,2007,manuell,69,fiesta,30000,Oct,Gasoline,ford,No,2016-03-11 00:00:00,94481,2016-03-13 00:45:02,2016,2016,March,March,9,2
2016-03-09 15:58:20,Ford_Focus_1.6_Trend,privat,Offer,3200,control,kleinwagen,2007,manuell,101,focus,150000,Jun,Gasoline,ford,Yes,2016-03-09 00:00:00,83026,2016-03-10 22:46:15,2016,2016,March,March,9,6
2016-03-05 23:50:57,Ford_Ka___ENDURA_____BJ_2003__Scheckheft_Original_81.000_Km,privat,Offer,1200,test,kleinwagen,2003,manuell,60,ka,90000,Mar,Gasoline,ford,No,2016-03-05 00:00:00,35039,2016-03-10 13:17:37,2016,2016,March,March,13,9
2016-04-04 15:46:11,Verkaufe_Ford_Fiest,privat,Offer,490,test,kleinwagen,2000,manuell,60,fiesta,150000,Jan,,ford,Other,2016-04-04 00:00:00,79395,2016-04-06 17:16:53,2016,2016,April,April,16,11
2016-03-15 20:54:27,Verkaufe_ford,privat,Offer,0,test,kleinwagen,1991,manuell,50,fiesta,80000,Jan,,ford,Other,2016-03-15 00:00:00,17489,2016-03-20 19:45:02,2016,2016,March,March,25,11
2016-04-05 05:32:25,Ford_Fiesta_1.4_TDCI_Ghia,privat,Offer,2600,test,kleinwagen,2005,manuell,68,fiesta,150000,Mar,Diesel,ford,No,2016-04-05 00:00:00,35390,2016-04-05 12:27:58,2016,2016,April,April,11,9
2016-03-19 23:54:39,Sonnengelber_Ford_Ka__TÜV_11/2017,privat,Offer,850,control,kleinwagen,2000,manuell,0,ka,150000,Apr,Gasoline,ford,Other,2016-03-19 00:00:00,55543,2016-03-23 21:45:55,2016,2016,March,March,16,8
2016-03-25 10:57:51,Ford_Ka___schwarz_Tuev_Neu_3_/_18,privat,Offer,780,test,kleinwagen,1997,manuell,44,ka,125000,Oct,Gasoline,ford,No,2016-03-25 00:00:00,48691,2016-03-31 18:15:58,2016,2016,March,March,19,2
2016-03-21 13:41:50,Ford_Fiesta_Baujahr_1997!__67.000_km_gefahren!,privat,Offer,600,test,kleinwagen,1997,automatik,75,fiesta,70000,Dec,Gasoline,ford,Yes,2016-03-21 00:00:00,27793,2016-03-31 15:47:16,2016,2016,March,March,19,0
2016-04-02 08:37:01,Ford_Fiesta,privat,Offer,2250,control,kleinwagen,2003,manuell,80,fiesta,150000,May,Gasoline,ford,No,2016-04-02 00:00:00,57319,2016-04-06 06:15:30,2016,2016,April,April,13,7
2016-03-22 05:36:24,Verkaufe_Ford_Ka_Bj.2003_TÜV_bis_Maerz_2018,privat,Offer,0,control,kleinwagen,2003,manuell,0,ka,150000,Mar,Gasoline,ford,Other,2016-03-22 00:00:00,73525,2016-03-23 15:19:36,2016,2016,March,March,13,9
2016-03-07 08:54:14,Ford_Fiesta_1.3,privat,Offer,750,control,kleinwagen,2003,manuell,60,fiesta,150000,Aug,Gasoline,ford,No,2016-03-07 00:00:00,33335,2016-03-19 22:47:10,2016,2016,March,March,13,4
2016-03-07 17:51:41,SÜssER_FLITZER,privat,Offer,499,test,kleinwagen,2001,manuell,50,fiesta,150000,Jul,Gasoline,ford,No,2016-03-07 00:00:00,30629,2016-03-14 05:15:13,2016,2016,March,March,15,5
2016-04-01 23:56:37,Ford_Fiesta_Focus,privat,Offer,690,control,kleinwagen,1997,manuell,60,fiesta,90000,Jul,Gasoline,ford,No,2016-04-01 00:00:00,94327,2016-04-06 05:16:07,2016,2016,April,April,19,5
2016-04-03 12:38:16,Ford_Fiesta_JBS_1_3l,privat,Offer,75,control,kleinwagen,1996,manuell,60,fiesta,150000,Dec,Gasoline,ford,Other,2016-04-03 00:00:00,7950,2016-04-07 14:57:00,2016,2016,April,April,20,0
2016-03-06 20:38:41,Ford_Ka,privat,Offer,999,control,kleinwagen,1997,manuell,60,ka,150000,Dec,Gasoline,ford,No,2016-03-06 00:00:00,76872,2016-04-06 23:16:03,2016,2016,March,March,19,0
2016-03-25 16:26:27,Ford_Fiesta_1.25_Titanium,privat,Offer,3800,test,kleinwagen,2008,manuell,82,fiesta,90000,Nov,Gasoline,ford,Yes,2016-03-25 00:00:00,56073,2016-03-29 02:15:50,2016,2016,March,March,8,1
2016-03-31 18:54:36,Ford_Fiesta_Servo_TÜV_5.Tuerer,privat,Offer,400,control,kleinwagen,1998,manuell,50,fiesta,150000,Dec,Gasoline,ford,No,2016-03-31 00:00:00,32049,2016-04-02 14:45:18,2016,2016,March,March,18,0
2016-03-21 21:47:24,Gebrauchter_Ford_Escort_/_TÜV_abgelaufen_/_Bastlerfahrzeug,privat,Offer,300,control,kleinwagen,1997,manuell,74,escort,125000,Apr,Gasoline,ford,Yes,2016-03-21 00:00:00,14552,2016-03-28 19:44:46,2016,2016,March,March,19,8
2016-03-14 09:45:49,FORD_FIESTA_4_JBS_BJ_11/01_5_GANG_55KW_ALU_ABS_KAT_TÜV_u._ASU_NEU,privat,Offer,1300,control,kleinwagen,2001,manuell,75,fiesta,125000,Nov,Gasoline,ford,Other,2016-03-14 00:00:00,81247,2016-03-22 02:45:40,2016,2016,March,March,15,1
2016-03-26 16:47:00,Ford_fiesta,privat,Offer,4499,control,kleinwagen,2006,manuell,70,Other,80000,Jun,Gasoline,ford,No,2016-03-26 00:00:00,49477,2016-04-06 05:16:36,2016,2016,March,March,10,6
2016-03-12 11:54:28,Ford_Fiesta_1.25_Trend,privat,Offer,4199,test,kleinwagen,2008,manuell,82,fiesta,125000,Dec,Gasoline,ford,No,2016-03-12 00:00:00,50769,2016-03-12 11:54:28,2016,2016,March,March,8,0
2016-03-31 14:57:23,Ford_Focus,privat,Offer,260,control,kleinwagen,2003,manuell,101,focus,150000,Jul,Gasoline,ford,No,2016-03-31 00:00:00,93495,2016-03-31 14:57:23,2016,2016,March,March,13,5
2016-03-11 19:58:50,Ford_Fiesta_1.3_fun_Klima_TÜV_06/2017,privat,Offer,2700,test,kleinwagen,2006,manuell,60,fiesta,125000,Jun,Gasoline,ford,No,2016-03-11 00:00:00,45355,2016-04-06 03:15:34,2016,2016,March,March,10,6
2016-04-02 19:37:59,Ford_Fiesta_1.3_Ambiente,privat,Offer,999,control,kleinwagen,2001,manuell,60,fiesta,150000,Dec,Gasoline,ford,No,2016-04-02 00:00:00,56814,2016-04-06 19:44:36,2016,2016,April,April,15,0
2016-03-22 12:06:20,Ford_Fusion__1.4_Klima_Euro_4_Gruene_PLK,privat,Offer,3300,control,kleinwagen,2006,manuell,80,fusion,90000,Dec,Gasoline,ford,No,2016-03-22 00:00:00,56564,2016-04-02 20:18:30,2016,2016,March,March,10,0
2016-03-22 10:40:50,Ford_Fiesta_Fun,privat,Offer,750,control,kleinwagen,1996,manuell,75,fiesta,100000,Feb,Gasoline,ford,No,2016-03-22 00:00:00,53359,2016-04-03 21:15:50,2016,2016,March,March,20,10
2016-03-15 12:51:57,Ford_Fiesta_rot_BJ_2002,privat,Offer,485,control,kleinwagen,2002,Unspecified,90,fiesta,125000,Mar,Gasoline,ford,Other,2016-03-15 00:00:00,23556,2016-03-20 07:48:15,2016,2016,March,March,14,9
2016-03-16 14:46:47,Ford_Fiesta_1.3_1HAND_ORGINAL_NUR_66.000_KM,privat,Offer,1650,test,kleinwagen,2003,manuell,60,fiesta,70000,Aug,Gasoline,ford,No,2016-03-16 00:00:00,41516,2016-03-17 12:45:22,2016,2016,March,March,13,4
2016-04-03 09:52:41,Ford_Fiesta_1.3__Technisch_Sehr_Gut_Tuev_bis_01.2017,privat,Offer,1350,control,kleinwagen,2004,manuell,60,fiesta,150000,Sep,Gasoline,ford,No,2016-04-03 00:00:00,85391,2016-04-05 08:16:44,2016,2016,April,April,12,3
2016-03-28 20:06:36,Ford_Fiesta_aus_ertser_Hand,privat,Offer,400,test,kleinwagen,1997,manuell,75,fiesta,150000,May,Gasoline,ford,Yes,2016-03-28 00:00:00,65185,2016-04-07 06:15:34,2016,2016,March,March,19,7
2016-04-02 15:53:18,Ford_Fiesta_Diesel,privat,Offer,4800,control,kleinwagen,2010,manuell,90,fiesta,150000,Jan,Diesel,ford,No,2016-04-02 00:00:00,88512,2016-04-06 14:46:03,2016,2016,April,April,6,11
2016-03-15 11:38:11,Ford_Fiesta_1.3_Klima_sehr_gepflegt,privat,Offer,1100,test,kleinwagen,2004,manuell,60,fiesta,150000,Mar,Gasoline,ford,No,2016-03-15 00:00:00,45149,2016-03-18 03:46:51,2016,2016,March,March,12,9
2016-03-19 07:00:56,Ford_Fiesta_Unfall_Frontschaden_mit_TÜV_Bastlerfahrzeug,privat,Offer,1750,control,kleinwagen,2005,manuell,60,fiesta,80000,Jan,Gasoline,ford,Yes,2016-03-19 00:00:00,51381,2016-03-19 08:45:42,2016,2016,March,March,11,11
2016-03-19 10:55:51,Verkaufe_kleinen_Flitzer_mit_Tuev_bis_2017,privat,Offer,600,test,kleinwagen,1998,manuell,60,ka,150000,Nov,Gasoline,ford,No,2016-03-19 00:00:00,21682,2016-03-19 10:55:51,2016,2016,March,March,18,1
2016-03-12 21:37:21,Zu_verkaufen_Ford_Fiesta_1_3_4_tuerig_TÜV_ASU_neu,privat,Offer,999,test,kleinwagen,1999,manuell,60,fiesta,150000,Sep,,ford,No,2016-03-12 00:00:00,30167,2016-03-23 15:47:33,2016,2016,March,March,17,3
2016-03-24 05:36:19,Sparsamer_Ford_mit_kraeftigen_1_4_/_80_ps_Motor/_neuer_Zahnriemen!,privat,Offer,2600,control,kleinwagen,2002,manuell,80,fiesta,125000,May,Gasoline,ford,No,2016-03-24 00:00:00,47445,2016-03-24 08:48:07,2016,2016,March,March,14,7
2016-03-16 21:54:09,Ford_Ka_1.2_Trend_Super_gepflegt!!!_8_fach_bereift,privat,Offer,4150,control,kleinwagen,2009,manuell,69,ka,80000,Dec,Gasoline,ford,No,2016-03-16 00:00:00,33415,2016-03-19 22:47:53,2016,2016,March,March,7,0
2016-04-06 14:25:35,Ford_Fiesta_Seitenschaden,privat,Offer,50,test,kleinwagen,1999,manuell,50,fiesta,125000,May,Gasoline,ford,Yes,2016-04-06 00:00:00,55120,2016-04-06 14:25:35,2016,2016,April,April,17,7
2016-03-25 12:54:37,Ford_focus_116Ps,privat,Offer,3000,test,kleinwagen,2006,manuell,116,focus,150000,Jan,Gasoline,ford,No,2016-03-25 00:00:00,95679,2016-03-25 12:54:37,2016,2016,March,March,10,11
2016-03-07 11:55:28,Ford_Fiesta_Bj._88,privat,Offer,555,test,kleinwagen,1988,manuell,49,fiesta,60000,Feb,Gasoline,ford,No,2016-03-07 00:00:00,73054,2016-03-08 07:17:25,2016,2016,March,March,28,10
2016-03-13 21:46:43,Ford_Fiesta,privat,Offer,350,test,kleinwagen,1999,manuell,75,fiesta,150000,Mar,Gasoline,ford,No,2016-03-13 00:00:00,14547,2016-03-16 16:17:11,2016,2016,March,March,17,9
2016-03-22 19:51:14,Ford_Fiesta_1.3_TÜV_neu,privat,Offer,2500,test,kleinwagen,2005,manuell,60,fiesta,150000,Apr,Gasoline,ford,No,2016-03-22 00:00:00,83349,2016-04-06 13:16:19,2016,2016,March,March,11,8
2016-03-07 14:51:42,Ford_Fiesta,privat,Offer,550,control,kleinwagen,1993,manuell,60,fiesta,150000,Apr,Gasoline,ford,No,2016-03-07 00:00:00,1558,2016-03-14 08:46:36,2016,2016,March,March,23,8
2016-04-04 13:55:54,Ford_Ka_Futura_TÜV_NEU,privat,Offer,999,control,kleinwagen,2001,manuell,60,ka,150000,Nov,Gasoline,ford,No,2016-04-04 00:00:00,56626,2016-04-06 15:16:49,2016,2016,April,April,15,1
2016-03-09 22:28:53,Ford_Ka_Bj.2004__Unfallauto__zum_basteln,privat,Offer,450,control,kleinwagen,2004,manuell,0,ka,100000,Jan,Gasoline,ford,Yes,2016-03-09 00:00:00,60529,2016-03-18 00:17:49,2016,2016,March,March,12,11
2016-03-31 15:57:48,Ford_Focus_1.4L_mit_75PS**Baujahr_2004**TÜV/AU_bis_04/2017*Klima*,privat,Offer,890,control,kleinwagen,2004,manuell,75,focus,150000,May,Gasoline,ford,No,2016-03-31 00:00:00,61169,2016-04-06 08:45:19,2016,2016,March,March,12,7
2016-03-25 09:36:24,Ford_Fiesta_1.4_TDCI_Ambiente,privat,Offer,3050,test,kleinwagen,2006,manuell,68,fiesta,125000,Feb,Diesel,ford,No,2016-03-25 00:00:00,84088,2016-04-06 09:46:21,2016,2016,March,March,10,10
2016-03-11 15:54:01,Verkaufe_ford,privat,Offer,0,test,kleinwagen,1991,manuell,50,fiesta,80000,May,Gasoline,ford,Other,2016-03-11 00:00:00,17489,2016-03-15 08:15:30,2016,2016,March,March,25,7
2016-03-17 17:39:12,wegen_neuanschaffung,privat,Offer,550,control,kleinwagen,1999,manuell,60,ka,90000,Oct,Gasoline,ford,No,2016-03-17 00:00:00,31868,2016-03-19 17:18:33,2016,2016,March,March,17,2
2016-03-19 12:46:37,Ford_Fiesta_1.3_Ambiente/Klima/Frontsch._heizb./Allw.,privat,Offer,1400,test,kleinwagen,2003,manuell,60,fiesta,125000,Oct,Gasoline,ford,No,2016-03-19 00:00:00,39240,2016-03-24 06:17:41,2016,2016,March,March,13,2
2016-03-05 17:56:18,Ford_Fiesta_1.3_Fun_X__Klima__Top_Zustand,privat,Offer,3800,test,kleinwagen,2007,manuell,60,fiesta,70000,Oct,Gasoline,ford,No,2016-03-05 00:00:00,58509,2016-03-15 08:15:56,2016,2016,March,March,9,2
2016-03-26 00:46:04,Ford_Ka_Tuev_Neu,privat,Offer,1250,test,kleinwagen,1999,manuell,60,ka,80000,Jan,,ford,No,2016-03-25 00:00:00,26316,2016-04-03 15:15:24,2016,2016,March,March,17,11
2016-03-22 19:45:13,Ford_Fiesta_2005_1._Hand,privat,Offer,2200,test,kleinwagen,2015,manuell,60,fiesta,150000,Nov,Gasoline,ford,No,2016-03-22 00:00:00,42389,2016-03-22 19:45:13,2016,2016,March,March,1,1
2016-04-01 15:59:08,Ford_Fiesta_1.4_Diesel,privat,Offer,1250,test,kleinwagen,2003,manuell,68,fiesta,150000,Jun,,ford,No,2016-04-01 00:00:00,13055,2016-04-05 11:45:07,2016,2016,April,April,13,6
2016-03-28 00:59:00,Ford_Fiesta_1_4TDCI+TÜV_NEU_04/2018+NEUE_REIFEN+SPARSAM+KLIMA,privat,Offer,2800,control,kleinwagen,2005,manuell,68,fiesta,150000,Jan,Diesel,ford,No,2016-03-28 00:00:00,21357,2016-04-02 12:44:46,2016,2016,March,March,11,11
2016-03-15 10:49:59,Ford_Ka__Erstzul:_2006_TÜV__Okt.16__136.000_km__Bastlerfahrzeug,privat,Offer,1100,control,kleinwagen,2006,manuell,70,ka,150000,Apr,Gasoline,ford,Yes,2016-03-15 00:00:00,59075,2016-03-17 04:44:39,2016,2016,March,March,10,8
2016-03-23 20:53:05,Ford_Fiesta_Ghia_1.3_75_Ps,privat,Offer,200,test,kleinwagen,1998,manuell,75,fiesta,150000,Oct,,ford,No,2016-03-23 00:00:00,17268,2016-03-25 05:17:45,2016,2016,March,March,18,2
2016-03-14 21:43:50,Fort_Fiesta,privat,Offer,849,test,kleinwagen,1998,manuell,75,fiesta,125000,Aug,Gasoline,ford,Other,2016-03-14 00:00:00,47533,2016-03-17 12:15:19,2016,2016,March,March,18,4
2016-04-01 23:49:47,Ford_Fusion_1.4_TDCI_EURO_4__GRUEN,privat,Offer,3300,control,kleinwagen,2006,manuell,68,fusion,150000,Jun,Diesel,ford,No,2016-04-01 00:00:00,50354,2016-04-06 02:44:31,2016,2016,April,April,10,6
2016-04-03 01:55:10,Ford_Ka,privat,Offer,500,control,kleinwagen,2000,manuell,60,ka,150000,Jul,Gasoline,ford,Yes,2016-04-02 00:00:00,4769,2016-04-07 09:15:44,2016,2016,April,April,16,5
2016-03-10 08:56:10,FORD_FIESTA_1.3_TÜV_BIS_09_2016,privat,Offer,690,test,kleinwagen,1998,manuell,50,fiesta,150000,Jan,,ford,No,2016-03-10 00:00:00,64521,2016-03-28 03:15:46,2016,2016,March,March,18,11
2016-03-21 16:39:20,Ford_Fiesta_1.25_Ambiente,privat,Offer,4990,control,kleinwagen,2009,manuell,60,fiesta,70000,Oct,Gasoline,ford,No,2016-03-21 00:00:00,30169,2016-03-21 16:39:20,2016,2016,March,March,7,2
2016-04-04 18:54:29,Ford_Ka_guenstig,privat,Offer,2300,test,kleinwagen,2007,manuell,60,ka,70000,Sep,Gasoline,ford,No,2016-04-04 00:00:00,66663,2016-04-06 21:16:17,2016,2016,April,April,9,3
2016-03-08 13:51:12,Ford_Fiesta_Klima_ZV_EfH_HU_03_2018,privat,Offer,1299,control,kleinwagen,2001,manuell,75,fiesta,150000,Nov,,ford,No,2016-03-08 00:00:00,26219,2016-03-24 23:46:48,2016,2016,March,March,15,1
2016-04-05 06:36:42,Ford_Focus,privat,Offer,700,test,kleinwagen,2000,manuell,101,focus,90000,Jan,Gasoline,ford,Other,2016-04-05 00:00:00,8468,2016-04-07 12:15:53,2016,2016,April,April,16,11
2016-04-02 19:43:13,Ford_KA_Collection,privat,Offer,700,control,kleinwagen,2000,manuell,60,ka,90000,Aug,Gasoline,ford,No,2016-04-02 00:00:00,32699,2016-04-06 19:45:04,2016,2016,April,April,16,4
2016-03-20 13:58:27,Ford_Ka_Colour_Line,privat,Offer,650,test,kleinwagen,2004,manuell,69,ka,150000,Jul,Gasoline,ford,No,2016-03-20 00:00:00,81925,2016-03-20 13:58:27,2016,2016,March,March,12,5
2016-03-06 12:37:04,Ford_Fiesta_1.3_60_PS,privat,Offer,2200,test,kleinwagen,2004,manuell,60,fiesta,125000,Jan,Gasoline,ford,No,2016-03-06 00:00:00,89281,2016-03-19 08:44:35,2016,2016,March,March,12,11
2016-04-02 14:46:08,Ford_Fiesta_1.4_tdci_Diesel_Gruene_Plakette,privat,Offer,1150,test,kleinwagen,2004,manuell,68,fiesta,150000,Jun,Diesel,ford,Yes,2016-04-02 00:00:00,46282,2016-04-04 12:16:13,2016,2016,April,April,12,6
2016-03-29 20:40:13,Ford_Fusion_1.4_Trend,privat,Offer,950,test,kleinwagen,2003,manuell,80,fusion,150000,Mar,Gasoline,ford,No,2016-03-29 00:00:00,73277,2016-04-06 06:45:26,2016,2016,March,March,13,9
2016-03-05 23:50:56,Ford_Ka_TÜV:_10.2017_Ideal_fuer_Anfaenger,privat,Offer,700,control,kleinwagen,1998,manuell,50,Other,125000,Oct,Gasoline,ford,No,2016-03-05 00:00:00,28790,2016-03-12 08:46:09,2016,2016,March,March,18,2
2016-04-01 12:45:02,Ford_Fiesta_TÜV_19_Monate_scheckheft,privat,Offer,999,test,kleinwagen,2003,manuell,0,fiesta,150000,Jan,Gasoline,ford,Other,2016-04-01 00:00:00,28816,2016-04-01 12:45:02,2016,2016,April,April,13,11
2016-03-27 14:39:21,Ford_Fiesta_mit_neuem_TÜV__5tuerig__Servo_und_nur_50PS!,privat,Offer,899,control,kleinwagen,1998,manuell,50,fiesta,150000,Jan,Gasoline,ford,No,2016-03-27 00:00:00,50739,2016-04-07 10:45:34,2016,2016,March,March,18,11
2016-03-10 21:49:33,Ford_Fiesta_3tuerer_Zahnriemen/TÜV_neu,privat,Offer,1800,control,kleinwagen,2003,manuell,70,fiesta,150000,Mar,Gasoline,ford,No,2016-03-10 00:00:00,7570,2016-04-06 22:15:58,2016,2016,March,March,13,9
2016-03-30 00:55:52,Ford_Ka_Stadtflitzer_TÜV_12./2017_Euro4_ABS__Servo,privat,Offer,800,test,kleinwagen,2002,manuell,60,ka,125000,May,Gasoline,ford,No,2016-03-30 00:00:00,8056,2016-04-06 22:45:27,2016,2016,March,March,14,7
2016-03-11 19:52:12,Ford_Fiesta_Trend___top_Zustand!,privat,Offer,5600,test,kleinwagen,2009,manuell,75,fiesta,125000,Aug,Diesel,ford,No,2016-03-11 00:00:00,53489,2016-03-29 15:46:52,2016,2016,March,March,7,4
2016-03-23 23:52:45,Ford_Fiesta_Bj2000_Aus_2._Hand_TÜV_bis_2018_Alufelgen,privat,Offer,990,control,kleinwagen,2000,manuell,60,fiesta,100000,May,Gasoline,ford,No,2016-03-23 00:00:00,52351,2016-03-30 05:45:25,2016,2016,March,March,16,7
2016-03-16 11:36:46,FORD_FIESTA_MK4_1.3L_1_VORBESITZER_GEPFLEGT_ANSCHAUEN_LOHNT_SICH!,privat,Offer,220,test,kleinwagen,1996,manuell,50,fiesta,150000,Jul,Gasoline,ford,No,2016-03-16 00:00:00,15936,2016-04-06 04:15:36,2016,2016,March,March,20,5
2016-03-29 20:43:54,Ford_KA_Bastlerfahrzeug_kein_Tuev_KLima_alufelgen,privat,Offer,70,test,kleinwagen,1998,manuell,60,ka,100000,Aug,Gasoline,ford,No,2016-03-29 00:00:00,4356,2016-04-06 06:45:34,2016,2016,March,March,18,4
2016-03-20 17:54:06,Ford_Ka_Futura,privat,Offer,750,test,kleinwagen,2003,manuell,60,ka,150000,Oct,Gasoline,ford,No,2016-03-20 00:00:00,6217,2016-04-07 00:46:31,2016,2016,March,March,13,2
2016-03-05 14:26:14,Ford_Ka_1.3_TDCi_Start_Stopp_System_Trend,privat,Offer,4900,test,kleinwagen,2012,manuell,75,ka,80000,Jan,Diesel,ford,No,2016-03-05 00:00:00,56112,2016-04-04 20:16:32,2016,2016,March,March,4,11
2016-03-27 18:36:21,Ford_Fiesta_1.4_TDCI_Senso,privat,Offer,1599,control,kleinwagen,2004,manuell,68,fiesta,150000,Jun,Diesel,ford,No,2016-03-27 00:00:00,88046,2016-03-27 18:36:21,2016,2016,March,March,12,6
2016-04-02 10:58:35,Ford_KA_Bj.2004_*TÜV_NEU_4/2018*,privat,Offer,995,test,kleinwagen,2004,manuell,69,ka,125000,Jul,Gasoline,ford,Other,2016-04-02 00:00:00,55543,2016-04-04 08:44:50,2016,2016,April,April,12,5
2016-03-23 19:55:57,Ford_Fiesta_1.4_TDCI,privat,Offer,1400,control,kleinwagen,2003,manuell,68,fiesta,150000,Aug,Diesel,ford,No,2016-03-23 00:00:00,54317,2016-04-06 01:15:54,2016,2016,March,March,13,4
2016-03-23 10:41:48,Ford_Fiesta,privat,Offer,3000,control,kleinwagen,2012,automatik,97,fiesta,60000,May,Gasoline,ford,Yes,2016-03-23 00:00:00,22049,2016-03-23 10:41:48,2016,2016,March,March,4,7
2016-03-15 12:57:07,Ford_Fiesta_1.4_TDCI,privat,Offer,2500,control,kleinwagen,2003,manuell,68,fiesta,150000,Mar,Diesel,ford,No,2016-03-15 00:00:00,50859,2016-04-04 01:16:45,2016,2016,March,March,13,9
2016-03-07 09:51:51,Ford_Focus,privat,Offer,800,control,kleinwagen,2000,manuell,101,focus,150000,Jul,Gasoline,ford,No,2016-03-07 00:00:00,85570,2016-03-07 13:16:55,2016,2016,March,March,16,5
2016-03-16 20:38:16,Ford_C_Max,privat,Offer,1700,control,kleinwagen,2005,manuell,116,c_max,150000,Aug,Diesel,ford,Yes,2016-03-16 00:00:00,48317,2016-03-17 19:18:36,2016,2016,March,March,11,4
2016-03-07 19:49:38,Ford_Fiesta,privat,Offer,999,control,kleinwagen,2001,manuell,50,fiesta,150000,Sep,Gasoline,ford,No,2016-03-07 00:00:00,49811,2016-04-07 12:45:41,2016,2016,March,March,15,3
2016-04-04 21:50:40,Ford_Fiesta,privat,Offer,600,test,kleinwagen,1995,manuell,60,fiesta,150000,Jan,Gasoline,ford,Other,2016-04-04 00:00:00,27616,2016-04-07 00:45:01,2016,2016,April,April,21,11
2016-04-01 22:46:20,Ford_Fiesta,privat,Offer,3100,test,kleinwagen,2004,manuell,101,fiesta,125000,Jul,Gasoline,ford,No,2016-04-01 00:00:00,67685,2016-04-05 20:45:57,2016,2016,April,April,12,5
2016-03-23 19:52:57,Ford_Fiesta_mit_TÜV_bis_08_/_2016_und_Anhaengerkupplung,privat,Offer,199,control,kleinwagen,1998,manuell,45,fiesta,150000,Jan,Gasoline,ford,No,2016-03-23 00:00:00,49545,2016-04-06 01:45:42,2016,2016,March,March,18,11
2016-03-05 16:36:17,Ford_Ka_Futura,privat,Offer,550,control,kleinwagen,2000,manuell,60,ka,90000,Sep,Gasoline,ford,Yes,2016-03-05 00:00:00,54497,2016-03-07 20:16:37,2016,2016,March,March,16,3
2016-03-14 05:44:57,FORD_FIESTA,privat,Offer,1290,test,kleinwagen,2005,manuell,60,fiesta,150000,May,,ford,No,2016-03-13 00:00:00,89520,2016-03-20 17:48:52,2016,2016,March,March,11,7
2016-03-30 13:42:45,Ford_Fiesta_Ghia_fuer_Bastler,privat,Offer,250,test,kleinwagen,1998,manuell,75,fiesta,150000,Sep,Gasoline,ford,No,2016-03-30 00:00:00,74072,2016-04-07 04:15:45,2016,2016,March,March,18,3
2016-03-11 21:39:11,Fiesta_FUN_1_3_60_PS___Klima__Inspektion__HU___NEU,privat,Offer,3100,test,kleinwagen,2007,manuell,60,fiesta,150000,May,Gasoline,ford,No,2016-03-11 00:00:00,22846,2016-04-06 05:46:33,2016,2016,March,March,9,7
2016-03-10 16:48:49,Ford_Fiesta_LKW_Zulassung,privat,Offer,300,control,kleinwagen,1996,manuell,60,fiesta,150000,Jan,Diesel,ford,Other,2016-03-10 00:00:00,9394,2016-03-17 02:18:08,2016,2016,March,March,20,11
2016-03-10 00:49:15,Ford_Fiesta_ST,privat,Offer,1800,control,kleinwagen,2007,Unspecified,150,fiesta,150000,Mar,Gasoline,ford,Yes,2016-03-09 00:00:00,59229,2016-03-12 22:47:55,2016,2016,March,March,9,9
2016-03-12 15:41:53,Ford_Fiesta_Ambiente_1.3_//_TÜV_NEU_//_Klima_//_USB,privat,Offer,1700,control,kleinwagen,2002,manuell,60,fiesta,150000,Dec,Gasoline,ford,No,2016-03-12 00:00:00,24613,2016-03-12 15:41:53,2016,2016,March,March,14,0
2016-03-29 13:51:58,Ford_Fiesta_Cool_Edition,privat,Offer,500,control,kleinwagen,2000,manuell,60,fiesta,150000,Aug,Gasoline,ford,No,2016-03-29 00:00:00,99625,2016-03-29 13:51:58,2016,2016,March,March,16,4
2016-03-11 07:54:11,Ford_Ka_EZ_2000_Klima_EL.FH.ZV_TÜV_NEU,privat,Offer,990,test,kleinwagen,2000,manuell,60,ka,100000,Feb,Gasoline,ford,No,2016-03-11 00:00:00,22851,2016-03-13 04:16:08,2016,2016,March,March,16,10
2016-03-07 03:37:22,Ford_Fiesta_mit_TÜV,privat,Offer,900,test,kleinwagen,1999,manuell,60,fiesta,150000,Jan,Gasoline,ford,No,2016-03-07 00:00:00,23919,2016-04-07 09:45:40,2016,2016,March,March,17,11
2016-04-01 21:44:16,Muttis_guter_Fiesta__Ersthand__93TKM__TueV_neu__Steuerkette__AHK,privat,Offer,1111,test,kleinwagen,1993,manuell,60,fiesta,100000,Feb,Gasoline,ford,No,2016-04-01 00:00:00,6132,2016-04-05 19:16:19,2016,2016,April,April,23,10
2016-04-02 17:41:19,Ford_Fiesta_1.3_Fun_X_8_fach_Bereifung,privat,Offer,4250,control,kleinwagen,2007,manuell,69,fiesta,80000,Oct,Gasoline,ford,No,2016-04-02 00:00:00,48485,2016-04-06 16:46:08,2016,2016,April,April,9,2
2016-03-17 09:56:51,Ford_ka__EZ_1997__Kein_Tuev_,privat,Offer,50,test,kleinwagen,1997,manuell,0,ka,150000,Jan,Gasoline,ford,No,2016-03-17 00:00:00,63741,2016-03-20 11:16:37,2016,2016,March,March,19,11
2016-03-16 18:25:26,Ford_Fiesta_1.3,privat,Offer,1950,control,kleinwagen,2006,manuell,60,fiesta,150000,Jul,Gasoline,ford,No,2016-03-16 00:00:00,65479,2016-03-21 07:16:19,2016,2016,March,March,10,5
2016-03-21 13:37:58,Ford_Fusion_1.25,privat,Offer,4950,test,kleinwagen,2008,manuell,75,fusion,60000,May,Gasoline,ford,No,2016-03-21 00:00:00,51427,2016-04-04 08:15:42,2016,2016,March,March,8,7
2016-03-30 19:57:18,Ford_Fiesta_Klima__ZENTRALVERRIEGLUNG,privat,Offer,300,test,kleinwagen,1998,manuell,75,fiesta,150000,Jun,Gasoline,ford,Yes,2016-03-30 00:00:00,68219,2016-04-07 11:45:57,2016,2016,March,March,18,6
2016-03-14 12:53:08,Ford_Fiesta_Style,privat,Offer,590,test,kleinwagen,1997,manuell,60,fiesta,150000,Jul,Gasoline,ford,No,2016-03-14 00:00:00,73733,2016-03-14 13:40:21,2016,2016,March,March,19,5
2016-03-16 20:55:14,Ford_Ka_1_3_Klima_Tuev_neu_3.2018,privat,Offer,1490,control,kleinwagen,2001,manuell,60,Other,125000,Mar,Gasoline,ford,No,2016-03-16 00:00:00,4552,2016-03-29 01:15:38,2016,2016,March,March,15,9
2016-03-19 14:51:57,Ford_Ka,privat,Offer,1350,test,kleinwagen,2006,manuell,60,ka,150000,Mar,Gasoline,ford,No,2016-03-19 00:00:00,46117,2016-04-06 22:44:36,2016,2016,March,March,10,9
2016-04-05 12:49:37,Ford_Fiesta___Tuev__Klimaanlage__8_fach_bereift,privat,Offer,2000,test,kleinwagen,2005,manuell,69,fiesta,150000,Sep,Gasoline,ford,No,2016-04-05 00:00:00,47057,2016-04-05 12:49:37,2016,2016,April,April,11,3
2016-03-16 11:41:11,FORD_KA__TÜV_neu_bis_03/2018,privat,Offer,699,test,kleinwagen,2002,manuell,60,ka,125000,Mar,Gasoline,ford,Other,2016-03-16 00:00:00,4769,2016-03-20 09:17:22,2016,2016,March,March,14,9
2016-03-15 12:37:15,Verkaufe_Ford_Ka_Bj.2003_TÜV_bis_Maerz_2018_!!!!!,privat,Offer,1400,control,kleinwagen,2003,manuell,0,ka,150000,Mar,Gasoline,ford,Other,2016-03-15 00:00:00,73525,2016-03-15 13:43:31,2016,2016,March,March,13,9
2016-03-29 19:54:38,Ford_Ka_First_Edition,privat,Offer,650,control,kleinwagen,1997,manuell,60,ka,150000,May,Gasoline,ford,No,2016-03-29 00:00:00,60598,2016-04-06 08:16:44,2016,2016,March,March,19,7
2016-03-25 18:37:22,Ford_Ka_1.3_frischer_Tuev_03/18_..._KlimaServo,privat,Offer,999,test,kleinwagen,1998,manuell,60,ka,90000,Aug,Gasoline,ford,No,2016-03-25 00:00:00,45326,2016-03-25 18:37:22,2016,2016,March,March,18,4
2016-03-19 09:56:50,Ford_Fiesta_UNFALLWAGEN_machen_sie_ein_Angebot,privat,Offer,500,test,kleinwagen,2001,manuell,60,fiesta,150000,May,Gasoline,ford,Yes,2016-03-19 00:00:00,53359,2016-03-19 10:39:42,2016,2016,March,March,15,7
2016-03-27 10:37:22,Ford_C_Max,privat,Offer,1500,control,kleinwagen,2003,manuell,0,c_max,150000,Jul,Gasoline,ford,No,2016-03-27 00:00:00,59320,2016-03-28 23:46:28,2016,2016,March,March,13,5
2016-03-21 18:37:01,Ford_KA_sparsames_Anfaengerauto,privat,Offer,650,test,kleinwagen,1999,manuell,60,ka,80000,Jan,Gasoline,ford,No,2016-03-21 00:00:00,52538,2016-04-06 19:47:15,2016,2016,March,March,17,11
2016-03-27 19:56:48,Ford_Ka_1.2,privat,Offer,3650,control,kleinwagen,2009,manuell,69,ka,60000,Mar,Gasoline,ford,No,2016-03-27 00:00:00,24217,2016-03-29 09:46:25,2016,2016,March,March,7,9
2016-03-17 22:49:59,FORD_FIESTA_mit_noch_ein_Jahre_Tuev_4tuerig,privat,Offer,600,test,kleinwagen,2000,manuell,60,fiesta,150000,May,Gasoline,ford,No,2016-03-17 00:00:00,28239,2016-03-23 13:15:47,2016,2016,March,March,16,7
2016-03-14 09:56:02,Ford_Ka_1.2_Trend,privat,Offer,2800,control,kleinwagen,2009,manuell,69,ka,150000,Sep,Gasoline,ford,No,2016-03-14 00:00:00,32425,2016-03-15 04:45:12,2016,2016,March,March,7,3
2016-03-19 09:48:09,Ford_Ka_ohne_Tuev,privat,Offer,300,test,kleinwagen,2001,manuell,60,Other,125000,Nov,Gasoline,ford,Yes,2016-03-19 00:00:00,52222,2016-03-19 09:48:09,2016,2016,March,March,15,1
2016-03-14 15:53:11,Ford_Fiesta_mit_fast_2_Jahren_Tuev_Einsteigerauto,privat,Offer,299,control,kleinwagen,1995,manuell,60,fiesta,150000,Oct,Gasoline,ford,No,2016-03-14 00:00:00,66706,2016-03-14 15:53:11,2016,2016,March,March,21,2
2016-03-12 11:39:13,Ford_Fiesta,privat,Offer,890,test,kleinwagen,1999,manuell,75,fiesta,150000,Mar,Gasoline,ford,No,2016-03-12 00:00:00,33014,2016-03-12 11:39:13,2016,2016,March,March,17,9
2016-03-10 16:54:15,Super_Anfaenger_Auto,privat,Offer,650,control,kleinwagen,1999,manuell,55,fiesta,150000,Aug,Gasoline,ford,Other,2016-03-10 00:00:00,29394,2016-03-10 16:54:15,2016,2016,March,March,17,4
2016-03-21 22:52:10,Ford_Fiesta_IV_Bastlerfahrzeug_Übergangsauto,privat,Offer,299,control,kleinwagen,1997,manuell,0,Other,150000,Mar,Gasoline,ford,No,2016-03-21 00:00:00,19322,2016-04-07 04:44:37,2016,2016,March,March,19,9
2016-03-31 15:54:17,Ford_Fiesta_JBS_MK5__Baujahr_2000__Abgabe_ab_9.4.2016!,privat,Offer,300,control,kleinwagen,2000,manuell,50,fiesta,150000,Mar,Gasoline,ford,No,2016-03-31 00:00:00,96515,2016-03-31 15:54:17,2016,2016,March,March,16,9
2016-03-20 20:54:09,Ford_Ka_Bj_1998__km_128000_ohne_TÜV_an_Hobbybastler/Schrauber,privat,Offer,399,test,kleinwagen,1998,manuell,0,ka,150000,Sep,Gasoline,ford,No,2016-03-20 00:00:00,74074,2016-03-27 11:44:19,2016,2016,March,March,18,3
2016-03-17 13:49:10,Ford_Fieast,privat,Offer,350,control,kleinwagen,1990,automatik,0,fiesta,10000,Jan,Gasoline,ford,Other,2016-03-17 00:00:00,26817,2016-03-17 13:49:10,2016,2016,March,March,26,11
2016-03-10 09:51:16,FORD_Fiesta_Ghia,privat,Offer,860,test,kleinwagen,1996,manuell,90,fiesta,150000,Jul,Gasoline,ford,No,2016-03-10 00:00:00,29308,2016-03-12 13:17:04,2016,2016,March,March,20,5
2016-03-21 21:59:25,Ford_Fiesta_1.3,privat,Offer,2000,control,kleinwagen,2003,manuell,60,fiesta,150000,Feb,Gasoline,ford,No,2016-03-21 00:00:00,67258,2016-04-03 01:44:39,2016,2016,March,March,13,10
2016-03-21 13:43:23,ford_ka_zum_ausschlachten_oder_export!!!!!!!!!,privat,Offer,0,test,kleinwagen,1997,manuell,0,ka,5000,Jan,Gasoline,ford,Yes,2016-03-21 00:00:00,32457,2016-03-21 13:43:23,2016,2016,March,March,19,11
2016-03-17 13:46:17,Ford_KA_Tuev_11/17__8fach_bereift_auf_Alufelge_Schiebedach_970_,privat,Offer,970,control,kleinwagen,1999,manuell,44,ka,100000,Jun,Gasoline,ford,No,2016-03-17 00:00:00,48691,2016-04-03 11:55:15,2016,2016,March,March,17,6
2016-03-31 21:47:44,Ford_Fiesta,privat,Offer,1450,test,kleinwagen,2001,manuell,60,fiesta,125000,Nov,Gasoline,ford,No,2016-03-31 00:00:00,38704,2016-04-06 17:17:17,2016,2016,March,March,15,1
2016-03-19 20:48:04,Ford_Ka_sehr_sparsam,privat,Offer,400,control,kleinwagen,1998,manuell,60,ka,90000,Jul,Gasoline,ford,No,2016-03-19 00:00:00,3044,2016-03-20 23:16:35,2016,2016,March,March,18,5
2016-03-10 12:57:11,Ford_Fiesta_MK4_JAS/JBS_1.25l_75PS,privat,Offer,450,test,kleinwagen,2001,manuell,75,Other,150000,Jan,Gasoline,ford,Yes,2016-03-10 00:00:00,73433,2016-03-23 08:17:13,2016,2016,March,March,15,11
2016-03-15 19:48:48,Ford_Ka_2007,privat,Offer,120,control,kleinwagen,2007,manuell,0,ka,150000,Jul,Gasoline,ford,Yes,2016-03-15 00:00:00,83355,2016-03-15 19:48:48,2016,2016,March,March,9,5
2016-03-20 18:44:21,Ford_Fiesta_1.3_Fun,privat,Offer,3800,test,kleinwagen,2006,manuell,60,fiesta,40000,May,Gasoline,ford,No,2016-03-20 00:00:00,9385,2016-04-07 01:46:46,2016,2016,March,March,10,7
2016-03-17 19:36:20,Ford_KA_gegen_bestes_Gebot_...,privat,Offer,0,control,kleinwagen,1999,manuell,45,ka,150000,May,Gasoline,ford,Yes,2016-03-17 00:00:00,28816,2016-03-22 01:45:16,2016,2016,March,March,17,7
2016-04-01 20:47:52,FORD_ESCORT_MIT_KLIMA_CHIA_AUSTATUNG_TUV_BIS_10:2016,privat,Offer,499,test,kleinwagen,1998,manuell,0,escort,100000,Dec,Gasoline,ford,Other,2016-04-01 00:00:00,42329,2016-04-01 20:47:52,2016,2016,April,April,18,0
2016-03-31 19:53:41,Ford_Fiesta,privat,Offer,999,control,kleinwagen,2000,manuell,60,fiesta,90000,Apr,Gasoline,ford,No,2016-03-31 00:00:00,26826,2016-04-06 14:18:04,2016,2016,March,March,16,8
2016-03-28 12:52:28,Ford_Fiesta_Gelb,privat,Offer,3499,test,kleinwagen,2006,manuell,60,fiesta,125000,Apr,Gasoline,ford,No,2016-03-28 00:00:00,93057,2016-03-31 21:15:26,2016,2016,March,March,10,8
2016-03-28 15:44:08,Ford_Fiesta_2.0_ST,privat,Offer,3999,control,kleinwagen,2005,manuell,150,fiesta,125000,Sep,Gasoline,ford,No,2016-03-28 00:00:00,8340,2016-04-02 19:47:34,2016,2016,March,March,11,3
2016-03-22 11:49:42,Ford_Fusion_Automatik,privat,Offer,3490,control,kleinwagen,2004,automatik,68,fusion,90000,Nov,,ford,No,2016-03-22 00:00:00,44379,2016-04-02 01:47:11,2016,2016,March,March,12,1
2016-03-16 13:52:08,Ford_Ka_Sportline___Scheckheft__erste_Hand__top!,privat,Offer,1495,control,kleinwagen,2004,manuell,60,Other,90000,May,Gasoline,ford,No,2016-03-16 00:00:00,6118,2016-03-19 11:18:18,2016,2016,March,March,12,7
2016-03-09 11:58:31,Ford_Ka,privat,Offer,850,test,kleinwagen,2002,manuell,75,ka,150000,Aug,Gasoline,ford,No,2016-03-09 00:00:00,21644,2016-04-01 21:47:56,2016,2016,March,March,14,4
2016-04-03 21:50:59,Ford_KA__/TÜV_abgelaufen,privat,Offer,500,test,kleinwagen,2001,manuell,60,ka,150000,Mar,Gasoline,ford,Yes,2016-04-03 00:00:00,21614,2016-04-05 23:15:25,2016,2016,April,April,15,9
2016-03-11 22:48:38,Ford_Fiesta_1.3,privat,Offer,700,control,kleinwagen,1996,manuell,60,fiesta,150000,Jan,Gasoline,ford,Other,2016-03-11 00:00:00,26316,2016-03-21 19:47:40,2016,2016,March,March,20,11
2016-03-23 22:57:08,FORD_KA___Stadtflitzer__Servo__E_Fenster__Leder!,privat,Offer,799,test,kleinwagen,1997,manuell,60,ka,125000,Oct,Gasoline,ford,Yes,2016-03-23 00:00:00,22117,2016-03-25 14:18:51,2016,2016,March,March,19,2
2016-03-26 13:50:11,Ford_Fusion_1.4_Ambiente_TÜV_NEU,privat,Offer,2000,control,kleinwagen,2003,manuell,80,fusion,150000,Jun,Gasoline,ford,No,2016-03-26 00:00:00,71397,2016-04-04 00:45:28,2016,2016,March,March,13,6
2016-03-12 18:52:07,Ford_Fiesta_Ghia_1_25l_Motor,privat,Offer,1600,test,kleinwagen,2003,manuell,70,fiesta,150000,Mar,Gasoline,ford,Other,2016-03-12 00:00:00,53909,2016-04-07 12:46:57,2016,2016,March,March,13,9
2016-03-14 08:36:54,Ford_Fiesta_1.3_Ambiente,privat,Offer,2750,test,kleinwagen,2006,manuell,60,fiesta,100000,Dec,Gasoline,ford,No,2016-03-14 00:00:00,90513,2016-04-07 05:46:47,2016,2016,March,March,10,0
2016-03-09 18:54:10,Gepflegter_Ford_KA_TÜV_01/2017_Aus_2Hand,privat,Offer,650,test,kleinwagen,1999,manuell,60,ka,125000,Sep,Gasoline,ford,No,2016-03-09 00:00:00,58710,2016-03-14 12:15:18,2016,2016,March,March,17,3
2016-03-15 15:57:32,Ford_Ka_Tuev_NEU!!FALTDACH_ALUFELGEN,privat,Offer,850,control,kleinwagen,2002,manuell,60,ka,150000,Jan,Gasoline,ford,No,2016-03-15 00:00:00,69214,2016-04-06 10:44:34,2016,2016,March,March,14,11
2016-03-12 00:58:33,Ford_Ka_1.2_Start_Stopp_System_Trend,privat,Offer,4900,test,kleinwagen,2013,manuell,69,ka,40000,Feb,Gasoline,ford,No,2016-03-11 00:00:00,51103,2016-03-20 03:46:00,2016,2016,March,March,3,10
2016-03-25 15:59:48,Schoener_Ford_Fusion_1_6_Viva_Silber___geraeumiger_Kleinwagen,privat,Offer,2000,test,kleinwagen,2004,manuell,101,fusion,150000,Jul,Gasoline,ford,No,2016-03-25 00:00:00,33154,2016-03-25 15:59:48,2016,2016,March,March,12,5
2016-03-27 15:47:57,Privatverkaufen,privat,Offer,1150,control,kleinwagen,2004,Unspecified,0,focus,150000,Jan,Diesel,ford,Yes,2016-03-27 00:00:00,84478,2016-04-01 15:47:35,2016,2016,March,March,12,11
2016-03-06 12:46:18,Tausche_meinen_Ford_Fiesta,privat,Offer,1,test,kleinwagen,2005,manuell,0,fiesta,150000,Jan,Gasoline,ford,Other,2016-03-06 00:00:00,53474,2016-03-08 03:45:27,2016,2016,March,March,11,11
2016-03-25 11:25:21,Omas_Fiesta_Automatik_tuev_06/16,privat,Offer,550,test,kleinwagen,1997,automatik,75,fiesta,150000,Jun,Gasoline,ford,No,2016-03-25 00:00:00,65549,2016-04-01 07:18:06,2016,2016,March,March,19,6
2016-03-26 20:25:55,Ford_Ka,privat,Offer,650,control,kleinwagen,2001,manuell,60,ka,150000,Nov,Gasoline,ford,No,2016-03-26 00:00:00,56133,2016-04-06 21:19:00,2016,2016,March,March,15,1
2016-03-10 15:51:24,Ford_Ka,privat,Offer,650,test,kleinwagen,2000,manuell,60,ka,150000,Jan,Gasoline,ford,No,2016-03-10 00:00:00,54344,2016-03-12 05:46:14,2016,2016,March,March,16,11
2016-03-20 19:59:00,Ford_Focus,privat,Offer,800,test,kleinwagen,2000,manuell,74,focus,150000,May,Gasoline,ford,Yes,2016-03-20 00:00:00,53773,2016-04-07 04:17:44,2016,2016,March,March,16,7
2016-03-15 14:45:55,Ford_!!!Fiesta_Tuev_Neu_und_Top_Zustand!!!,privat,Offer,1500,control,kleinwagen,2001,manuell,60,fiesta,150000,Apr,Gasoline,ford,No,2016-03-15 00:00:00,31515,2016-03-15 14:45:55,2016,2016,March,March,15,8
2016-03-25 21:06:17,Ford_Focus_1_4_mit_Tuev_bis_03/2018__Kupplung_und_Inspektion_neu!,privat,Offer,1850,control,kleinwagen,1999,manuell,75,focus,125000,May,Gasoline,ford,No,2016-03-25 00:00:00,55116,2016-04-05 17:44:29,2016,2016,March,March,17,7
2016-03-23 18:36:20,Violetter_ka_zu_verkaufen,privat,Offer,4000,test,kleinwagen,2009,manuell,69,ka,100000,Jan,Gasoline,ford,No,2016-03-23 00:00:00,47239,2016-04-06 00:17:39,2016,2016,March,March,7,11
2016-03-19 04:37:39,Ford_Ka___Tuev_11/2017_Klima_Elekt.fe_Servo_,privat,Offer,1200,test,kleinwagen,2000,manuell,60,ka,90000,Nov,,ford,Other,2016-03-19 00:00:00,40225,2016-03-26 16:17:06,2016,2016,March,March,16,1
2016-03-09 21:41:51,Ford_Fiesta_sehr_sparsam:__tuev_neu_02/18,privat,Offer,2300,test,kleinwagen,2004,manuell,0,fiesta,125000,Jan,,ford,No,2016-03-09 00:00:00,86156,2016-03-20 04:17:31,2016,2016,March,March,12,11
2016-03-28 19:53:49,Ford_Focus_2._Hand_zum_Verkaufen_oder_Tauschen,privat,Offer,1600,control,kleinwagen,2000,manuell,116,Other,150000,Nov,Gasoline,ford,No,2016-03-28 00:00:00,21109,2016-04-07 02:17:51,2016,2016,March,March,16,1
2016-03-08 11:39:12,Ford_KA_mit_Klima_und_TÜV_bis_07.2016,privat,Offer,450,control,kleinwagen,2002,manuell,0,ka,50000,Jan,Gasoline,ford,Other,2016-03-08 00:00:00,33098,2016-03-24 15:46:09,2016,2016,March,March,14,11
2016-03-22 22:55:16,Verkaufe_top_gepflegten_Ford_Fiesta!!,privat,Offer,1000,control,kleinwagen,2001,manuell,75,fiesta,125000,Jun,Gasoline,ford,No,2016-03-22 00:00:00,79106,2016-04-07 05:45:10,2016,2016,March,March,15,6
2016-03-11 07:54:11,Ford_Fiesta_mit_Klima_Bauj.2027,privat,Offer,2650,test,kleinwagen,2007,manuell,70,fiesta,125000,Sep,Gasoline,ford,No,2016-03-11 00:00:00,1640,2016-03-22 18:15:19,2016,2016,March,March,9,3
2016-03-16 20:38:58,Ford_Ka_1.2_Titanium,privat,Offer,4990,control,kleinwagen,2010,manuell,69,ka,50000,Mar,Gasoline,ford,No,2016-03-16 00:00:00,22175,2016-04-01 10:19:32,2016,2016,March,March,6,9
2016-04-04 20:37:15,Ford_Fiesta_1.3,privat,Offer,1111,control,kleinwagen,2002,manuell,69,fiesta,150000,Dec,Gasoline,ford,Yes,2016-04-04 00:00:00,83527,2016-04-06 22:46:18,2016,2016,April,April,14,0
2016-03-26 09:57:01,Ford_Fiesta_185_12V_TÜV/AU__Zahnraeder_neu,privat,Offer,1199,control,kleinwagen,1996,manuell,75,fiesta,150000,Nov,Gasoline,ford,No,2016-03-26 00:00:00,6792,2016-04-05 20:44:58,2016,2016,March,March,20,1
2016-03-28 09:53:41,Ford_Ka_Klima_TÜV_neu,privat,Offer,1299,control,kleinwagen,2002,manuell,60,ka,80000,Feb,Gasoline,ford,No,2016-03-28 00:00:00,65520,2016-04-02 13:16:48,2016,2016,March,March,14,10
2016-04-04 16:38:41,Ford_Fiesta_1.3_Ambiente,privat,Offer,1599,test,kleinwagen,2002,manuell,60,fiesta,150000,Jun,Gasoline,ford,No,2016-04-04 00:00:00,26802,2016-04-06 18:16:35,2016,2016,April,April,14,6
2016-04-01 20:57:34,Ford_Fiesta_1.4,privat,Offer,320,test,kleinwagen,2001,manuell,60,fiesta,150000,Feb,Gasoline,ford,Other,2016-04-01 00:00:00,42853,2016-04-05 19:16:02,2016,2016,April,April,15,10
2016-04-01 13:51:16,Ford_Fiesta_1.4,privat,Offer,3650,test,kleinwagen,2005,manuell,80,fiesta,125000,May,Gasoline,ford,No,2016-04-01 00:00:00,63930,2016-04-07 11:17:50,2016,2016,April,April,11,7
2016-03-29 17:51:21,Ford_Fiesta_TÜV_bis_04.2017,privat,Offer,800,control,kleinwagen,2000,manuell,75,fiesta,150000,Aug,Gasoline,ford,No,2016-03-29 00:00:00,45149,2016-03-29 17:51:21,2016,2016,March,March,16,4
2016-03-29 08:55:25,Ford_Ka,privat,Offer,890,control,kleinwagen,2001,manuell,60,ka,125000,Jul,Gasoline,ford,No,2016-03-29 00:00:00,15711,2016-04-05 19:15:39,2016,2016,March,March,15,5
2016-03-26 16:53:17,Ford_Fiesta_1_4_16V,privat,Offer,3100,control,kleinwagen,2006,Unspecified,80,fiesta,150000,Dec,Gasoline,ford,Other,2016-03-26 00:00:00,53619,2016-04-06 05:17:19,2016,2016,March,March,10,0
2016-03-19 16:43:21,FORD_FIESTA_TÜV_bis2017_KLIMA!WENIG_KM!_SCHECKHEFT!!SERVO!,privat,Offer,750,test,kleinwagen,1999,manuell,60,fiesta,125000,Mar,Gasoline,ford,No,2016-03-19 00:00:00,22087,2016-03-19 16:43:21,2016,2016,March,March,17,9
2016-03-11 22:50:04,Ford_Ka_1.2_Titanium,privat,Offer,5099,control,kleinwagen,2010,manuell,69,ka,60000,Apr,Gasoline,ford,No,2016-03-11 00:00:00,50374,2016-03-12 14:44:19,2016,2016,March,March,6,8
2016-03-28 08:56:27,Ford_KA_1.3__alln_Extras__mit_neuem_Tuv.,privat,Offer,1200,test,kleinwagen,2002,manuell,60,ka,125000,Jul,Gasoline,ford,No,2016-03-28 00:00:00,41061,2016-03-29 23:17:38,2016,2016,March,March,14,5
2016-03-17 16:50:35,Ford_Fiesta_1_0l_37_kW_TÜV_08/16,privat,Offer,250,test,kleinwagen,1992,manuell,50,fiesta,125000,Oct,Gasoline,ford,Yes,2016-03-17 00:00:00,14089,2016-03-19 16:46:09,2016,2016,March,March,24,2
2016-04-04 13:50:59,Ford_Fiesta_neu_TÜV,privat,Offer,1400,control,kleinwagen,1999,manuell,75,fiesta,100000,Apr,Gasoline,ford,No,2016-04-04 00:00:00,37287,2016-04-04 13:50:59,2016,2016,April,April,17,8
2016-03-12 10:25:26,Ford_FIESTA_1.3_Ambiente_TOP_gebrauchten_Zustand_nur_76000_KM,privat,Offer,3250,control,kleinwagen,2005,manuell,69,fiesta,80000,Oct,Gasoline,ford,No,2016-03-12 00:00:00,56470,2016-03-27 05:47:31,2016,2016,March,March,11,2
2016-03-21 12:36:19,Ford_Fiesta_White_Magic_Sport_16V,privat,Offer,4099,control,kleinwagen,2008,manuell,80,fiesta,125000,May,Gasoline,ford,No,2016-03-21 00:00:00,88263,2016-04-06 06:44:19,2016,2016,March,March,8,7
2016-03-11 13:45:28,Ford_Fusion,privat,Offer,2300,test,kleinwagen,2004,Unspecified,0,fusion,100000,Mar,Gasoline,ford,No,2016-03-11 00:00:00,6844,2016-03-12 17:45:47,2016,2016,March,March,12,9
2016-03-06 16:37:00,Ford_Ka,privat,Offer,600,test,kleinwagen,2006,manuell,60,ka,150000,Mar,Gasoline,ford,No,2016-03-06 00:00:00,17209,2016-03-24 08:45:24,2016,2016,March,March,10,9
2016-03-29 13:38:04,Ford_Fiesta__TÜV_bis_1/2017,privat,Offer,400,control,kleinwagen,1996,manuell,75,fiesta,150000,Jan,Gasoline,ford,Other,2016-03-29 00:00:00,66793,2016-04-02 00:44:40,2016,2016,March,March,20,11
2016-03-15 11:41:29,Zuverlaessiger_Ford_Fiesta_abzugeben!,privat,Offer,500,test,kleinwagen,1997,Unspecified,60,fiesta,150000,May,Gasoline,ford,No,2016-03-15 00:00:00,45475,2016-03-18 03:47:13,2016,2016,March,March,19,7
2016-03-25 16:54:06,Ford_Ka,privat,Offer,550,control,kleinwagen,2001,manuell,60,ka,80000,May,Gasoline,ford,No,2016-03-25 00:00:00,51147,2016-04-06 21:46:41,2016,2016,March,March,15,7
2016-03-13 20:38:42,Ford_Fiesta_1.3_Viva_X__TÜV_Neu__*Scheckheftgepflegt!,privat,Offer,2300,control,kleinwagen,2005,manuell,69,fiesta,125000,Jan,Gasoline,ford,No,2016-03-13 00:00:00,27404,2016-03-19 13:18:26,2016,2016,March,March,11,11
2016-03-20 20:48:37,Ford_Fiesta,privat,Offer,1000,test,kleinwagen,1997,Unspecified,0,fiesta,20000,Jun,Gasoline,ford,No,2016-03-20 00:00:00,24306,2016-04-07 05:45:34,2016,2016,March,March,19,6
2016-03-17 13:51:05,Ford_Ka,privat,Offer,1850,control,kleinwagen,2008,manuell,60,ka,125000,Mar,Gasoline,ford,No,2016-03-17 00:00:00,42119,2016-03-30 06:17:09,2016,2016,March,March,8,9
2016-03-17 20:48:09,Ford_Fiesta,privat,Offer,950,control,kleinwagen,1998,manuell,60,fiesta,150000,Apr,Gasoline,ford,No,2016-03-17 00:00:00,76131,2016-03-27 13:47:29,2016,2016,March,March,18,8
2016-03-12 12:58:01,Ford_Ka_kleinwagen_60_Ps,privat,Offer,400,test,kleinwagen,1996,manuell,60,ka,50000,Dec,Gasoline,ford,Other,2016-03-12 00:00:00,85551,2016-03-17 12:17:36,2016,2016,March,March,20,0
2016-03-30 11:54:08,Ford_Ka_zu_verkaufen,privat,Offer,330,test,kleinwagen,2002,manuell,60,ka,150000,Nov,Gasoline,ford,Other,2016-03-30 00:00:00,33154,2016-04-07 02:45:09,2016,2016,March,March,14,1
2016-03-31 13:52:08,Ford_Fiesta_Tuev_03_/_2018,privat,Offer,650,control,kleinwagen,1996,manuell,0,Other,80000,Jan,,ford,Other,2016-03-31 00:00:00,81379,2016-03-31 13:52:08,2016,2016,March,March,20,11
2016-03-17 14:52:25,Ford_Ka_Bj_2008,privat,Offer,1900,control,kleinwagen,2008,manuell,60,ka,125000,Jan,Gasoline,ford,No,2016-03-17 00:00:00,47119,2016-04-06 22:47:10,2016,2016,March,March,8,11
2016-03-31 14:49:25,Ford_Fiesta_1.25_16V,privat,Offer,900,control,kleinwagen,2001,manuell,75,fiesta,150000,Jul,Gasoline,ford,No,2016-03-31 00:00:00,27404,2016-03-31 14:49:25,2016,2016,March,March,15,5
2016-03-21 14:48:08,Ford_Ka_mit_neuem_TÜV_und_ohne_Rost_abzugeben,privat,Offer,1159,control,kleinwagen,1999,manuell,60,ka,90000,Aug,Gasoline,ford,No,2016-03-21 00:00:00,7580,2016-03-28 10:44:31,2016,2016,March,March,17,4
2016-03-19 14:42:21,Ford_Ka,privat,Offer,950,test,kleinwagen,2005,manuell,0,ka,150000,Feb,Gasoline,ford,Other,2016-03-19 00:00:00,79108,2016-03-30 07:44:27,2016,2016,March,March,11,10
2016-03-17 17:54:40,Ford_Fiesta_1.4_Ghia_TÜV_05/2017,privat,Offer,1850,control,kleinwagen,2003,manuell,80,fiesta,150000,Jan,Gasoline,ford,No,2016-03-17 00:00:00,60386,2016-03-29 06:16:54,2016,2016,March,March,13,11
2016-04-04 18:37:21,Ford_Fiesta_Ghia_1.6_an_Bastler_zum_Ausschlachten_oder_Export_!,privat,Offer,200,test,kleinwagen,1998,manuell,75,fiesta,150000,Feb,Gasoline,ford,Yes,2016-04-04 00:00:00,33824,2016-04-06 20:19:52,2016,2016,April,April,18,10
2016-03-12 23:50:00,Ford_Ka_mit_Ledersitze_und_Klimaanlage_TÜV_bis_2017!!,privat,Offer,1250,control,kleinwagen,2002,manuell,60,ka,150000,Mar,Gasoline,ford,No,2016-03-12 00:00:00,33397,2016-03-25 11:17:08,2016,2016,March,March,14,9
2016-03-23 12:37:35,Gepflegter_Ford_KA_70_TKM_mit_TÜV,privat,Offer,700,control,kleinwagen,1999,manuell,60,ka,70000,Jan,,ford,Other,2016-03-23 00:00:00,51371,2016-03-23 12:37:35,2016,2016,March,March,17,11
2016-03-12 20:48:04,Ford_Fiesta_Style,privat,Offer,980,test,kleinwagen,1999,manuell,50,fiesta,125000,Sep,Gasoline,ford,No,2016-03-12 00:00:00,54552,2016-03-16 03:16:52,2016,2016,March,March,17,3
2016-03-20 13:59:59,Ford_Fiesta_1.4_TDCI_Trend,privat,Offer,2800,test,kleinwagen,2006,manuell,68,fiesta,150000,Apr,Diesel,ford,No,2016-03-20 00:00:00,26316,2016-03-21 16:46:01,2016,2016,March,March,10,8
2016-03-07 14:06:22,Ford_Fusion_TÜV_08/2016,privat,Offer,1500,test,kleinwagen,2006,manuell,75,fusion,150000,Jun,Gasoline,ford,Yes,2016-03-07 00:00:00,35745,2016-03-08 18:31:35,2016,2016,March,March,10,6
2016-03-09 21:57:04,Ford_Fiesta_1.25_Trend,privat,Offer,5700,test,kleinwagen,2010,manuell,82,fiesta,125000,Feb,Gasoline,ford,No,2016-03-09 00:00:00,94262,2016-04-06 02:44:39,2016,2016,March,March,6,10
2016-03-27 13:49:23,FORD_FIESTA_1.4_TDCI_SCHECKHEFT__vb_,privat,Offer,3750,test,kleinwagen,2006,manuell,69,fiesta,150000,Aug,Diesel,ford,Other,2016-03-27 00:00:00,45881,2016-04-07 09:46:14,2016,2016,March,March,10,4
2016-03-17 18:53:48,Fiesta_mit_wenig_Km,privat,Offer,449,control,kleinwagen,2001,manuell,50,fiesta,125000,Apr,Gasoline,ford,Other,2016-03-17 00:00:00,75328,2016-04-07 06:16:56,2016,2016,March,March,15,8
2016-03-21 01:56:58,Ford_Fiesta,privat,Offer,1000,test,kleinwagen,2000,manuell,0,fiesta,150000,Dec,,ford,Other,2016-03-21 00:00:00,12359,2016-03-22 12:44:32,2016,2016,March,March,16,0
2016-03-21 13:49:44,Ford_Ka_1.2_Titanium,privat,Offer,4900,test,kleinwagen,2009,manuell,69,ka,60000,Sep,Gasoline,ford,No,2016-03-21 00:00:00,66333,2016-04-06 09:46:31,2016,2016,March,March,7,3
2016-03-31 14:58:25,Ford_Ka_Sport_Top_Zustand,privat,Offer,900,control,kleinwagen,2001,manuell,44,ka,150000,Dec,Gasoline,ford,No,2016-03-31 00:00:00,69124,2016-04-02 10:45:29,2016,2016,March,March,15,0
2016-03-05 14:20:39,Ford_Fiesta_1.25,privat,Offer,4150,test,kleinwagen,2008,manuell,60,fiesta,90000,Nov,Gasoline,ford,No,2016-03-04 00:00:00,57539,2016-03-06 04:31:52,2016,2016,March,March,8,1
2016-03-08 21:37:24,Ford_Fiesta,privat,Offer,450,control,kleinwagen,2001,manuell,75,fiesta,125000,Jan,Gasoline,ford,Yes,2016-03-08 00:00:00,92442,2016-03-31 15:45:55,2016,2016,March,March,15,11
2016-04-04 07:55:56,KA_for_You___Ford_KA_60_PS_kein_ROST!!!!_TOP,privat,Offer,1450,test,kleinwagen,2006,manuell,60,ka,125000,Jun,Gasoline,ford,No,2016-04-04 00:00:00,51515,2016-04-06 09:45:42,2016,2016,April,April,10,6
2016-03-21 21:49:43,TÜV_bis_ende_April_199_fest_____,privat,Offer,199,control,kleinwagen,1997,manuell,0,ka,150000,Mar,Gasoline,ford,No,2016-03-21 00:00:00,27570,2016-03-24 11:45:37,2016,2016,March,March,19,9
2016-03-08 10:37:22,Ford_ka_zu_verkaufen,privat,Offer,2000,test,kleinwagen,2003,manuell,60,Other,60000,Mar,Gasoline,ford,No,2016-03-08 00:00:00,15232,2016-04-07 07:44:52,2016,2016,March,March,13,9
2016-03-29 15:42:58,Ford_Ka_1.3_zumAusschlachten,privat,Offer,199,control,kleinwagen,2001,manuell,60,ka,150000,Feb,Gasoline,ford,Yes,2016-03-29 00:00:00,36119,2016-04-06 01:15:46,2016,2016,March,March,15,10
2016-03-17 18:52:10,Ford_Fiesta_Diesel_leichter_Unfall,privat,Offer,1450,control,kleinwagen,2005,manuell,68,fiesta,150000,Feb,Diesel,ford,Yes,2016-03-17 00:00:00,23701,2016-03-17 18:52:10,2016,2016,March,March,11,10
2016-03-15 17:52:00,Ford_Fiesta_BJ.2001_in_Blau_met_.euro_4_norm_ca.80_euro_Steuern,privat,Offer,699,control,kleinwagen,2001,manuell,55,fiesta,150000,Sep,Gasoline,ford,No,2016-03-15 00:00:00,47652,2016-03-15 17:52:00,2016,2016,March,March,15,3
2016-03-28 00:54:54,Ford_Fiesta_1.3_Ambiente_TÜV_ganz_neu_/_5Tuerig_/Klima,privat,Offer,3350,control,kleinwagen,2006,manuell,60,fiesta,100000,Dec,Gasoline,ford,No,2016-03-28 00:00:00,33790,2016-04-06 10:17:57,2016,2016,March,March,10,0
2016-03-08 22:49:51,Ford_Fiesta_1.4_Ghia,privat,Offer,4599,test,kleinwagen,2004,automatik,80,fiesta,40000,Jan,Gasoline,ford,No,2016-03-08 00:00:00,21423,2016-04-07 09:17:39,2016,2016,March,March,12,11
2016-03-27 03:01:55,Ford_Fiesta_1.4_TDCI_1st,privat,Offer,2700,test,kleinwagen,2002,manuell,68,fiesta,150000,Nov,Diesel,ford,No,2016-03-27 00:00:00,12353,2016-04-07 05:17:18,2016,2016,March,March,14,1
2016-04-06 16:36:16,Ford_Fiesta_1.4_TDCI_TOP_KLIMA_PARKHILFE,privat,Offer,1999,test,kleinwagen,2004,manuell,68,fiesta,150000,May,Diesel,ford,No,2016-04-06 00:00:00,81925,2016-04-06 16:36:16,2016,2016,April,April,12,7
2016-03-11 09:55:48,Schoener_Fiesta_aus_1.Hand_Klimaanlage__Anhaengerkupplung,privat,Offer,850,control,kleinwagen,1999,manuell,60,fiesta,125000,Jul,Gasoline,ford,No,2016-03-11 00:00:00,18437,2016-03-11 10:47:24,2016,2016,March,March,17,5
2016-04-05 12:53:11,Ford_KA_Baujahr_2003_sucht_Bastler,privat,Offer,200,test,kleinwagen,2003,manuell,60,ka,150000,Mar,Gasoline,ford,Other,2016-04-05 00:00:00,29359,2016-04-05 12:53:11,2016,2016,April,April,13,9
2016-03-22 19:46:14,Ford_Fiesta_1.4_Ambiente,privat,Offer,3480,test,kleinwagen,2006,manuell,80,fiesta,125000,Jun,Gasoline,ford,No,2016-03-22 00:00:00,52428,2016-04-06 12:44:34,2016,2016,March,March,10,6
2016-03-08 10:48:07,Ford_Ka_Tuev_neu!,privat,Offer,999,test,kleinwagen,2000,manuell,60,ka,150000,Oct,Gasoline,ford,No,2016-03-08 00:00:00,97421,2016-04-01 07:16:55,2016,2016,March,March,16,2
2016-03-25 10:36:18,Ford_Fiesta_1.3,privat,Offer,2750,test,kleinwagen,2005,manuell,60,fiesta,125000,Jul,Gasoline,ford,No,2016-03-25 00:00:00,57439,2016-03-28 08:47:36,2016,2016,March,March,11,5
2016-03-20 18:48:56,Ford_Fiesta_1.25_Trend,privat,Offer,5500,test,kleinwagen,2009,manuell,60,fiesta,150000,Jan,Gasoline,ford,No,2016-03-20 00:00:00,30855,2016-04-07 02:44:52,2016,2016,March,March,7,11
2016-04-01 10:49:55,Ford_Fiesta_1.3,privat,Offer,2050,control,kleinwagen,2003,Unspecified,0,fiesta,150000,Jan,Gasoline,ford,No,2016-04-01 00:00:00,64625,2016-04-07 07:17:13,2016,2016,April,April,13,11
2016-03-28 13:42:18,Ford_Fiesta_Style_Ghia,privat,Offer,1100,test,kleinwagen,1998,manuell,60,fiesta,90000,Apr,Gasoline,ford,No,2016-03-28 00:00:00,50169,2016-04-06 16:46:45,2016,2016,March,March,18,8
2016-03-24 17:50:55,Ford_Fiesta_Style_29417_KM_8_Fach_bereift_12/2017_TÜV,privat,Offer,3890,control,kleinwagen,2007,manuell,60,fiesta,30000,Sep,Gasoline,ford,No,2016-03-24 00:00:00,33605,2016-04-05 08:46:00,2016,2016,March,March,9,3
2016-03-29 16:44:29,Ford_Ka_100,privat,Offer,100,control,kleinwagen,1998,Unspecified,0,ka,40000,Jan,,ford,Other,2016-03-29 00:00:00,64347,2016-03-29 16:44:29,2016,2016,March,March,18,11
2016-03-20 12:43:46,Ford_Fiesta_1_4l_Klima_TÜV_01/18_Checkheft_gepflegt,privat,Offer,1999,test,kleinwagen,2003,manuell,80,fiesta,150000,Jul,Gasoline,ford,No,2016-03-20 00:00:00,14163,2016-03-25 11:44:24,2016,2016,March,March,13,5
2016-03-13 18:47:56,Ford_Fiesta_1.3_Viva_X,privat,Offer,3000,test,kleinwagen,2005,manuell,60,fiesta,50000,Aug,Gasoline,ford,No,2016-03-13 00:00:00,19061,2016-03-21 17:47:18,2016,2016,March,March,11,4
2016-03-22 10:41:11,Werkauft_Ford_Fiesta_1.3,privat,Offer,350,control,kleinwagen,1998,manuell,60,fiesta,100000,Jan,,ford,Other,2016-03-22 00:00:00,84036,2016-04-05 21:48:17,2016,2016,March,March,18,11
2016-04-01 13:45:08,Ford_Ka_Royal__VOLLAUSTATTUNG/KLIMA_LEDER_ALU_FUNK_ZV,privat,Offer,1200,test,kleinwagen,2001,manuell,60,ka,150000,Mar,Gasoline,ford,No,2016-04-01 00:00:00,52064,2016-04-03 09:45:10,2016,2016,April,April,15,9
2016-03-25 21:40:31,Ford_Fiesta_Alu_Klima_8_fach_bereift,privat,Offer,1550,test,kleinwagen,2002,manuell,68,fiesta,150000,Jun,Diesel,ford,No,2016-03-25 00:00:00,36037,2016-03-28 21:19:05,2016,2016,March,March,14,6
2016-03-14 05:41:29,Ford_Fiesta_1.4_TDCI__Klima__TÜV_Neu!,privat,Offer,4390,test,kleinwagen,2007,manuell,68,fiesta,70000,Apr,Diesel,ford,No,2016-03-13 00:00:00,33334,2016-03-21 19:18:40,2016,2016,March,March,9,8
2016-03-27 14:58:55,Ford_Fiesta,privat,Offer,400,control,kleinwagen,1995,manuell,0,fiesta,150000,Jan,Gasoline,ford,Other,2016-03-27 00:00:00,41515,2016-03-29 04:15:26,2016,2016,March,March,21,11
2016-03-27 15:44:49,Ford_Fiesta_1.25_Trend,privat,Offer,4888,control,kleinwagen,2009,manuell,82,fiesta,125000,Mar,Gasoline,ford,No,2016-03-27 00:00:00,76646,2016-04-07 12:46:07,2016,2016,March,March,7,9
2016-03-25 22:51:31,Ford_Fiesta_1.25_Trend,privat,Offer,4900,control,kleinwagen,2009,manuell,60,fiesta,125000,Sep,Gasoline,ford,No,2016-03-25 00:00:00,30161,2016-04-05 12:44:53,2016,2016,March,March,7,3
2016-04-04 14:45:55,Ford_fiesta_zum_verkaufen.,privat,Offer,690,test,kleinwagen,1999,manuell,0,fiesta,150000,Jan,Gasoline,ford,Other,2016-04-04 00:00:00,18230,2016-04-06 16:15:44,2016,2016,April,April,17,11
2016-04-06 11:36:17,Unfallwagen_fuer_Bastler,privat,Offer,1200,test,kleinwagen,2009,manuell,0,ka,100000,Feb,Gasoline,ford,Other,2016-04-06 00:00:00,25746,2016-04-06 11:36:17,2016,2016,April,April,7,10
2016-03-15 17:55:04,Ford_fiesta....tuev_neu,privat,Offer,1299,control,kleinwagen,2002,Unspecified,0,Other,150000,Jan,,ford,Other,2016-03-15 00:00:00,27419,2016-03-22 21:49:47,2016,2016,March,March,14,11
2016-03-16 15:52:55,Ford_Fiesta_5_Tuerig_mit_Servo_und_Klima....._TÜV_NEU!!!!,privat,Offer,840,test,kleinwagen,1999,manuell,75,fiesta,20000,Feb,Gasoline,ford,No,2016-03-16 00:00:00,27356,2016-03-16 15:52:55,2016,2016,March,March,17,10
2016-04-02 03:36:43,Ford_Fiesta,privat,Offer,1750,test,kleinwagen,2004,manuell,69,fiesta,150000,Jan,Gasoline,ford,No,2016-04-02 00:00:00,21439,2016-04-06 06:44:35,2016,2016,April,April,12,11
2016-04-04 18:53:52,Ford_Ka_Colour_Line,privat,Offer,1390,test,kleinwagen,2003,manuell,69,ka,90000,Aug,Gasoline,ford,No,2016-04-04 00:00:00,27607,2016-04-06 21:16:14,2016,2016,April,April,13,4
2016-03-14 15:46:48,Ford_KA_Lufthansa_Edition,privat,Offer,1500,control,kleinwagen,1997,manuell,60,ka,30000,Oct,Gasoline,ford,No,2016-03-14 00:00:00,44625,2016-03-27 20:46:44,2016,2016,March,March,19,2
2016-03-29 11:52:35,Ford_Fiesta_5_Tuerer_Klima_Sitzheizung_68000km_Scheckheft,privat,Offer,2500,test,kleinwagen,2005,manuell,60,Other,70000,May,Gasoline,ford,Other,2016-03-29 00:00:00,12051,2016-03-29 11:52:35,2016,2016,March,March,11,7
2016-03-17 14:48:07,Ford_Fiesta,privat,Offer,0,control,kleinwagen,1996,manuell,0,fiesta,100000,Nov,Gasoline,ford,Yes,2016-03-17 00:00:00,58644,2016-04-06 21:17:41,2016,2016,March,March,20,1
2016-03-05 14:50:02,Ford_ka__mit_TÜV__Klima,privat,Offer,500,control,kleinwagen,2001,manuell,0,ka,150000,Jan,Gasoline,ford,Other,2016-03-05 00:00:00,81245,2016-03-05 17:45:48,2016,2016,March,March,15,11
2016-04-02 10:47:48,Ford_Ka,privat,Offer,4450,test,kleinwagen,2003,manuell,60,ka,30000,Jan,Gasoline,ford,No,2016-04-02 00:00:00,53894,2016-04-06 08:44:54,2016,2016,April,April,13,11
2016-03-12 17:41:52,Ford_Fusion_1.6_Viva,privat,Offer,2750,test,kleinwagen,2003,manuell,101,fusion,150000,Oct,Gasoline,ford,No,2016-03-12 00:00:00,70734,2016-04-07 08:45:27,2016,2016,March,March,13,2
2016-03-10 00:52:27,Ford_Fusion_1.4_Trend,privat,Offer,1850,control,kleinwagen,2003,automatik,80,fusion,100000,Mar,Gasoline,ford,No,2016-03-09 00:00:00,21509,2016-03-18 02:46:59,2016,2016,March,March,13,9
2016-03-26 17:53:28,Stop_gut_auto_ford_ka_2008_Tuf_2018,privat,Offer,1699,control,kleinwagen,2008,manuell,0,ka,125000,Jan,Gasoline,ford,No,2016-03-26 00:00:00,78467,2016-04-06 06:46:12,2016,2016,March,March,8,11
2016-03-23 17:57:06,Kleinwagen_Ford_Fiesta,privat,Offer,1999,control,kleinwagen,2004,manuell,69,fiesta,150000,Jan,Gasoline,ford,No,2016-03-23 00:00:00,99887,2016-04-05 22:18:10,2016,2016,March,March,12,11
2016-04-04 12:56:13,Ford__Ka_ohne_TÜV,privat,Offer,0,control,kleinwagen,2000,manuell,220,ka,80000,Apr,Gasoline,ford,Other,2016-04-04 00:00:00,63322,2016-04-06 14:16:20,2016,2016,April,April,16,8
2016-03-10 15:48:13,Ford_Fiesta_Silber_Klima_Heizung_HU_12/2017,privat,Offer,1599,test,kleinwagen,2002,manuell,75,Other,150000,Jan,Gasoline,ford,Other,2016-03-10 00:00:00,31655,2016-03-20 00:16:46,2016,2016,March,March,14,11
2016-03-15 09:53:20,Guenstiger_Kleinwagen,privat,Offer,1390,control,kleinwagen,2004,manuell,60,fiesta,150000,May,Gasoline,ford,Other,2016-03-15 00:00:00,79862,2016-04-05 19:16:41,2016,2016,March,March,12,7
2016-03-20 14:55:07,Ford_Fiesta_1.3___60PS___Bj_2002___Klima___Servo,privat,Offer,0,test,kleinwagen,2002,manuell,60,fiesta,150000,Mar,Gasoline,ford,Other,2016-03-20 00:00:00,33659,2016-04-06 18:45:23,2016,2016,March,March,14,9
2016-03-23 18:00:17,Ford_Fiesta//75_PS//Bj._1999//TÜV_bis_10/17,privat,Offer,650,control,kleinwagen,1999,manuell,75,fiesta,150000,Nov,Gasoline,ford,Yes,2016-03-23 00:00:00,77746,2016-03-26 11:46:21,2016,2016,March,March,17,1
2016-03-15 22:41:49,Ford_Ka_Sondermodell_D2_Call_Ya,privat,Offer,949,control,kleinwagen,1999,manuell,60,ka,150000,Sep,Gasoline,ford,No,2016-03-15 00:00:00,45527,2016-04-07 07:17:41,2016,2016,March,March,17,3
